"Date","Price","Open","High","Low","Vol.","Change %"
"07/13/2026","168.56","168.50","171.10","167.15","408.99K","-0.52%"
"07/10/2026","169.44","167.97","171.50","167.27","510.17K","+1.33%"
"07/09/2026","167.22","165.34","168.60","165.02","323.40K","+1.33%"
"07/08/2026","165.03","169.95","170.55","164.24","573.77K","-3.35%"
"07/07/2026","170.75","174.59","174.59","170.20","552.86K","-1.72%"
"07/06/2026","173.74","175.00","175.62","172.50","314.18K","-0.59%"
"07/03/2026","174.77","177.50","178.00","174.06","850.66K","-0.87%"
"07/02/2026","176.31","176.10","177.18","174.82","295.34K","+0.28%"
"07/01/2026","175.82","176.75","179.69","173.50","537.47K","+0.54%"
"06/30/2026","174.87","175.45","176.90","173.68","437.01K","+0.20%"
"06/29/2026","174.52","175.10","179.29","173.76","1.09M","-0.98%"
"06/25/2026","176.25","183.65","184.07","175.10","832.37K","-4.03%"
"06/24/2026","183.65","180.24","186.20","178.25","1.66M","+2.17%"
"06/23/2026","179.75","181.00","186.60","178.51","2.14M","+0.28%"
"06/22/2026","179.24","176.50","180.80","176.30","1.29M","+2.08%"
"06/19/2026","175.58","176.81","176.81","174.05","978.93K","-0.92%"
"06/18/2026","177.21","173.50","178.40","173.25","2.25M","+2.40%"
"06/17/2026","173.06","171.60","174.99","169.26","9.19M","+1.39%"
"06/16/2026","170.69","174.00","174.59","170.00","1.29M","-1.34%"
"06/15/2026","173.00","175.00","177.50","172.50","683.63K","-0.01%"
"06/12/2026","173.02","170.00","173.80","168.60","545.31K","+2.59%"
"06/11/2026","168.66","171.00","171.00","168.00","223.23K","-1.37%"
"06/10/2026","171.00","173.95","174.83","170.00","328.09K","-1.17%"
"06/09/2026","173.03","168.94","173.85","168.94","422.86K","+2.45%"
"06/08/2026","168.90","171.90","172.39","168.02","335.27K","-2.33%"
"06/05/2026","172.93","173.80","175.33","171.71","374.83K","-0.01%"
"06/04/2026","172.94","174.60","177.19","171.97","445.51K","-1.58%"
"06/03/2026","175.71","176.80","177.46","172.82","341.63K","-0.21%"
"06/02/2026","176.08","176.50","177.57","174.00","585.99K","-1.06%"
"06/01/2026","177.97","185.50","185.50","175.00","1.04M","-4.43%"
"05/29/2026","186.22","194.70","196.78","183.20","2.12M","-2.98%"
"05/27/2026","191.93","188.60","200.40","188.50","31.81M","+7.74%"
"05/26/2026","178.14","176.53","182.00","174.00","720.64K","+1.41%"
"05/25/2026","175.66","173.60","179.00","172.40","464.00K","+1.47%"
"05/22/2026","173.11","170.79","176.40","168.99","501.86K","+2.34%"
"05/21/2026","169.16","168.00","173.75","168.00","377.90K","+0.99%"
"05/20/2026","167.50","165.00","167.96","162.69","282.13K","+0.99%"
"05/19/2026","165.86","163.90","167.98","163.90","170.46K","+1.38%"
"05/18/2026","163.61","164.65","165.45","160.17","270.64K","-1.42%"
"05/15/2026","165.97","169.09","169.50","165.62","176.52K","-1.85%"
"05/14/2026","169.09","170.50","172.44","167.00","200.53K","-0.17%"
"05/13/2026","169.38","168.89","171.20","167.05","205.00K","+0.74%"
"05/12/2026","168.13","173.65","174.48","167.21","283.47K","-3.69%"
"05/11/2026","174.58","178.00","178.00","173.41","304.35K","-1.84%"
"05/08/2026","177.85","177.25","180.48","177.19","371.27K","+0.24%"
"05/07/2026","177.42","177.00","178.99","176.01","477.26K","+0.37%"
"05/06/2026","176.76","175.95","177.28","173.51","319.53K","+1.14%"
"05/05/2026","174.77","173.65","175.95","172.15","361.69K","+0.66%"
"05/04/2026","173.63","172.84","176.00","172.50","328.59K","+0.46%"
"04/30/2026","172.84","174.85","176.94","171.60","228.76K","-1.23%"
"04/29/2026","175.00","176.01","178.07","174.43","307.73K","-0.42%"
"04/28/2026","175.73","175.36","177.78","174.53","267.73K","+0.21%"
"04/27/2026","175.36","173.07","176.65","172.60","286.19K","+1.83%"
"04/24/2026","172.21","175.50","176.01","171.21","206.69K","-1.73%"
"04/23/2026","175.25","177.50","178.93","174.59","327.43K","-1.59%"
"04/22/2026","178.09","176.01","178.95","175.05","398.73K","+1.71%"
"04/21/2026","175.09","172.77","179.59","172.77","571.07K","+0.73%"
"04/20/2026","173.82","177.50","178.00","171.51","657.29K","-0.44%"
"04/17/2026","174.59","173.30","176.34","171.79","684.55K","+1.04%"
"04/16/2026","172.80","173.99","174.50","171.13","491.98K","+0.19%"
"04/15/2026","172.48","167.50","173.30","167.12","687.73K","+4.46%"
"04/13/2026","165.11","162.00","166.85","159.10","663.40K","+0.22%"
"04/10/2026","164.74","163.60","166.90","162.54","670.25K","+1.69%"
"04/09/2026","162.01","164.00","167.56","161.05","803.04K","-1.16%"
"04/08/2026","163.91","166.00","166.00","161.12","648.69K","+3.13%"
"04/07/2026","158.94","159.31","160.82","158.30","243.82K","-0.47%"
"04/06/2026","159.69","159.27","160.20","157.50","436.28K","+0.38%"
"04/02/2026","159.08","156.00","160.20","152.68","504.06K","+0.02%"
"04/01/2026","159.05","153.40","160.50","152.02","701.16K","+6.07%"
"03/30/2026","149.95","155.05","159.39","147.54","1.50M","-4.88%"
"03/27/2026","157.64","162.45","162.88","156.11","3.81M","-2.97%"
"03/25/2026","162.47","162.66","167.37","159.51","1.37M","+1.27%"
"03/24/2026","160.44","170.00","171.00","159.60","1.80M","-4.60%"
"03/23/2026","168.17","171.30","172.96","166.01","691.19K","-3.70%"
"03/20/2026","174.63","174.20","176.44","173.50","590.18K","-0.06%"
"03/19/2026","174.73","176.18","176.28","170.15","406.21K","-1.58%"
"03/18/2026","177.54","176.99","180.83","175.20","612.60K","+0.83%"
"03/17/2026","176.08","180.70","181.86","175.50","428.89K","-2.31%"
"03/16/2026","180.25","184.10","184.10","174.50","504.49K","-2.26%"
"03/13/2026","184.42","187.10","187.10","181.81","496.49K","-2.07%"
"03/12/2026","188.31","184.00","190.36","182.22","1.03M","+1.56%"
"03/11/2026","185.41","189.72","192.40","184.57","1.48M","+0.03%"
"03/10/2026","185.35","184.35","188.37","180.41","563.60K","+2.36%"
"03/09/2026","181.07","181.00","183.71","178.35","426.08K","-3.41%"
"03/06/2026","187.47","186.05","190.62","184.08","455.40K","+0.69%"
"03/05/2026","186.19","180.00","186.95","179.80","481.34K","+3.55%"
"03/04/2026","179.80","177.28","180.80","176.10","473.20K","-0.30%"
"03/02/2026","180.35","173.70","182.00","173.70","533.25K","-2.65%"
"02/27/2026","185.25","185.15","185.90","181.80","228.06K","+0.07%"
"02/26/2026","185.12","184.16","185.50","183.46","133.35K","+0.52%"
"02/25/2026","184.16","183.95","185.48","181.40","352.33K","+0.83%"
"02/24/2026","182.65","185.80","186.11","181.83","281.20K","-2.15%"
"02/23/2026","186.66","190.30","190.58","184.84","320.67K","-1.70%"
"02/20/2026","189.89","188.42","190.60","182.50","1.13M","+1.34%"
"02/19/2026","187.37","191.16","192.66","186.00","438.06K","-2.06%"
"02/18/2026","191.31","190.90","193.70","190.50","428.09K","+0.16%"
"02/17/2026","191.01","188.70","193.00","187.81","638.73K","+1.10%"
"02/16/2026","188.93","187.00","191.40","185.11","383.39K","+0.11%"
"02/13/2026","188.73","190.00","192.35","186.10","985.26K","-1.36%"
"02/12/2026","191.34","181.00","197.80","180.21","9.66M","+5.41%"
"02/11/2026","181.52","178.99","183.00","177.19","513.54K","+1.41%"
"02/10/2026","178.99","179.00","181.94","178.03","287.31K","+0.17%"
"02/09/2026","178.68","172.03","179.80","172.03","431.85K","+3.87%"
"02/06/2026","172.03","172.59","174.29","171.10","333.32K","-1.52%"
"02/05/2026","174.69","177.00","177.92","173.10","223.24K","-1.97%"
"02/04/2026","178.20","176.00","178.89","175.14","424.67K","+0.88%"
"02/03/2026","176.64","177.01","179.69","173.40","469.01K","+0.97%"
"02/02/2026","174.94","173.75","175.90","170.01","272.27K","-0.03%"
"02/01/2026","174.99","176.99","181.70","171.90","412.87K","-0.82%"
"01/30/2026","176.43","171.00","177.00","169.31","353.19K","+2.24%"
"01/29/2026","172.57","172.10","173.51","170.70","144.23K","-0.21%"
"01/28/2026","172.93","170.08","174.00","169.53","188.08K","+1.68%"
"01/27/2026","170.08","172.00","173.74","168.44","393.06K","-2.12%"
"01/23/2026","173.77","174.00","176.36","172.10","315.55K","-0.82%"
"01/22/2026","175.21","174.99","177.25","173.58","167.52K","+0.59%"
"01/21/2026","174.18","174.00","176.00","172.20","515.35K","-0.89%"
"01/20/2026","175.74","176.13","178.79","174.21","724.27K","-0.22%"
"01/19/2026","176.13","175.00","176.50","173.81","187.12K","-0.30%"
"01/16/2026","176.66","175.00","176.95","174.90","246.01K","+0.66%"
"01/14/2026","175.51","173.15","177.00","173.05","228.13K","+0.86%"
"01/13/2026","174.01","174.00","174.87","172.17","160.44K","+0.49%"
"01/12/2026","173.17","172.21","174.30","169.63","301.36K","-0.47%"
"01/09/2026","173.99","173.50","177.10","173.50","449.81K","-1.76%"
"01/08/2026","177.10","179.59","180.63","175.10","377.34K","-1.37%"
"01/07/2026","179.56","180.05","180.99","178.60","229.01K","-0.61%"
"01/06/2026","180.66","183.01","183.01","179.31","359.53K","-1.58%"
"01/05/2026","183.56","177.40","185.10","177.40","1.51M","+2.83%"
"01/02/2026","178.51","177.50","178.96","175.81","511.47K","+1.56%"
"01/01/2026","175.77","175.00","175.90","172.73","317.06K","+1.01%"
"12/31/2025","174.01","171.00","175.26","170.61","446.12K","+1.88%"
"12/30/2025","170.80","170.46","171.54","168.31","906.89K","-0.22%"
"12/29/2025","171.18","169.30","172.84","169.27","632.65K","+0.81%"
"12/26/2025","169.81","169.79","170.66","167.93","278.76K","+0.51%"
"12/24/2025","168.95","168.75","170.60","168.10","395.65K","+0.17%"
"12/23/2025","168.67","167.99","168.92","166.94","248.10K","+0.53%"
"12/22/2025","167.78","167.00","169.97","167.00","343.34K","+0.96%"
"12/19/2025","166.18","165.07","166.90","164.55","246.68K","+0.70%"
"12/18/2025","165.02","164.32","165.50","162.11","311.33K","+0.30%"
"12/17/2025","164.52","167.14","168.69","164.00","271.27K","-1.57%"
"12/16/2025","167.14","165.00","167.80","164.00","675.51K","+1.16%"
"12/15/2025","165.22","165.45","166.95","164.52","589.78K","-0.22%"
"12/12/2025","165.59","166.80","167.21","164.28","262.40K","+0.10%"
"12/11/2025","165.43","163.10","165.90","162.63","738.91K","+1.24%"
"12/10/2025","163.40","165.50","170.90","162.30","1.15M","-1.42%"
"12/09/2025","165.76","164.75","166.90","162.26","1.06M","+0.35%"
"12/08/2025","165.19","169.24","169.25","164.84","661.68K","-2.33%"
"12/05/2025","169.13","169.99","170.48","167.26","712.11K","-0.79%"
"12/04/2025","170.48","172.26","173.09","169.10","1.05M","-1.03%"
"12/03/2025","172.26","175.00","176.24","171.00","909.75K","-1.46%"
"12/02/2025","174.82","175.51","177.38","173.74","747.04K","-0.85%"
"12/01/2025","176.31","178.80","180.30","175.80","583.86K","-1.35%"
"11/28/2025","178.73","180.71","180.85","177.22","404.79K","-1.10%"
"11/27/2025","180.71","185.34","186.20","179.20","882.07K","-2.06%"
"11/26/2025","184.51","186.97","186.97","182.96","709.75K","-0.33%"
"11/25/2025","185.12","182.82","185.90","181.28","414.78K","+1.26%"
"11/24/2025","182.82","180.76","183.50","178.46","1.44M","+0.60%"
"11/21/2025","181.73","179.67","185.61","177.70","352.32K","+0.99%"
"11/20/2025","179.95","183.50","183.99","179.00","814.19K","-1.90%"
"11/19/2025","183.43","184.29","185.10","179.70","924.94K","-0.90%"
"11/18/2025","185.09","186.16","186.90","184.40","349.01K","-1.04%"
"11/17/2025","187.03","186.50","187.97","186.30","308.45K","-0.54%"
"11/14/2025","188.04","185.65","190.90","184.80","1.23M","+0.48%"
"11/13/2025","187.14","186.21","187.70","184.51","674.51K","+0.50%"
"11/12/2025","186.21","187.75","189.00","185.20","471.64K","-0.75%"
"11/11/2025","187.61","188.98","189.25","184.10","513.33K","-0.63%"
"11/10/2025","188.79","191.00","194.50","185.71","1.69M","+1.91%"
"11/07/2025","185.26","182.00","186.95","181.50","353.98K","+1.63%"
"11/06/2025","182.29","188.20","188.30","181.76","592.01K","-3.21%"
"11/04/2025","188.33","188.50","188.67","186.02","381.89K","+0.13%"
"11/03/2025","188.08","188.10","188.60","186.88","279.06K","+0.04%"
"10/31/2025","188.01","189.89","190.00","187.54","687.16K","-0.99%"
"10/30/2025","189.89","191.80","191.95","189.00","307.50K","-0.59%"
"10/29/2025","191.01","190.10","191.48","188.30","410.22K","+0.40%"
"10/28/2025","190.24","190.18","191.31","189.00","189.32K","+0.03%"
"10/27/2025","190.18","189.99","190.70","188.00","388.18K","+0.59%"
"10/24/2025","189.07","189.85","190.85","188.50","350.86K","-0.48%"
"10/23/2025","189.98","191.77","192.17","189.60","1.13M","-0.91%"
"10/21/2025","191.72","191.91","193.16","191.10","109.32K","+0.40%"
"10/20/2025","190.96","191.79","191.80","189.85","411.06K","-0.02%"
"10/17/2025","190.99","191.01","193.27","190.25","528.72K","-0.01%"
"10/16/2025","191.01","192.90","194.48","190.60","556.76K","-0.41%"
"10/15/2025","191.80","190.40","192.89","189.67","511.38K","+0.74%"
"10/14/2025","190.40","191.20","193.99","189.48","596.38K","-0.18%"
"10/13/2025","190.74","190.80","192.60","190.21","249.20K","-1.14%"
"10/10/2025","192.94","194.30","195.12","192.45","408.84K","-0.57%"
"10/09/2025","194.04","195.10","195.65","192.10","498.46K","-0.37%"
"10/08/2025","194.77","195.10","198.10","193.97","526.65K","-0.40%"
"10/07/2025","195.56","200.00","200.28","195.01","779.64K","-1.94%"
"10/06/2025","199.43","205.89","205.89","199.00","635.40K","-3.14%"
"10/03/2025","205.89","200.20","206.69","199.67","547.47K","+3.25%"
"10/01/2025","199.40","200.50","203.09","197.12","670.69K","-0.35%"
"09/30/2025","200.10","200.00","203.96","198.96","549.10K","-0.34%"
"09/29/2025","200.78","208.95","209.44","199.57","890.47K","-3.58%"
"09/26/2025","208.23","211.91","212.00","204.40","842.10K","-1.84%"
"09/25/2025","212.13","210.45","214.16","208.77","367.89K","+0.83%"
"09/24/2025","210.39","211.42","212.65","209.53","302.69K","-0.52%"
"09/23/2025","211.49","216.00","216.25","211.00","338.84K","-2.13%"
"09/22/2025","216.09","216.92","218.00","214.30","619.31K","-0.38%"
"09/19/2025","216.92","216.20","219.16","215.33","792.81K","+0.33%"
"09/18/2025","216.20","217.69","218.55","215.07","642.10K","-0.68%"
"09/17/2025","217.69","220.29","220.80","217.00","697.52K","-0.68%"
"09/16/2025","219.17","221.02","222.23","216.30","1.03M","-0.72%"
"09/15/2025","220.76","216.00","222.50","214.06","1.63M","+2.37%"
"09/12/2025","215.65","213.14","216.90","212.26","1.48M","+1.69%"
"09/11/2025","212.07","208.46","214.60","208.46","306.48K","+1.48%"
"09/10/2025","208.97","210.00","212.70","208.32","334.64K","-0.19%"
"09/09/2025","209.36","210.59","212.10","208.55","219.47K","-0.58%"
"09/08/2025","210.58","213.73","214.14","209.80","265.55K","-1.47%"
"09/05/2025","213.73","216.20","217.99","210.15","870.85K","-2.05%"
"09/04/2025","218.20","218.05","219.38","214.72","456.95K","+0.07%"
"09/03/2025","218.05","217.77","221.00","215.89","919.37K","+0.48%"
"09/02/2025","217.01","215.00","218.20","212.20","760.51K","+1.40%"
"09/01/2025","214.01","213.50","216.88","209.86","1.38M","+0.99%"
"08/29/2025","211.92","207.80","212.25","207.60","620.81K","+1.97%"
"08/28/2025","207.82","207.50","208.77","205.00","422.36K","-0.63%"
"08/26/2025","209.13","211.00","211.72","206.64","564.14K","-1.41%"
"08/25/2025","212.13","212.40","214.98","210.59","1.26M","+0.19%"
"08/22/2025","211.72","208.10","215.30","204.10","1.77M","+1.74%"
"08/21/2025","208.10","205.99","210.00","204.36","907.57K","+2.48%"
"08/20/2025","203.07","205.82","208.82","202.00","458.75K","-1.34%"
"08/19/2025","205.82","199.55","206.93","197.06","1.10M","+3.75%"
"08/18/2025","198.39","188.30","199.50","188.30","1.08M","+5.74%"
"08/14/2025","187.62","189.99","192.15","186.25","395.76K","-1.58%"
"08/13/2025","190.64","191.29","192.33","189.67","169.46K","-0.34%"
"08/12/2025","191.29","189.69","192.91","188.10","845.19K","+1.00%"
"08/11/2025","189.39","189.90","190.00","185.81","408.88K","+0.22%"
"08/08/2025","188.98","190.00","191.75","185.92","526.12K","-0.06%"
"08/07/2025","189.09","195.00","195.00","186.22","650.84K","-3.18%"
"08/06/2025","195.31","196.00","197.02","192.18","343.79K","-0.83%"
"08/05/2025","196.94","198.00","199.37","195.51","418.69K","-0.53%"
"08/04/2025","197.99","197.86","199.50","192.66","967.41K","-1.36%"
"08/01/2025","200.72","205.00","207.69","200.00","555.35K","-2.69%"
"07/31/2025","206.26","207.00","214.51","203.50","1.06M","-3.08%"
"07/30/2025","212.81","209.00","220.00","208.43","1.14M","+1.66%"
"07/29/2025","209.33","206.92","209.79","204.62","420.74K","+0.85%"
"07/28/2025","207.57","208.01","210.29","205.01","765.42K","-0.55%"
"07/25/2025","208.72","210.00","210.99","205.75","805.98K","-1.62%"
"07/24/2025","212.16","208.90","214.71","207.09","1.56M","+2.03%"
"07/23/2025","207.93","202.50","209.89","202.50","1.37M","+3.05%"
"07/22/2025","201.78","206.30","207.63","201.00","1.22M","-2.09%"
"07/21/2025","206.09","210.95","210.96","205.50","1.00M","-2.32%"
"07/18/2025","210.98","215.54","215.54","210.06","368.18K","-1.72%"
"07/17/2025","214.68","213.78","215.15","212.06","511.26K","+0.18%"
"07/16/2025","214.30","208.98","216.59","208.56","1.69M","+2.87%"
"07/15/2025","208.32","205.12","208.80","204.42","501.16K","+1.66%"
"07/14/2025","204.91","205.70","206.90","203.49","368.87K","-0.26%"
"07/11/2025","205.44","205.26","207.65","204.49","389.89K","+0.08%"
"07/10/2025","205.27","204.79","206.01","203.60","352.82K","+0.45%"
"07/09/2025","204.36","206.20","207.90","203.48","674.39K","-0.88%"
"07/08/2025","206.18","205.99","208.20","204.12","714.61K","+0.59%"
"07/07/2025","204.97","210.89","212.68","204.00","916.85K","-2.91%"
"07/04/2025","211.12","212.75","214.45","209.54","582.75K","-0.74%"
"07/03/2025","212.69","214.25","215.19","211.63","618.74K","-0.23%"
"07/02/2025","213.18","216.70","216.70","211.75","582.98K","-1.65%"
"07/01/2025","216.76","218.19","219.50","215.00","550.17K","-0.58%"
"06/30/2025","218.03","218.00","220.15","215.31","904.06K","+0.51%"
"06/27/2025","216.92","218.10","219.69","216.25","609.84K","-0.38%"
"06/26/2025","217.74","216.95","219.00","215.92","571.49K","+0.46%"
"06/25/2025","216.75","216.50","219.30","215.55","778.28K","+0.32%"
"06/24/2025","216.05","215.00","218.26","214.50","1.08M","+1.27%"
"06/23/2025","213.35","213.74","215.90","211.20","1.07M","-0.91%"
"06/20/2025","215.32","221.25","221.94","214.50","2.35M","-2.68%"
"06/19/2025","221.25","232.01","232.53","220.00","2.52M","-4.85%"
"06/18/2025","232.53","227.21","238.00","225.16","6.29M","+1.88%"
"06/17/2025","228.24","223.20","234.00","222.50","4.25M","+2.57%"
"06/16/2025","222.53","222.78","224.34","216.55","944.93K","-0.11%"
"06/13/2025","222.78","211.11","226.90","210.00","2.83M","+2.45%"
"06/12/2025","217.45","225.10","226.00","216.23","726.20K","-3.26%"
"06/11/2025","224.77","222.69","226.00","220.51","922.80K","+1.40%"
"06/10/2025","221.66","218.40","227.79","217.74","2.55M","+1.40%"
"06/09/2025","218.61","218.90","223.93","216.31","1.32M","+0.23%"
"06/06/2025","218.11","215.05","219.38","212.18","1.09M","+1.60%"
"06/05/2025","214.68","217.01","218.50","214.10","541.96K","-0.98%"
"06/04/2025","216.81","220.00","220.00","213.38","737.72K","+0.16%"
"06/03/2025","216.46","217.90","221.01","215.51","1.05M","+0.12%"
"06/02/2025","216.20","218.10","220.07","215.45","569.12K","-0.90%"
"05/30/2025","218.16","218.22","220.30","217.01","836.32K","-0.02%"
"05/29/2025","218.20","222.50","222.65","217.61","1.16M","-1.73%"
"05/28/2025","222.04","224.74","226.65","221.25","1.44M","-1.20%"
"05/27/2025","224.74","224.05","231.80","215.19","8.97M","+0.55%"
"05/26/2025","223.51","208.00","229.50","207.21","19.63M","+6.96%"
"05/23/2025","208.96","197.05","217.00","194.31","9.02M","+6.75%"
"05/22/2025","195.74","188.98","199.70","188.22","3.59M","+3.03%"
"05/21/2025","189.98","189.00","191.51","187.75","530.49K","+0.56%"
"05/20/2025","188.93","193.05","194.29","188.05","690.84K","-2.00%"
"05/19/2025","192.78","192.99","195.70","189.89","1.20M","+0.63%"
"05/16/2025","191.57","191.60","192.99","190.00","938.67K","+0.44%"
"05/15/2025","190.74","191.00","194.80","188.54","2.35M","+1.09%"
"05/14/2025","188.68","184.10","190.54","182.55","1.49M","+2.90%"
"05/13/2025","183.37","183.95","185.70","181.24","1.06M","-0.59%"
"05/12/2025","184.46","178.40","185.70","178.01","1.60M","+6.88%"
"05/09/2025","172.58","170.00","174.59","170.00","630.83K","-1.04%"
"05/08/2025","174.40","179.03","182.25","173.30","1.38M","-2.62%"
"05/07/2025","179.10","169.01","180.30","169.01","1.94M","+4.70%"
"05/06/2025","171.06","177.00","177.90","170.35","1.86M","-3.57%"
"05/05/2025","177.39","179.00","179.01","175.74","536.49K","+0.17%"
"05/02/2025","177.09","174.48","178.45","172.20","1.74M","+1.50%"
"04/30/2025","174.48","176.66","182.93","173.20","1.70M","-1.23%"
"04/29/2025","176.66","177.77","179.40","175.73","697.97K","-0.25%"
"04/28/2025","177.11","171.99","177.49","171.99","994.30K","+3.02%"
"04/25/2025","171.91","176.05","178.25","168.88","1.77M","-2.45%"
"04/24/2025","176.22","174.99","177.49","172.61","3.43M","+0.66%"
"04/23/2025","175.07","178.80","179.00","173.29","1.13M","-1.34%"
"04/22/2025","177.45","178.11","179.25","176.15","1.21M","-0.14%"
"04/21/2025","177.69","177.03","178.98","171.90","3.63M","+1.33%"
"04/17/2025","175.35","176.20","178.24","173.70","1.08M","-0.30%"
"04/16/2025","175.87","180.06","181.88","175.01","1.22M","-2.23%"
"04/15/2025","179.88","174.99","182.00","173.00","1.19M","+4.59%"
"04/11/2025","171.98","174.30","175.40","170.03","864.11K","+2.68%"
"04/09/2025","167.49","173.90","173.90","167.10","1.15M","-3.14%"
"04/08/2025","172.92","177.80","180.65","172.61","681.15K","-1.55%"
"04/07/2025","175.65","154.80","176.19","153.92","1.61M","-0.73%"
"04/04/2025","176.95","181.50","182.08","175.95","1.02M","-2.86%"
"04/03/2025","182.16","177.90","182.70","177.41","548.34K","+1.87%"
"04/02/2025","178.81","177.99","179.70","174.30","471.52K","+0.64%"
"04/01/2025","177.68","178.83","181.24","177.03","574.62K","-1.25%"
"03/28/2025","179.93","180.00","182.00","173.00","1.27M","-0.08%"
"03/27/2025","180.07","175.91","181.85","173.06","2.05M","+2.36%"
"03/26/2025","175.91","182.46","182.46","175.00","1.54M","-2.88%"
"03/25/2025","181.12","186.60","187.30","179.10","1.90M","-2.29%"
"03/24/2025","185.37","181.99","197.00","181.10","26.15M","+6.47%"
"03/21/2025","174.10","176.50","177.76","173.26","1.23M","-0.50%"
"03/20/2025","174.97","176.31","178.75","173.50","990.13K","-0.41%"
"03/19/2025","175.69","177.88","178.09","174.70","975.36K","-0.81%"
"03/18/2025","177.13","170.00","178.70","168.82","800.23K","+5.57%"
"03/17/2025","167.79","175.79","175.85","166.80","740.49K","-4.06%"
"03/13/2025","174.89","174.00","175.50","170.63","574.08K","+1.51%"
"03/12/2025","172.29","175.50","178.44","169.62","873.58K","-1.22%"
"03/11/2025","174.42","171.10","181.21","171.10","854.54K","-2.21%"
"03/10/2025","178.36","182.00","183.40","176.90","400.03K","-2.05%"
"03/07/2025","182.10","181.00","184.00","180.60","639.55K","+0.90%"
"03/06/2025","180.48","182.40","185.62","179.35","554.51K","-0.20%"
"03/05/2025","180.84","175.95","181.50","175.75","385.48K","+3.24%"
"03/04/2025","175.16","170.71","177.00","168.94","428.84K","+0.86%"
"03/03/2025","173.67","172.51","175.00","166.80","656.66K","+1.69%"
"02/28/2025","170.79","172.25","175.60","169.72","559.40K","-2.82%"
"02/27/2025","175.75","179.30","180.45","172.30","620.08K","-1.23%"
"02/25/2025","177.93","183.55","185.19","176.65","436.87K","-2.26%"
"02/24/2025","182.04","186.21","186.22","180.81","325.19K","-2.37%"
"02/21/2025","186.46","187.15","192.65","185.10","401.23K","-1.31%"
"02/20/2025","188.93","186.80","191.70","184.54","455.67K","+1.41%"
"02/19/2025","186.31","181.26","188.34","179.52","471.02K","+2.79%"
"02/18/2025","181.26","186.00","187.53","180.10","599.87K","-2.83%"
"02/17/2025","186.54","190.83","192.99","185.55","718.61K","-1.92%"
"02/14/2025","190.20","203.49","209.50","188.21","2.68M","-5.21%"
"02/13/2025","200.65","196.00","205.00","193.86","1.17M","+3.05%"
"02/12/2025","194.71","192.00","195.80","185.05","730.07K","+1.49%"
"02/11/2025","191.86","196.90","197.44","187.71","637.45K","-1.62%"
"02/10/2025","195.01","198.45","198.99","192.81","433.42K","-1.00%"
"02/07/2025","196.98","200.00","201.60","196.55","880.31K","-1.82%"
"02/06/2025","200.63","203.01","206.30","198.83","785.93K","-1.14%"
"02/05/2025","202.95","210.05","212.20","202.40","844.75K","-2.53%"
"02/04/2025","208.21","203.63","209.80","202.79","621.34K","+3.25%"
"02/03/2025","201.65","203.00","205.30","200.05","391.57K","-0.57%"
"02/01/2025","202.80","206.50","209.90","201.13","379.53K","-1.17%"
"01/31/2025","205.20","202.50","206.65","202.15","413.00K","+1.51%"
"01/30/2025","202.15","204.85","210.00","200.70","681.75K","-1.29%"
"01/29/2025","204.80","201.10","207.45","201.00","490.81K","+2.40%"
"01/28/2025","200.00","204.10","207.00","195.10","689.77K","-1.48%"
"01/27/2025","203.00","204.05","204.85","198.25","628.04K","-2.78%"
"01/24/2025","208.80","212.00","213.50","207.15","843.97K","-1.07%"
"01/23/2025","211.05","206.35","214.85","204.55","1.97M","+1.98%"
"01/22/2025","206.95","212.10","213.85","205.00","674.44K","-2.04%"
"01/21/2025","211.25","211.80","219.50","207.50","1.77M","+0.48%"
"01/20/2025","210.25","209.65","212.05","207.35","1.11M","+1.11%"
"01/17/2025","207.95","210.10","210.80","205.65","793.87K","-0.76%"
"01/16/2025","209.55","210.35","215.50","206.00","1.23M","-0.07%"
"01/15/2025","209.70","209.90","213.55","207.75","842.79K","+1.33%"
"01/14/2025","206.95","209.00","212.70","204.55","1.56M","-0.12%"
"01/13/2025","207.20","219.10","219.10","205.00","1.21M","-5.69%"
"01/10/2025","219.70","225.00","225.55","217.00","1.15M","-2.64%"
"01/09/2025","225.65","232.80","233.40","224.30","1.13M","-3.01%"
"01/08/2025","232.65","241.95","241.95","231.55","875.91K","-3.08%"
"01/07/2025","240.05","248.00","249.80","239.50","797.61K","-2.75%"
"01/06/2025","246.85","249.60","249.90","241.05","860.27K","-0.70%"
"01/03/2025","248.60","250.20","254.50","247.10","685.66K","-0.04%"
"01/02/2025","248.70","250.00","252.65","246.30","607.70K","-0.04%"
"01/01/2025","248.80","253.40","255.10","248.05","690.21K","-1.09%"
"12/31/2024","251.55","243.35","254.75","239.55","1.25M","+3.33%"
"12/30/2024","243.45","254.75","254.75","241.60","2.79M","-4.92%"
"12/27/2024","256.05","238.30","266.40","238.05","43.29M","+7.86%"
"12/26/2024","237.40","241.80","241.90","236.10","218.47K","-1.64%"
"12/24/2024","241.35","239.55","244.90","235.80","393.39K","+0.75%"
"12/23/2024","239.55","239.95","243.25","236.05","283.56K","+0.44%"
"12/20/2024","238.50","249.55","252.45","235.25","527.79K","-4.02%"
"12/19/2024","248.50","244.30","250.30","239.95","601.94K","+0.81%"
"12/18/2024","246.50","255.55","256.05","245.50","574.37K","-3.56%"
"12/17/2024","255.60","261.75","261.75","255.00","520.21K","-2.37%"
"12/16/2024","261.80","265.45","265.90","260.80","286.93K","-1.06%"
"12/13/2024","264.60","269.00","269.50","262.50","259.93K","-1.73%"
"12/12/2024","269.25","273.20","273.90","268.00","197.73K","-1.46%"
"12/11/2024","273.25","275.30","277.05","271.90","303.23K","-0.29%"
"12/10/2024","274.05","275.85","276.45","271.55","338.63K","-0.65%"
"12/09/2024","275.85","273.95","278.55","272.85","320.39K","+0.84%"
"12/06/2024","273.55","275.90","277.50","272.25","280.44K","-0.51%"
"12/05/2024","274.95","273.50","277.45","272.75","285.05K","+0.83%"
"12/04/2024","272.70","271.80","278.00","270.35","522.43K","+0.24%"
"12/03/2024","272.05","268.10","273.85","266.20","637.39K","+1.55%"
"12/02/2024","267.90","269.80","271.70","266.05","296.57K","-0.20%"
"11/29/2024","268.45","269.90","270.40","265.05","281.24K","+0.00%"
"11/28/2024","268.45","272.40","274.60","267.40","238.82K","-0.92%"
"11/27/2024","270.95","263.60","272.85","262.35","301.89K","+2.83%"
"11/26/2024","263.50","267.00","268.35","263.00","250.91K","-1.31%"
"11/25/2024","267.00","260.50","268.90","260.50","504.64K","+3.37%"
"11/22/2024","258.30","255.25","261.00","254.15","370.76K","+1.02%"
"11/21/2024","255.70","261.95","262.25","252.10","588.80K","-2.63%"
"11/19/2024","262.60","264.80","267.65","261.10","674.09K","-0.30%"
"11/18/2024","263.40","264.55","266.50","259.35","493.18K","-0.43%"
"11/14/2024","264.55","261.00","272.95","261.00","484.82K","+0.47%"
"11/13/2024","263.30","274.50","274.95","261.25","539.42K","-4.34%"
"11/12/2024","275.25","282.95","284.90","273.10","373.46K","-2.24%"
"11/11/2024","281.55","287.95","288.90","280.75","324.27K","-2.19%"
"11/08/2024","287.85","295.00","296.25","286.70","344.58K","-2.88%"
"11/07/2024","296.40","302.85","307.50","295.05","410.70K","-2.08%"
"11/06/2024","302.70","305.55","308.55","301.60","508.07K","-0.43%"
"11/05/2024","304.00","302.30","304.95","298.30","463.67K","+0.56%"
"11/04/2024","302.30","304.95","311.35","299.00","794.14K","-1.06%"
"11/01/2024","305.55","305.20","309.85","304.00","182.80K","+0.73%"
"10/31/2024","303.35","295.00","305.90","292.35","824.30K","+2.83%"
"10/30/2024","295.00","291.00","302.00","286.10","746.47K","+2.16%"
"10/29/2024","288.75","290.90","292.70","285.40","327.61K","-0.21%"
"10/28/2024","289.35","282.00","295.30","277.65","976.76K","+1.88%"
"10/25/2024","284.00","290.00","290.00","275.75","3.00M","-5.54%"
"10/24/2024","300.65","301.60","311.00","297.50","1.53M","-0.30%"
"10/23/2024","301.55","300.90","309.10","291.50","1.47M","+1.40%"
"10/22/2024","297.40","320.00","320.35","295.15","1.77M","-7.65%"
"10/21/2024","322.05","330.00","334.30","320.00","2.13M","-1.23%"
"10/18/2024","326.05","312.00","332.70","301.15","5.90M","+4.37%"
"10/17/2024","312.40","324.00","324.20","311.10","1.20M","-3.18%"
"10/16/2024","322.65","315.00","324.20","313.15","2.87M","+2.36%"
"10/15/2024","315.20","312.00","319.25","310.90","2.56M","-0.27%"
"10/14/2024","316.05","295.35","319.45","295.35","9.64M","+5.54%"
"10/11/2024","299.45","293.20","301.45","290.60","1.42M","+2.20%"
"10/10/2024","293.00","288.00","294.00","286.35","719.03K","+2.29%"
"10/09/2024","286.45","289.65","295.40","285.00","912.74K","-1.10%"
"10/08/2024","289.65","285.00","292.50","280.60","2.29M","-1.61%"
"10/07/2024","294.40","274.95","297.80","273.50","11.33M","+8.37%"
"10/04/2024","271.65","270.80","273.50","265.95","748.63K","+0.20%"
"10/03/2024","271.10","277.80","277.80","270.00","870.11K","-2.59%"
"10/01/2024","278.30","280.00","280.00","275.05","760.61K","-0.13%"
"09/30/2024","278.65","283.55","283.55","274.05","842.61K","-0.85%"
"09/27/2024","281.05","283.20","286.25","279.00","814.21K","-0.62%"
"09/26/2024","282.80","288.85","289.05","281.55","516.83K","-1.82%"
"09/25/2024","288.05","291.85","292.80","286.05","569.06K","-1.18%"
"09/24/2024","291.50","296.00","296.00","290.10","539.11K","-1.59%"
"09/23/2024","296.20","297.90","298.50","291.35","548.23K","+0.03%"
"09/20/2024","296.10","309.00","311.95","295.05","987.44K","-3.83%"
"09/19/2024","307.90","303.90","309.50","297.00","697.13K","+2.09%"
"09/18/2024","301.60","304.70","305.65","300.00","291.61K","-0.92%"
"09/17/2024","304.40","306.45","307.20","304.00","188.06K","-0.29%"
"09/16/2024","305.30","308.60","310.95","304.25","302.86K","-0.44%"
"09/13/2024","306.65","307.75","310.30","305.65","262.21K","-0.36%"
"09/12/2024","307.75","312.15","312.40","307.05","279.21K","-0.93%"
"09/11/2024","310.65","314.65","315.05","308.00","498.50K","-0.32%"
"09/10/2024","311.65","308.10","315.00","307.10","659.73K","+1.45%"
"09/09/2024","307.20","310.00","310.00","303.50","437.14K","-0.60%"
"09/06/2024","309.05","307.75","316.20","306.75","962.96K","+0.80%"
"09/05/2024","306.60","309.40","312.20","306.05","335.09K","-0.20%"
"09/04/2024","307.20","308.85","315.25","305.60","772.44K","-1.21%"
"09/03/2024","310.95","310.00","314.15","309.10","684.94K","+0.10%"
"09/02/2024","310.65","312.25","313.35","305.95","757.02K","-0.38%"
"08/30/2024","311.85","315.00","320.00","310.00","1.43M","-0.48%"
"08/29/2024","313.35","298.45","327.70","294.35","5.35M","+5.35%"
"08/28/2024","297.45","292.20","298.95","289.05","1.08M","+2.46%"
"08/27/2024","290.30","289.15","294.50","287.80","465.06K","+0.75%"
"08/26/2024","288.15","290.00","291.55","286.00","802.96K","+0.07%"
"08/23/2024","287.95","289.05","291.50","287.05","352.55K","+0.02%"
"08/22/2024","287.90","296.90","298.00","287.00","623.63K","-2.51%"
"08/21/2024","295.30","293.50","297.00","289.10","409.69K","+1.08%"
"08/20/2024","292.15","297.00","297.50","290.90","295.02K","-1.00%"
"08/19/2024","295.10","287.20","296.50","287.20","700.52K","+3.18%"
"08/16/2024","286.00","279.20","291.55","277.20","1.37M","+2.90%"
"08/14/2024","277.95","283.70","283.70","275.25","414.25K","-1.82%"
"08/13/2024","283.10","290.90","291.60","282.25","381.04K","-2.18%"
"08/12/2024","289.40","285.00","292.00","282.75","447.33K","-0.43%"
"08/09/2024","290.65","292.50","296.70","290.10","355.44K","+0.12%"
"08/08/2024","290.30","288.05","294.45","288.05","313.49K","+0.14%"
"08/07/2024","289.90","291.20","293.60","281.05","914.20K","+0.45%"
"08/06/2024","288.60","290.10","299.90","287.00","457.06K","-0.02%"
"08/05/2024","288.65","290.00","303.70","286.65","967.32K","-7.02%"
"08/02/2024","310.45","310.15","313.60","307.35","308.81K","-1.19%"
"08/01/2024","314.20","320.00","320.00","312.25","346.53K","-1.29%"
"07/31/2024","318.30","325.00","325.00","317.85","439.75K","-1.23%"
"07/30/2024","322.25","324.50","326.50","321.50","610.64K","-1.87%"
"07/29/2024","328.40","328.00","334.35","322.50","3.71M","+3.30%"
"07/26/2024","317.90","319.70","321.00","315.50","391.66K","+0.08%"
"07/25/2024","317.65","320.00","324.45","316.05","415.01K","-1.17%"
"07/24/2024","321.40","319.05","327.55","317.20","600.01K","+0.41%"
"07/23/2024","320.10","320.90","323.90","298.50","826.06K","+0.83%"
"07/22/2024","317.45","316.00","323.30","312.65","707.97K","-0.20%"
"07/19/2024","318.10","333.20","334.20","316.15","1.40M","-4.10%"
"07/18/2024","331.70","325.00","334.00","317.10","2.92M","+2.57%"
"07/16/2024","323.40","322.35","331.45","318.00","1.92M","+0.33%"
"07/15/2024","322.35","315.25","325.00","307.50","1.08M","+2.27%"
"07/12/2024","315.20","323.05","326.20","315.00","324.25K","-1.65%"
"07/11/2024","320.50","317.30","321.75","314.10","433.58K","+1.07%"
"07/10/2024","317.10","316.40","319.85","310.70","396.06K","+0.21%"
"07/09/2024","316.45","320.00","323.00","312.05","501.96K","-0.35%"
"07/08/2024","317.55","324.25","326.00","316.30","646.99K","-1.73%"
"07/05/2024","323.15","325.70","330.40","322.10","759.10K","-1.33%"
"07/04/2024","327.50","331.15","332.80","327.00","461.73K","-1.13%"
"07/03/2024","331.25","325.05","334.15","324.30","774.08K","+2.00%"
"07/02/2024","324.75","332.50","332.50","323.50","436.24K","-2.36%"
"07/01/2024","332.60","327.00","334.20","321.20","814.44K","+2.20%"
"06/28/2024","325.45","329.15","329.25","316.50","842.75K","-0.69%"
"06/27/2024","327.70","334.80","334.80","323.05","520.56K","-1.77%"
"06/26/2024","333.60","333.10","341.00","329.90","948.68K","-0.33%"
"06/25/2024","334.70","334.50","340.00","329.90","1.36M","+0.54%"
"06/24/2024","332.90","333.75","335.70","327.20","906.55K","+0.03%"
"06/21/2024","332.80","326.15","338.00","322.80","2.55M","+2.04%"
"06/20/2024","326.15","330.55","331.80","324.50","533.50K","-0.91%"
"06/19/2024","329.15","333.00","333.00","325.20","514.11K","-0.68%"
"06/18/2024","331.40","338.30","338.30","327.30","686.49K","-0.32%"
"06/14/2024","332.45","338.00","338.00","331.00","501.94K","-1.00%"
"06/13/2024","335.80","340.95","346.95","335.20","771.97K","-1.02%"
"06/12/2024","339.25","344.45","344.45","337.00","662.87K","-0.34%"
"06/11/2024","340.40","347.05","349.50","338.10","834.17K","-1.92%"
"06/10/2024","347.05","350.00","354.70","343.30","1.02M","-0.93%"
"06/07/2024","350.30","342.60","355.90","337.00","2.76M","+2.56%"
"06/06/2024","341.55","350.00","350.00","337.75","1.08M","+0.16%"
"06/05/2024","341.00","328.35","349.00","316.10","1.83M","+5.69%"
"06/04/2024","322.65","325.90","346.40","307.10","4.12M","-3.94%"
"06/03/2024","335.90","320.00","341.00","316.10","3.14M","+7.82%"
"05/31/2024","311.55","315.10","322.00","308.15","1.28M","+0.21%"
"05/30/2024","310.90","318.20","322.80","309.50","1.90M","-3.46%"
"05/29/2024","322.05","302.55","324.70","301.70","1.82M","+5.75%"
"05/28/2024","304.55","313.00","319.90","302.00","1.03M","-2.26%"
"05/27/2024","311.60","321.00","321.05","310.00","704.15K","-2.93%"
"05/24/2024","321.00","308.00","327.70","305.05","2.83M","+4.61%"
"05/23/2024","306.85","313.50","313.50","305.00","572.04K","-2.18%"
"05/22/2024","313.70","306.00","315.90","300.20","1.77M","+2.82%"
"05/21/2024","305.10","297.45","307.90","290.80","1.63M","+2.71%"
"05/18/2024","297.05","295.00","298.80","294.45","108.84K","+0.52%"
"05/17/2024","295.50","295.45","301.40","292.30","1.22M","+0.02%"
"05/16/2024","295.45","305.85","307.15","292.65","1.62M","-3.08%"
"05/15/2024","304.85","300.80","327.70","297.10","9.92M","+1.18%"
"05/14/2024","301.30","272.45","303.80","272.45","9.39M","+11.12%"
"05/13/2024","271.15","271.00","273.80","264.85","967.10K","-0.86%"
"05/10/2024","273.50","269.00","277.50","267.25","678.54K","+1.90%"
"05/09/2024","268.40","279.00","279.00","266.55","993.12K","-3.83%"
"05/08/2024","279.10","285.00","288.00","275.35","1.81M","-1.71%"
"05/07/2024","283.95","273.70","286.50","269.00","3.54M","+4.24%"
"05/06/2024","272.40","271.50","274.65","268.30","909.75K","+0.61%"
"05/03/2024","270.75","271.00","277.25","267.05","1.45M","+0.63%"
"05/02/2024","269.05","267.20","271.40","264.55","573.57K","+0.98%"
"04/30/2024","266.45","272.75","273.20","265.20","511.76K","-1.97%"
"04/29/2024","271.80","274.75","277.45","270.50","813.39K","-0.48%"
"04/26/2024","273.10","273.00","279.60","267.00","1.97M","+0.74%"
"04/25/2024","271.10","274.50","274.75","268.50","1.13M","-1.09%"
"04/24/2024","274.10","256.30","275.00","256.00","6.90M","+7.49%"
"04/23/2024","255.00","251.80","257.70","251.30","808.88K","+1.80%"
"04/22/2024","250.50","254.10","256.15","249.50","393.07K","-0.61%"
"04/19/2024","252.05","249.50","255.90","246.10","588.65K","-0.73%"
"04/18/2024","253.90","250.50","257.70","246.20","867.26K","+1.70%"
"04/16/2024","249.65","244.00","253.00","243.55","523.18K","+0.97%"
"04/15/2024","247.25","244.00","253.30","239.05","1.09M","-0.50%"
"04/12/2024","248.50","256.90","256.90","247.30","1.03M","-3.91%"
"04/10/2024","258.60","261.00","264.80","256.80","2.57M","+2.17%"
"04/09/2024","253.10","256.00","257.00","251.65","513.13K","-0.84%"
"04/08/2024","255.25","256.00","261.25","252.40","1.07M","+0.14%"
"04/05/2024","254.90","255.00","257.55","252.50","683.21K","+0.04%"
"04/04/2024","254.80","262.50","264.80","251.45","2.51M","-1.98%"
"04/03/2024","259.95","246.95","261.80","246.85","2.69M","+4.69%"
"04/02/2024","248.30","249.05","253.50","245.50","730.15K","-0.30%"
"04/01/2024","249.05","246.45","254.60","245.50","1.18M","+1.05%"
"03/28/2024","246.45","250.00","252.65","244.25","831.15K","-1.34%"
"03/27/2024","249.80","244.75","252.00","244.00","2.69M","+2.06%"
"03/26/2024","244.75","235.60","249.95","231.80","4.90M","+3.88%"
"03/22/2024","235.60","225.05","241.40","222.30","3.03M","+5.04%"
"03/21/2024","224.30","218.00","226.50","216.90","843.18K","+3.41%"
"03/20/2024","216.90","221.00","221.70","215.20","638.40K","-1.36%"
"03/19/2024","219.90","225.55","225.55","219.10","582.76K","-2.87%"
"03/18/2024","226.40","214.55","227.50","214.40","1.64M","+6.07%"
"03/15/2024","213.45","211.95","215.55","210.00","1.09M","+1.16%"
"03/14/2024","211.00","207.25","216.50","203.40","653.14K","+1.78%"
"03/13/2024","207.30","215.75","215.90","204.05","1.30M","-3.47%"
"03/12/2024","214.75","225.20","226.20","208.05","2.07M","-4.64%"
"03/11/2024","225.20","232.85","235.00","224.50","1.15M","-2.64%"
"03/07/2024","231.30","222.30","235.00","222.30","3.26M","+3.35%"
"03/06/2024","223.80","224.00","224.80","219.00","588.77K","-0.04%"
"03/05/2024","223.90","222.05","225.00","219.65","1.15M","+0.83%"
"03/04/2024","222.05","226.00","226.35","220.65","495.81K","-1.20%"
"03/02/2024","224.75","223.40","225.90","222.80","97.51K","+0.72%"
"03/01/2024","223.15","219.40","227.00","219.30","969.85K","+2.22%"
"02/29/2024","218.30","218.25","220.80","216.35","547.39K","+0.53%"
"02/28/2024","217.15","221.05","223.50","216.70","1.03M","-1.12%"
"02/27/2024","219.60","217.80","224.80","215.75","1.43M","+1.83%"
"02/26/2024","215.65","216.15","219.50","214.50","1.15M","+0.26%"
"02/23/2024","215.10","218.30","219.10","214.65","742.55K","-1.33%"
"02/22/2024","218.00","224.50","224.50","214.70","518.42K","-0.57%"
"02/21/2024","219.25","224.65","224.65","215.15","475.36K","-1.84%"
"02/20/2024","223.35","224.75","225.80","221.35","546.97K","-0.58%"
"02/19/2024","224.65","229.00","229.85","222.50","1.07M","-0.62%"
"02/16/2024","226.05","219.30","229.25","219.10","1.07M","+3.53%"
"02/15/2024","218.35","219.05","223.25","217.05","698.68K","+0.11%"
"02/14/2024","218.10","216.80","219.45","216.50","350.55K","-0.32%"
"02/13/2024","218.80","218.55","222.30","212.90","1.01M","+2.15%"
"02/12/2024","214.20","218.00","218.35","210.15","1.73M","-2.01%"
"02/09/2024","218.60","215.00","220.50","210.15","1.38M","+1.89%"
"02/08/2024","214.55","218.30","220.00","213.60","486.44K","-1.20%"
"02/07/2024","217.15","220.00","221.50","216.55","1.35M","-1.70%"
"02/06/2024","220.90","218.10","221.90","218.10","491.55K","+1.82%"
"02/05/2024","216.95","217.25","220.95","215.00","574.92K","-0.34%"
"02/02/2024","217.70","221.00","222.30","216.85","379.77K","-1.23%"
"02/01/2024","220.40","223.90","224.40","218.30","392.67K","-0.88%"
"01/31/2024","222.35","214.95","223.35","214.95","838.49K","+3.35%"
"01/30/2024","215.15","218.00","218.20","214.15","621.88K","-0.92%"
"01/29/2024","217.15","225.00","225.00","216.30","884.92K","-3.51%"
"01/25/2024","225.05","230.75","230.75","224.35","288.01K","-2.19%"
"01/24/2024","230.10","225.25","231.70","221.35","546.61K","+2.79%"
"01/23/2024","223.85","235.15","235.65","221.35","427.62K","-4.36%"
"01/20/2024","234.05","232.95","242.70","232.15","1.11M","+1.15%"
"01/19/2024","231.40","234.00","240.65","230.20","1.06M","-0.39%"
"01/18/2024","232.30","226.70","234.85","219.55","1.14M","+2.40%"
"01/17/2024","226.85","233.00","233.00","226.00","699.48K","-3.82%"
"01/16/2024","235.85","240.70","242.35","233.00","484.24K","-1.91%"
"01/15/2024","240.45","242.85","248.10","239.00","1.42M","-0.35%"
"01/12/2024","241.30","234.80","246.00","234.80","2.51M","+2.94%"
"01/11/2024","234.40","236.10","238.80","233.40","727.66K","-1.08%"
"01/10/2024","236.95","236.75","239.40","232.00","611.54K","-0.61%"
"01/09/2024","238.40","238.90","240.00","234.40","1.13M","+0.72%"
"01/08/2024","236.70","241.90","243.95","234.80","2.32M","-0.27%"
"01/05/2024","237.35","222.00","240.00","221.00","9.69M","+8.73%"
"01/04/2024","218.30","213.20","218.90","213.20","1.66M","+2.56%"
"01/03/2024","212.85","207.30","213.60","207.30","544.74K","+1.92%"
"01/02/2024","208.85","211.05","211.80","207.70","420.25K","-0.95%"
"01/01/2024","210.85","211.50","212.45","210.25","259.76K","-0.07%"
"12/29/2023","211.00","208.85","214.50","208.50","805.47K","+1.52%"
"12/28/2023","207.85","215.00","215.00","207.30","789.65K","-2.56%"
"12/27/2023","213.30","211.70","216.30","211.10","475.48K","+0.80%"
"12/26/2023","211.60","211.20","212.70","208.80","307.93K","+0.91%"
"12/22/2023","209.70","212.40","212.45","207.80","278.73K","-0.52%"
"12/21/2023","210.80","206.00","211.85","203.00","566.81K","+1.69%"
"12/20/2023","207.30","215.70","216.30","204.55","1.06M","-3.40%"
"12/19/2023","214.60","218.00","219.00","214.05","418.82K","-1.22%"
"12/18/2023","217.25","212.20","218.20","211.55","1.04M","+2.84%"
"12/15/2023","211.25","214.80","217.85","210.55","4.01M","-1.05%"
"12/14/2023","213.50","213.00","216.10","210.15","804.58K","+0.83%"
"12/13/2023","211.75","213.00","214.05","210.00","389.95K","-0.07%"
"12/12/2023","211.90","213.00","214.15","210.50","1.54M","-0.12%"
"12/11/2023","212.15","213.60","218.50","211.50","952.87K","-0.16%"
"12/08/2023","212.50","216.55","219.90","210.75","1.38M","-0.91%"
"12/07/2023","214.45","206.70","215.50","206.70","5.58M","+4.05%"
"12/06/2023","206.10","206.65","210.85","205.00","729.79K","+0.19%"
"12/05/2023","205.70","207.30","209.15","204.80","815.34K","-0.70%"
"12/04/2023","207.15","207.00","208.00","204.25","622.70K","+1.00%"
"12/01/2023","205.10","207.50","207.65","203.85","632.65K","-0.68%"
"11/30/2023","206.50","205.50","207.50","203.20","837.19K","+1.00%"
"11/29/2023","204.45","203.70","207.00","201.60","1.35M","+1.24%"
"11/28/2023","201.95","201.50","203.10","199.20","469.75K","+1.03%"
"11/24/2023","199.90","200.20","204.00","199.10","647.08K","+0.35%"
"11/23/2023","199.20","206.00","207.50","198.00","1.16M","-2.90%"
"11/22/2023","205.15","209.40","209.45","204.00","609.45K","-2.12%"
"11/21/2023","209.60","204.20","212.45","204.00","1.42M","+3.20%"
"11/20/2023","203.10","213.90","214.75","202.50","1.76M","-4.49%"
"11/17/2023","212.65","203.90","216.00","203.00","4.40M","+5.12%"
"11/16/2023","202.30","193.30","206.00","191.95","3.33M","+5.23%"
"11/15/2023","192.25","193.05","193.20","190.00","502.31K","+0.21%"
"11/13/2023","191.85","194.60","194.75","191.05","269.47K","-1.41%"
"11/12/2023","194.60","192.50","195.30","192.30","275.11K","+2.53%"
"11/10/2023","189.80","191.00","191.10","188.80","260.09K","-0.65%"
"11/09/2023","191.05","193.10","193.10","190.10","418.93K","-0.57%"
"11/08/2023","192.15","191.90","193.40","189.80","683.28K","+0.68%"
"11/07/2023","190.85","190.55","192.95","187.60","655.96K","+0.66%"
"11/06/2023","189.60","192.80","193.05","187.45","1.04M","-1.12%"
"11/03/2023","191.75","193.95","194.40","190.60","310.17K","-0.44%"
"11/02/2023","192.60","192.50","194.10","191.20","325.61K","+0.92%"
"11/01/2023","190.85","192.95","194.20","190.15","286.36K","-0.62%"
"10/31/2023","192.05","192.95","196.80","190.50","391.75K","+0.03%"
"10/30/2023","192.00","195.00","195.50","189.65","477.43K","-1.21%"
"10/27/2023","194.35","194.05","197.10","193.05","622.66K","+1.01%"
"10/26/2023","192.40","189.00","193.70","185.80","829.69K","-0.36%"
"10/25/2023","193.10","204.80","206.80","191.20","1.14M","-4.71%"
"10/23/2023","202.65","220.40","222.00","200.00","1.80M","-9.87%"
"10/20/2023","224.85","221.70","231.50","219.80","1.32M","+0.87%"
"10/19/2023","222.90","221.00","224.45","220.95","269.69K","+0.27%"
"10/18/2023","222.30","227.35","229.40","219.50","839.61K","-1.83%"
"10/17/2023","226.45","225.90","229.20","224.60","529.90K","+0.80%"
"10/16/2023","224.65","222.55","229.95","221.40","597.52K","+1.31%"
"10/13/2023","221.75","224.00","225.70","220.25","312.25K","-1.58%"
"10/12/2023","225.30","223.00","227.00","221.20","407.22K","+1.03%"
"10/11/2023","223.00","224.40","225.05","222.40","284.93K","-0.16%"
"10/10/2023","223.35","225.00","225.70","222.00","309.39K","+0.81%"
"10/09/2023","221.55","222.00","224.45","218.75","370.95K","-2.31%"
"10/06/2023","226.80","223.50","232.95","222.90","1.33M","+1.41%"
"10/05/2023","223.65","225.50","226.55","222.60","509.16K","-0.31%"
"10/04/2023","224.35","227.55","230.95","222.30","512.86K","-1.92%"
"10/03/2023","228.75","224.25","229.30","223.80","534.98K","+2.12%"
"09/29/2023","224.00","225.00","225.95","222.20","359.69K","-0.97%"
"09/28/2023","226.20","226.10","230.00","223.80","690.49K","-0.04%"
"09/27/2023","226.30","229.00","229.20","224.25","436.69K","-0.85%"
"09/26/2023","228.25","220.30","233.70","220.30","1.61M","+3.28%"
"09/25/2023","221.00","222.05","224.85","216.60","422.32K","-0.14%"
"09/22/2023","221.30","220.10","222.00","214.55","669.67K","+0.25%"
"09/21/2023","220.75","225.50","228.80","220.00","401.74K","-2.71%"
"09/20/2023","226.90","227.10","229.40","224.50","350.89K","-0.09%"
"09/18/2023","227.10","226.05","231.70","225.40","638.26K","+0.46%"
"09/15/2023","226.05","233.95","235.60","225.00","1.04M","-2.90%"
"09/14/2023","232.80","226.90","234.80","226.85","733.92K","+3.08%"
"09/13/2023","225.85","227.40","232.90","221.05","567.24K","-1.59%"
"09/12/2023","229.50","241.80","244.25","223.30","1.11M","-4.99%"
"09/11/2023","241.55","246.20","246.20","238.05","711.70K","-0.12%"
"09/08/2023","241.85","249.75","250.95","241.05","931.50K","-3.18%"
"09/07/2023","249.80","250.00","250.15","245.00","653.54K","-0.08%"
"09/06/2023","250.00","248.50","252.90","245.50","1.23M","+1.11%"
"09/05/2023","247.25","253.25","253.25","243.10","1.12M","-2.37%"
"09/04/2023","253.25","251.00","259.95","250.30","1.73M","+2.10%"
"09/01/2023","248.05","240.90","250.00","240.85","2.59M","+3.55%"
"08/31/2023","239.55","233.90","241.35","229.45","1.93M","+4.11%"
"08/30/2023","230.10","237.20","237.80","228.50","3.37M","-2.48%"
"08/29/2023","235.95","221.90","241.20","221.85","10.80M","+7.20%"
"08/28/2023","220.10","212.40","222.75","212.00","1.27M","+4.16%"
"08/25/2023","211.30","214.00","217.65","209.40","654.99K","-2.56%"
"08/24/2023","216.85","216.05","219.50","215.00","879.42K","+0.60%"
"08/23/2023","215.55","212.85","217.75","212.60","1.53M","+2.35%"
"08/22/2023","210.60","207.70","211.50","206.75","663.99K","+2.13%"
"08/21/2023","206.20","208.30","209.15","205.25","366.10K","-1.39%"
"08/18/2023","209.10","204.95","210.65","204.00","907.95K","+2.40%"
"08/17/2023","204.20","207.15","209.40","203.60","320.62K","-1.40%"
"08/16/2023","207.10","210.00","213.30","206.25","814.41K","-0.74%"
"08/14/2023","208.65","203.65","210.50","200.40","969.51K","+2.51%"
"08/11/2023","203.55","203.95","204.70","202.75","322.67K","+0.20%"
"08/10/2023","203.15","206.75","207.00","199.60","442.16K","-1.74%"
"08/09/2023","206.75","207.00","209.00","204.35","607.23K","+0.51%"
"08/08/2023","205.70","202.50","208.00","201.35","757.40K","+2.29%"
"08/07/2023","201.10","208.00","208.00","200.10","657.43K","-2.00%"
"08/04/2023","205.20","207.00","208.05","203.30","779.23K","-0.65%"
"08/03/2023","206.55","203.90","208.75","200.60","1.51M","+1.35%"
"08/02/2023","203.80","198.20","211.00","197.25","4.80M","+3.35%"
"08/01/2023","197.20","200.75","201.30","196.80","520.04K","-1.25%"
"07/31/2023","199.70","201.00","203.50","198.50","929.86K","+0.10%"
"07/28/2023","199.50","201.00","203.10","197.10","1.07M","+0.18%"
"07/27/2023","199.15","193.45","202.75","193.45","3.92M","+3.21%"
"07/26/2023","192.95","190.35","194.70","190.35","762.93K","+0.78%"
"07/25/2023","191.45","190.05","194.25","189.25","725.48K","+0.74%"
"07/24/2023","190.05","189.80","193.90","189.05","1.24M","+0.88%"
"07/21/2023","188.40","182.95","189.90","182.80","1.64M","+2.14%"
"07/20/2023","184.45","183.00","186.60","180.20","2.45M","+1.99%"
"07/19/2023","180.85","180.00","183.95","179.05","761.33K","+1.09%"
"07/18/2023","178.90","181.50","181.90","176.65","455.51K","-0.45%"
"07/17/2023","179.70","177.30","184.50","177.00","2.18M","+1.90%"
"07/14/2023","176.35","175.00","177.60","175.00","588.89K","+1.00%"
"07/13/2023","174.60","172.60","175.95","172.60","722.71K","+1.25%"
"07/12/2023","172.45","171.05","173.15","170.55","301.25K","+0.29%"
"07/11/2023","171.95","171.50","173.70","170.70","340.38K","-0.06%"
"07/10/2023","172.05","172.30","172.95","170.05","315.20K","-0.15%"
"07/07/2023","172.30","174.45","174.80","171.65","346.34K","-1.40%"
"07/06/2023","174.75","172.75","175.65","172.40","595.06K","+1.10%"
"07/05/2023","172.85","175.00","176.00","172.55","363.98K","-1.14%"
"07/04/2023","174.85","175.00","175.80","172.65","374.32K","+0.06%"
"07/03/2023","174.75","176.00","176.65","174.00","437.09K","-0.60%"
"06/30/2023","175.80","173.00","176.80","173.00","609.67K","+1.77%"
"06/28/2023","172.75","176.95","176.95","172.00","516.79K","-1.71%"
"06/27/2023","175.75","178.95","179.10","175.45","361.87K","-1.07%"
"06/26/2023","177.65","175.40","178.70","173.95","504.43K","+1.34%"
"06/23/2023","175.30","177.50","177.50","173.60","819.39K","-0.71%"
"06/22/2023","176.55","177.80","180.50","174.60","1.24M","-0.20%"
"06/21/2023","176.90","178.20","179.45","175.85","682.62K","-0.20%"
"06/20/2023","177.25","175.90","178.70","175.10","912.28K","+1.03%"
"06/19/2023","175.45","175.70","178.30","174.30","932.09K","+0.46%"
"06/16/2023","174.65","176.00","177.05","174.00","616.07K","+0.14%"
"06/15/2023","174.40","175.00","179.70","173.15","2.03M","-0.20%"
"06/14/2023","174.75","174.00","176.70","173.40","2.62M","+2.10%"
"06/13/2023","171.15","166.20","172.50","163.70","4.33M","+3.54%"
"06/12/2023","165.30","164.90","167.75","163.05","3.06M","+0.46%"
"06/09/2023","164.55","167.15","167.60","164.00","691.36K","-0.69%"
"06/08/2023","165.70","167.75","171.35","165.00","1.39M","-0.75%"
"06/07/2023","166.95","168.00","169.45","166.25","991.88K","-0.03%"
"06/06/2023","167.00","171.00","172.35","166.60","1.01M","-2.22%"
"06/05/2023","170.80","172.80","173.45","170.05","852.73K","-0.61%"
"06/02/2023","171.85","174.45","175.40","171.00","596.12K","-0.66%"
"06/01/2023","173.00","178.75","180.95","172.50","876.83K","-2.78%"
"05/31/2023","177.95","174.45","178.95","171.40","990.90K","+1.92%"
"05/30/2023","174.60","179.60","179.60","174.00","512.61K","-2.38%"
"05/29/2023","178.85","180.10","181.70","177.00","576.75K","-0.61%"
"05/26/2023","179.95","177.25","181.50","174.40","711.89K","+1.29%"
"05/25/2023","177.65","179.00","180.20","176.25","497.19K","-0.39%"
"05/24/2023","178.35","183.00","185.45","177.80","738.53K","-2.03%"
"05/23/2023","182.05","185.00","186.60","180.05","2.43M","-4.64%"
"05/22/2023","190.90","191.45","195.50","189.30","1.55M","+0.21%"
"05/19/2023","190.50","188.85","192.00","186.75","773.97K","+1.68%"
"05/18/2023","187.35","189.90","192.50","186.50","632.11K","-0.72%"
"05/17/2023","188.70","189.90","194.40","185.05","1.43M","+0.53%"
"05/16/2023","187.70","182.75","191.15","181.70","2.10M","+3.56%"
"05/15/2023","181.25","182.45","184.70","179.30","533.02K","-0.19%"
"05/12/2023","181.60","184.40","184.40","178.35","785.85K","-1.65%"
"05/11/2023","184.65","186.00","187.75","184.00","956.68K","-0.11%"
"05/10/2023","184.85","171.80","186.50","171.50","6.30M","+8.07%"
"05/09/2023","171.05","173.80","175.55","170.55","752.32K","-1.58%"
"05/08/2023","173.80","177.90","179.55","171.45","633.84K","-1.84%"
"05/05/2023","177.05","179.60","181.30","175.40","540.52K","-0.98%"
"05/04/2023","178.80","175.50","182.00","174.65","1.15M","+2.43%"
"05/03/2023","174.55","171.00","176.45","169.55","1.44M","+2.62%"
"05/02/2023","170.10","168.40","171.60","168.00","439.38K","+1.55%"
"04/28/2023","167.50","164.45","168.60","164.45","838.71K","+1.98%"
"04/27/2023","164.25","164.60","165.85","163.65","191.96K","+0.27%"
"04/26/2023","163.80","164.90","166.20","163.00","184.30K","-0.24%"
"04/25/2023","164.20","162.25","167.30","162.25","308.89K","+1.51%"
"04/24/2023","161.75","166.90","166.90","161.50","500.81K","-2.59%"
"04/21/2023","166.05","164.80","169.90","164.30","236.43K","+1.07%"
"04/20/2023","164.30","167.10","167.90","164.00","241.68K","-1.20%"
"04/19/2023","166.30","169.30","169.60","165.50","226.19K","-1.28%"
"04/18/2023","168.45","169.00","170.50","167.25","140.57K","-0.06%"
"04/17/2023","168.55","170.95","171.35","167.70","182.25K","-1.14%"
"04/13/2023","170.50","168.30","173.65","167.65","592.88K","+1.82%"
"04/12/2023","167.45","168.50","169.90","166.10","255.54K","+0.00%"
"04/11/2023","167.45","166.10","170.90","166.10","340.22K","+1.33%"
"04/10/2023","165.25","171.05","172.55","164.00","379.47K","-2.91%"
"04/06/2023","170.20","172.00","174.00","169.00","308.04K","-0.93%"
"04/05/2023","171.80","172.50","176.75","170.65","297.25K","-0.23%"
"04/03/2023","172.20","175.00","175.00","170.10","225.43K","+0.94%"
"03/31/2023","170.60","175.00","176.95","169.05","336.97K","-1.81%"
"03/29/2023","173.75","166.10","175.00","164.60","619.08K","+5.14%"
"03/28/2023","165.25","165.50","167.20","162.00","444.87K","+0.39%"
"03/27/2023","164.60","163.35","166.95","163.00","301.63K","+0.70%"
"03/24/2023","163.45","168.10","169.30","160.65","236.54K","-2.77%"
"03/23/2023","168.10","171.00","171.90","167.50","358.75K","-2.15%"
"03/22/2023","171.80","165.70","174.00","165.15","669.09K","+3.68%"
"03/21/2023","165.70","162.30","168.15","160.60","1.14M","+3.56%"
"03/20/2023","160.00","158.20","163.00","158.00","281.79K","-1.54%"
"03/17/2023","162.50","161.15","163.75","160.25","260.77K","+1.37%"
"03/16/2023","160.30","164.70","164.70","160.00","292.62K","-2.17%"
"03/15/2023","163.85","163.00","165.80","162.10","224.85K","+1.02%"
"03/14/2023","162.20","165.75","167.50","161.30","521.62K","-1.88%"
"03/13/2023","165.30","169.40","171.20","163.35","740.67K","-1.90%"
"03/10/2023","168.50","170.70","170.70","167.45","425.31K","-1.38%"
"03/09/2023","170.85","173.15","174.85","169.45","377.13K","-0.55%"
"03/08/2023","171.80","170.00","174.25","169.50","333.19K","+1.00%"
"03/06/2023","170.10","170.50","174.50","169.00","502.41K","+0.03%"
"03/03/2023","170.05","166.80","171.90","166.80","344.11K","+2.04%"
"03/02/2023","166.65","167.80","170.00","166.10","164.38K","-0.69%"
"03/01/2023","167.80","169.05","170.95","166.70","238.59K","-0.74%"
"02/28/2023","169.05","167.55","172.40","165.40","462.98K","+1.17%"
"02/27/2023","167.10","170.00","170.80","166.00","165.74K","-1.85%"
"02/24/2023","170.25","169.50","173.25","169.25","230.59K","+0.47%"
"02/23/2023","169.45","169.00","170.90","165.15","621.39K","-0.18%"
"02/22/2023","169.75","170.20","173.70","167.10","352.31K","-2.89%"
"02/21/2023","174.80","178.55","180.00","174.15","341.44K","-2.37%"
"02/20/2023","179.05","179.20","181.00","175.95","397.27K","+0.00%"
"02/17/2023","179.05","178.90","182.00","178.05","440.97K","+0.45%"
"02/16/2023","178.25","179.80","180.85","177.60","407.29K","-0.42%"
"02/15/2023","179.00","177.95","183.50","177.60","780.69K","+0.31%"
"02/14/2023","178.45","179.65","181.00","176.50","387.66K","-0.25%"
"02/13/2023","178.90","178.75","182.00","177.45","382.54K","+0.56%"
"02/10/2023","177.90","175.25","180.90","174.95","719.43K","+1.25%"
"02/09/2023","175.70","176.00","178.60","174.55","325.94K","-0.23%"
"02/08/2023","176.10","173.60","178.65","173.50","399.05K","+1.12%"
"02/07/2023","174.15","173.95","177.75","173.05","317.01K","+0.40%"
"02/06/2023","173.45","175.10","180.70","172.00","1.13M","-2.17%"
"02/03/2023","177.30","177.20","183.90","173.15","1.40M","+0.60%"
"02/02/2023","176.25","168.00","176.95","167.70","971.04K","+4.48%"
"02/01/2023","168.70","173.50","175.95","165.95","380.03K","-2.17%"
"01/31/2023","172.45","168.00","173.80","168.00","435.26K","+3.05%"
"01/30/2023","167.35","165.00","170.30","165.00","420.81K","+1.39%"
"01/27/2023","165.05","167.60","168.65","164.10","431.39K","-1.05%"
"01/25/2023","166.80","167.55","168.35","162.50","459.83K","-0.45%"
"01/24/2023","167.55","172.65","174.05","167.00","262.17K","-2.95%"
"01/23/2023","172.65","174.80","176.25","172.00","316.38K","-0.83%"
"01/20/2023","174.10","172.65","176.70","172.00","298.00K","+0.69%"
"01/19/2023","172.90","172.00","174.40","171.55","316.75K","-0.03%"
"01/18/2023","172.95","172.20","175.00","172.20","444.17K","+0.44%"
"01/17/2023","172.20","176.40","177.70","171.40","293.78K","-1.80%"
"01/16/2023","175.35","173.45","176.00","171.60","526.21K","+1.86%"
"01/13/2023","172.15","171.45","176.20","171.45","548.79K","+0.61%"
"01/12/2023","171.10","174.00","174.80","170.30","281.44K","-1.21%"
"01/11/2023","173.20","174.95","176.95","172.50","337.18K","-1.00%"
"01/10/2023","174.95","179.70","180.70","173.55","415.09K","-2.15%"
"01/09/2023","178.80","180.00","182.95","177.50","482.53K","+0.11%"
"01/06/2023","178.60","184.05","185.50","176.70","869.00K","-2.96%"
"01/05/2023","184.05","188.20","191.00","182.10","793.70K","-1.71%"
"01/04/2023","187.25","188.50","190.90","184.70","558.88K","-0.85%"
"01/03/2023","188.85","188.00","192.00","187.05","817.05K","+0.27%"
"01/02/2023","188.35","185.60","189.80","182.95","1.70M","+0.56%"
"12/30/2022","187.30","190.00","194.55","184.00","905.00K","-0.90%"
"12/29/2022","189.00","183.60","195.00","176.65","3.75M","+2.94%"
"12/28/2022","183.60","185.95","186.70","181.50","777.18K","-1.21%"
"12/27/2022","185.85","181.30","187.35","178.20","1.33M","+2.85%"
"12/26/2022","180.70","167.70","182.45","167.05","1.47M","+8.30%"
"12/23/2022","166.85","175.15","178.45","164.00","1.36M","-7.33%"
"12/22/2022","180.05","185.75","185.80","171.60","1.85M","-3.09%"
"12/21/2022","185.80","177.15","191.00","176.90","6.15M","+5.42%"
"12/20/2022","176.25","178.80","178.95","173.45","380.25K","-1.43%"
"12/19/2022","178.80","182.50","184.30","177.35","598.41K","-2.03%"
"12/16/2022","182.50","183.20","186.80","177.35","1.27M","-0.19%"
"12/15/2022","182.85","180.60","187.90","177.75","3.25M","+1.47%"
"12/14/2022","180.20","169.00","181.95","166.00","3.26M","+7.04%"
"12/13/2022","168.35","170.00","171.80","167.30","506.44K","-0.33%"
"12/12/2022","168.90","172.50","172.50","166.05","971.67K","-1.77%"
"12/09/2022","171.95","180.00","181.25","171.00","1.33M","-3.75%"
"12/08/2022","178.65","170.50","181.50","167.50","2.31M","+4.96%"
"12/07/2022","170.20","172.95","173.20","166.85","590.03K","-1.05%"
"12/06/2022","172.00","175.45","177.30","170.30","1.25M","-1.35%"
"12/05/2022","174.35","164.10","175.75","163.55","5.31M","+6.70%"
"12/02/2022","163.40","158.75","163.80","157.35","1.41M","+3.42%"
"12/01/2022","158.00","158.50","163.50","156.75","1.17M","+0.29%"
"11/30/2022","157.55","156.60","158.65","153.10","605.76K","+0.74%"
"11/29/2022","156.40","159.65","160.45","155.45","527.08K","-1.54%"
"11/28/2022","158.85","161.60","162.60","157.80","580.27K","-1.79%"
"11/25/2022","161.75","156.60","165.00","156.60","2.06M","+3.55%"
"11/24/2022","156.20","156.35","159.00","155.55","450.27K","+0.32%"
"11/23/2022","155.70","158.10","159.95","155.00","457.66K","-1.49%"
"11/22/2022","158.05","155.70","158.90","152.75","555.27K","+1.64%"
"11/21/2022","155.50","156.30","158.30","153.60","340.79K","+0.00%"
"11/18/2022","155.50","158.05","159.20","154.85","679.53K","-1.49%"
"11/17/2022","157.85","162.20","164.35","156.40","1.16M","-2.47%"
"11/16/2022","161.85","150.40","163.00","149.40","4.32M","+8.15%"
"11/15/2022","149.65","150.80","152.65","148.25","385.96K","-1.68%"
"11/14/2022","152.20","152.30","154.10","150.60","611.67K","+0.46%"
"11/11/2022","151.50","155.20","157.00","149.95","828.35K","-2.29%"
"11/10/2022","155.05","157.90","157.90","152.40","755.97K","-1.90%"
"11/09/2022","158.05","157.50","160.30","155.10","1.97M","+0.73%"
"11/07/2022","156.90","146.30","157.95","145.00","4.39M","+7.80%"
"11/04/2022","145.55","140.00","146.70","139.50","985.28K","+4.37%"
"11/03/2022","139.45","138.10","140.20","137.45","1.06M","+1.01%"
"11/02/2022","138.05","133.15","140.80","133.15","1.07M","+3.21%"
"11/01/2022","133.75","134.00","134.60","133.20","254.69K","-0.15%"
"10/31/2022","133.95","133.50","134.40","132.55","250.23K","+0.75%"
"10/28/2022","132.95","133.60","133.70","132.15","291.59K","+0.00%"
"10/27/2022","132.95","134.70","134.70","131.90","545.23K","-0.78%"
"10/25/2022","134.00","135.00","136.00","133.40","304.47K","-1.18%"
"10/24/2022","135.60","135.95","136.75","130.00","471.62K","-2.02%"
"10/21/2022","138.40","139.60","139.60","137.05","217.00K","-0.40%"
"10/20/2022","138.95","137.50","139.70","136.70","258.65K","+0.94%"
"10/19/2022","137.65","138.25","139.15","136.90","223.43K","+0.00%"
"10/18/2022","137.65","138.05","138.50","136.50","242.62K","+0.22%"
"10/17/2022","137.35","139.00","139.25","136.05","332.39K","-0.54%"
"10/14/2022","138.10","136.75","138.75","136.75","648.46K","+1.66%"
"10/13/2022","135.85","136.50","136.90","134.00","295.75K","-0.04%"
"10/12/2022","135.90","137.30","138.45","135.25","437.75K","-0.73%"
"10/11/2022","136.90","140.50","141.45","136.05","475.12K","-2.11%"
"10/10/2022","139.85","142.45","143.50","139.50","374.45K","-1.93%"
"10/07/2022","142.60","145.00","146.15","142.10","497.92K","-2.09%"
"10/06/2022","145.65","144.10","146.75","144.00","721.43K","+1.60%"
"10/04/2022","143.35","142.80","143.80","141.30","409.67K","+4.03%"
"10/03/2022","137.80","137.00","142.45","137.00","2.56M","+0.88%"
"09/30/2022","136.60","138.25","138.70","135.45","516.14K","-1.09%"
"09/29/2022","138.10","139.50","141.15","136.80","477.36K","+0.04%"
"09/28/2022","138.05","138.85","139.95","137.35","160.17K","-0.58%"
"09/27/2022","138.85","138.30","139.85","138.05","157.68K","+0.95%"
"09/26/2022","137.55","143.00","143.00","135.85","439.06K","-4.35%"
"09/23/2022","143.80","144.75","145.80","142.00","310.54K","-0.66%"
"09/22/2022","144.75","148.00","154.50","121.50","925.83K","-2.33%"
"09/21/2022","148.20","147.00","148.90","143.95","879.65K","+0.85%"
"09/20/2022","146.95","141.05","148.50","140.85","828.38K","+4.85%"
"09/19/2022","140.15","142.90","143.40","139.20","506.37K","-1.92%"
"09/16/2022","142.90","145.50","146.80","141.00","911.49K","-1.69%"
"09/15/2022","145.35","147.40","148.40","144.50","497.54K","-0.89%"
"09/14/2022","146.65","147.30","148.60","146.40","430.28K","-1.15%"
"09/13/2022","148.35","150.80","151.40","148.05","499.29K","-0.67%"
"09/12/2022","149.35","151.90","152.60","148.50","370.49K","-1.06%"
"09/09/2022","150.95","154.85","154.85","150.00","525.89K","-2.11%"
"09/08/2022","154.20","152.40","155.10","152.00","430.12K","+1.68%"
"09/07/2022","151.65","151.90","152.80","150.15","300.25K","-1.08%"
"09/06/2022","153.30","153.45","154.55","150.25","488.58K","+0.89%"
"09/05/2022","151.95","148.00","152.80","147.60","849.81K","+3.23%"
"09/02/2022","147.20","148.70","151.70","146.50","2.32M","-0.54%"
"09/01/2022","148.00","150.00","151.90","147.40","504.30K","-2.66%"
"08/30/2022","152.05","149.50","152.50","148.00","892.21K","+2.67%"
"08/29/2022","148.10","144.80","149.50","142.00","872.20K","+1.89%"
"08/26/2022","145.35","145.90","147.80","144.80","315.90K","+0.07%"
"08/25/2022","145.25","144.00","146.00","143.00","422.59K","+0.83%"
"08/24/2022","144.05","144.50","145.90","143.50","277.89K","+0.14%"
"08/23/2022","143.85","141.90","144.90","141.25","547.99K","+1.48%"
"08/22/2022","141.75","142.15","143.90","140.30","3.08M","-2.84%"
"08/19/2022","145.90","147.00","148.00","144.30","585.26K","-0.31%"
"08/18/2022","146.35","142.15","147.45","142.15","1.02M","+3.35%"
"08/17/2022","141.60","144.75","145.90","141.10","907.35K","-1.67%"
"08/16/2022","144.00","144.90","147.80","143.05","1.22M","+0.59%"
"08/12/2022","143.15","139.00","144.40","138.45","1.02M","+3.54%"
"08/11/2022","138.25","139.00","139.25","137.65","727.61K","+0.07%"
"08/10/2022","138.15","138.25","138.95","137.20","326.09K","-0.07%"
"08/08/2022","138.25","135.50","139.20","135.30","512.97K","+2.71%"
"08/05/2022","134.60","138.00","138.00","132.00","521.86K","-1.10%"
"08/04/2022","136.10","137.65","138.30","134.50","421.50K","-1.02%"
"08/03/2022","137.50","139.65","139.80","136.60","406.65K","-1.08%"
"08/02/2022","139.00","136.10","140.75","135.00","885.67K","+2.13%"
"08/01/2022","136.10","134.35","137.55","134.00","723.07K","+2.52%"
"07/29/2022","132.75","134.00","134.15","131.50","656.20K","-0.41%"
"07/28/2022","133.30","133.20","134.35","131.25","374.36K","+0.87%"
"07/27/2022","132.15","131.60","133.60","131.25","246.37K","+0.61%"
"07/26/2022","131.35","130.50","132.00","129.70","551.59K","-0.42%"
"07/25/2022","131.90","136.00","136.00","131.50","1.38M","-5.82%"
"07/22/2022","140.05","140.85","141.30","139.10","437.76K","+0.47%"
"07/21/2022","139.40","139.60","141.20","137.80","456.62K","+1.68%"
"07/20/2022","137.10","138.80","139.00","136.50","395.72K","+0.15%"
"07/19/2022","136.90","136.30","137.55","135.00","345.29K","+0.70%"
"07/18/2022","135.95","134.85","136.80","134.35","220.50K","+1.76%"
"07/15/2022","133.60","133.10","134.20","132.10","233.08K","+0.91%"
"07/14/2022","132.40","136.00","136.40","132.05","319.25K","-2.25%"
"07/13/2022","135.45","136.10","136.55","134.75","202.96K","+0.00%"
"07/12/2022","135.45","136.90","137.30","134.70","324.13K","-0.99%"
"07/11/2022","136.80","139.50","141.45","136.35","393.82K","-1.58%"
"07/08/2022","139.00","140.60","140.70","138.50","327.36K","+0.04%"
"07/07/2022","138.95","140.25","141.25","137.80","281.33K","-0.36%"
"07/06/2022","139.45","138.40","140.05","137.75","291.54K","+1.23%"
"07/05/2022","137.75","137.75","139.80","137.00","432.96K","+0.51%"
"07/04/2022","137.05","137.10","138.50","136.00","168.20K","+0.26%"
"07/01/2022","136.70","135.80","137.50","134.10","118.08K","+0.37%"
"06/30/2022","136.20","135.50","137.25","135.45","174.10K","+0.89%"
"06/29/2022","135.00","136.00","137.15","134.70","249.31K","-1.60%"
"06/28/2022","137.20","139.00","139.95","136.30","272.48K","-1.47%"
"06/27/2022","139.25","141.35","141.45","138.25","166.70K","+0.47%"
"06/24/2022","138.60","139.70","141.45","137.85","235.51K","-0.29%"
"06/23/2022","139.00","136.50","140.65","135.95","257.93K","+2.02%"
"06/22/2022","136.25","137.05","138.00","135.00","251.45K","-0.80%"
"06/21/2022","137.35","131.30","138.50","131.00","325.80K","+5.13%"
"06/20/2022","130.65","134.70","136.00","129.20","348.51K","-2.46%"
"06/17/2022","133.95","137.50","141.00","133.10","474.14K","-3.08%"
"06/16/2022","138.20","146.00","168.90","137.00","703.77K","-3.46%"
"06/15/2022","143.15","145.85","150.20","142.50","370.90K","-0.69%"
"06/14/2022","144.15","147.00","150.65","140.10","282.45K","-2.50%"
"06/13/2022","147.85","153.00","153.00","147.20","337.12K","-4.52%"
"06/10/2022","154.85","152.75","156.20","152.10","138.29K","+0.52%"
"06/09/2022","154.05","153.00","154.80","152.25","197.86K","+0.33%"
"06/08/2022","153.55","160.40","160.50","153.05","301.90K","-3.28%"
"06/07/2022","158.75","163.70","163.70","158.00","249.41K","-2.88%"
"06/06/2022","163.45","160.40","164.00","156.35","578.68K","+1.55%"
"06/03/2022","160.95","157.80","162.00","157.30","740.78K","+2.58%"
"06/02/2022","156.90","155.50","159.35","155.10","319.38K","+0.51%"
"06/01/2022","156.10","157.80","159.45","152.65","478.31K","-0.57%"
"05/31/2022","157.00","153.10","158.25","151.70","593.82K","+2.55%"
"05/30/2022","153.10","146.00","154.50","144.40","469.78K","+6.02%"
"05/27/2022","144.40","141.90","145.50","141.60","217.10K","+3.66%"
"05/26/2022","139.30","140.00","143.50","138.00","463.57K","-0.68%"
"05/25/2022","140.25","146.50","147.00","139.20","308.24K","-3.91%"
"05/24/2022","145.95","148.50","150.85","145.15","128.45K","-2.31%"
"05/23/2022","149.40","151.45","152.20","148.45","277.77K","-0.86%"
"05/20/2022","150.70","153.40","153.40","149.45","353.81K","+0.63%"
"05/19/2022","149.75","146.40","152.90","144.25","901.94K","+1.35%"
"05/18/2022","147.75","144.00","149.85","144.00","460.64K","+3.79%"
"05/17/2022","142.35","138.40","144.00","138.40","259.22K","+3.72%"
"05/16/2022","137.25","140.50","142.00","136.00","314.10K","-1.82%"
"05/13/2022","139.80","142.15","144.25","139.00","269.05K","+0.07%"
"05/12/2022","139.70","140.90","142.00","127.50","410.67K","-0.36%"
"05/11/2022","140.20","145.95","147.20","139.00","359.48K","-3.48%"
"05/10/2022","145.25","144.20","147.00","125.00","337.05K","+1.04%"
"05/09/2022","143.75","146.30","147.40","141.60","246.24K","-1.44%"
"05/06/2022","145.85","144.95","147.90","142.20","437.60K","+0.24%"
"05/05/2022","145.50","151.00","152.60","144.95","624.30K","-2.18%"
"05/04/2022","148.75","156.00","156.20","147.10","622.57K","-4.13%"
"05/02/2022","155.15","154.80","156.20","152.40","234.99K","-0.67%"
"04/29/2022","156.20","159.30","160.60","155.55","279.38K","-1.64%"
"04/28/2022","158.80","156.90","160.90","154.60","256.99K","+1.73%"
"04/27/2022","156.10","156.90","157.95","153.30","275.69K","-1.17%"
"04/26/2022","157.95","161.90","161.90","157.20","259.92K","-0.79%"
"04/25/2022","159.20","161.00","161.85","159.00","272.66K","-1.70%"
"04/22/2022","161.95","162.40","165.40","160.70","778.15K","-0.28%"
"04/21/2022","162.40","163.50","164.45","161.00","307.61K","-0.43%"
"04/20/2022","163.10","161.85","165.00","160.55","333.89K","+1.30%"
"04/19/2022","161.00","162.30","165.90","157.90","372.12K","-0.03%"
"04/18/2022","161.05","164.80","164.80","159.65","383.00K","-1.80%"
"04/13/2022","164.00","164.90","166.70","163.15","388.43K","+0.06%"
"04/12/2022","163.90","170.20","170.80","163.00","889.75K","-3.70%"
"04/11/2022","170.20","166.10","171.40","166.10","725.89K","+2.78%"
"04/08/2022","165.60","164.30","167.50","163.75","1.43M","+1.35%"
"04/07/2022","163.40","167.25","169.70","163.00","611.47K","-1.80%"
"04/06/2022","166.40","166.75","169.80","164.10","753.31K","-0.69%"
"04/05/2022","167.55","162.00","168.80","160.00","1.12M","+5.34%"
"04/04/2022","159.05","156.00","159.65","155.45","627.77K","+3.38%"
"04/01/2022","153.85","154.45","157.55","153.10","568.08K","-0.52%"
"03/31/2022","154.65","155.45","157.35","152.50","505.35K","-0.03%"
"03/30/2022","154.70","150.00","158.00","150.00","776.61K","+3.69%"
"03/29/2022","149.20","150.00","152.00","148.00","497.61K","+0.47%"
"03/28/2022","148.50","151.65","152.35","148.00","423.44K","-2.08%"
"03/25/2022","151.65","152.70","154.15","151.00","334.37K","-0.39%"
"03/24/2022","152.25","152.35","154.95","151.85","382.34K","-0.07%"
"03/23/2022","152.35","156.00","156.75","151.50","411.44K","-1.55%"
"03/22/2022","154.75","156.80","157.20","153.35","416.42K","-1.02%"
"03/21/2022","156.35","158.25","159.05","155.20","472.08K","+0.26%"
"03/17/2022","155.95","156.50","162.05","154.50","1.35M","+1.66%"
"03/16/2022","153.40","155.10","156.90","151.80","579.91K","-0.20%"
"03/15/2022","153.70","157.00","159.30","152.05","471.54K","-1.03%"
"03/14/2022","155.30","157.00","159.50","153.50","363.72K","-0.58%"
"03/11/2022","156.20","157.80","159.00","155.00","387.34K","-0.41%"
"03/10/2022","156.85","156.70","159.55","154.60","408.31K","+2.38%"
"03/09/2022","153.20","148.35","154.45","146.55","532.32K","+3.97%"
"03/08/2022","147.35","146.50","150.95","144.15","514.07K","+0.51%"
"03/07/2022","146.60","147.30","148.90","144.65","432.08K","-1.15%"
"03/04/2022","148.30","150.10","154.25","147.00","491.15K","-3.42%"
"03/03/2022","153.55","152.45","155.00","151.20","345.70K","+1.42%"
"03/02/2022","151.40","151.00","153.45","149.20","631.39K","-0.98%"
"02/28/2022","152.90","154.15","154.50","147.00","500.57K","-0.29%"
"02/25/2022","153.35","144.60","155.65","144.25","1.17M","+8.22%"
"02/24/2022","141.70","147.80","149.35","140.10","1.07M","-7.33%"
"02/23/2022","152.90","152.00","161.00","152.00","552.91K","+0.72%"
"02/22/2022","151.80","153.80","153.95","150.50","523.42K","-2.75%"
"02/21/2022","156.10","159.90","160.55","155.45","508.06K","-2.77%"
"02/18/2022","160.55","164.00","164.85","159.95","411.86K","-2.22%"
"02/17/2022","164.20","168.20","168.70","163.05","340.21K","-1.91%"
"02/16/2022","167.40","169.80","172.35","165.00","510.54K","-0.42%"
"02/15/2022","168.10","165.50","169.15","162.40","390.29K","+3.61%"
"02/14/2022","162.25","166.65","167.85","160.90","633.54K","-4.42%"
"02/11/2022","169.75","173.00","175.65","169.00","524.89K","-1.99%"
"02/10/2022","173.20","179.25","179.50","171.90","679.31K","-2.42%"
"02/09/2022","177.50","185.85","186.45","176.80","495.94K","-4.03%"
"02/08/2022","184.95","184.90","186.80","181.15","485.25K","+0.85%"
"02/07/2022","183.40","181.50","184.50","180.55","480.49K","+1.78%"
"02/04/2022","180.20","183.70","184.15","179.55","376.87K","-1.40%"
"02/03/2022","182.75","181.25","184.55","179.80","640.59K","+1.50%"
"02/02/2022","180.05","183.00","184.90","179.10","1.09M","+1.04%"
"02/01/2022","178.20","169.95","183.00","169.25","1.29M","+6.42%"
"01/31/2022","167.45","170.00","173.75","166.20","914.97K","-1.53%"
"01/28/2022","170.05","174.00","176.45","169.50","2.35M","-5.42%"
"01/27/2022","179.80","177.00","182.25","173.00","1.30M","-7.03%"
"01/25/2022","193.40","187.00","194.50","183.10","411.26K","+2.95%"
"01/24/2022","187.85","195.00","195.00","185.55","471.76K","-3.02%"
"01/21/2022","193.70","194.90","195.00","191.50","249.51K","-0.72%"
"01/20/2022","195.10","195.00","196.85","189.15","660.25K","+0.80%"
"01/19/2022","193.55","195.50","196.45","192.55","374.39K","-1.00%"
"01/18/2022","195.50","200.50","201.00","194.00","448.18K","-1.81%"
"01/17/2022","199.10","202.40","202.50","198.20","506.49K","-0.35%"
"01/14/2022","199.80","202.30","202.90","199.40","795.99K","+0.55%"
"01/13/2022","198.70","199.40","200.45","196.00","348.55K","+0.15%"
"01/12/2022","198.40","199.55","200.70","197.00","467.25K","-0.10%"
"01/11/2022","198.60","198.50","201.10","198.10","364.90K","-1.14%"
"01/10/2022","200.90","201.15","202.75","200.50","586.55K","-0.12%"
"01/07/2022","201.15","203.95","204.00","200.45","556.64K","-1.03%"
"01/06/2022","203.25","204.25","205.00","202.60","180.96K","-0.29%"
"01/05/2022","203.85","208.20","209.75","203.10","566.22K","-1.74%"
"01/04/2022","207.45","207.75","209.00","206.00","298.53K","+0.02%"
"01/03/2022","207.40","208.00","210.00","206.95","365.02K","+0.19%"
"12/31/2021","207.00","207.00","208.00","205.55","141.04K","+0.19%"
"12/30/2021","206.60","205.00","208.90","203.60","207.13K","+1.47%"
"12/29/2021","203.60","203.90","207.30","202.00","178.58K","-0.37%"
"12/28/2021","204.35","204.05","207.80","203.20","211.98K","+0.59%"
"12/27/2021","203.15","203.10","204.90","201.25","198.65K","-0.76%"
"12/24/2021","204.70","205.60","206.75","203.00","138.83K","-0.63%"
"12/23/2021","206.00","208.70","210.00","205.05","194.06K","-0.51%"
"12/22/2021","207.05","213.15","214.10","205.25","373.30K","-0.74%"
"12/21/2021","208.60","200.60","209.75","199.40","445.20K","+4.67%"
"12/20/2021","199.30","202.90","202.90","195.60","565.67K","-1.17%"
"12/17/2021","201.65","208.85","209.50","199.15","562.93K","-3.22%"
"12/16/2021","208.35","210.00","212.40","207.20","460.58K","-0.71%"
"12/15/2021","209.85","209.50","213.60","206.90","421.79K","+0.43%"
"12/14/2021","208.95","207.00","209.90","206.40","438.76K","+0.41%"
"12/13/2021","208.10","208.90","209.95","206.25","400.93K","+1.51%"
"12/10/2021","205.00","204.00","206.15","204.00","650.65K","+0.05%"
"12/09/2021","204.90","204.20","206.00","202.05","249.84K","+0.74%"
"12/08/2021","203.40","202.90","206.95","201.15","593.91K","+0.77%"
"12/07/2021","201.85","199.00","204.55","198.55","447.22K","+2.23%"
"12/06/2021","197.45","200.00","201.45","197.05","257.47K","-1.72%"
"12/03/2021","200.90","204.50","205.85","200.00","527.90K","-1.78%"
"12/02/2021","204.55","206.30","206.30","201.50","308.39K","+0.05%"
"12/01/2021","204.45","213.70","213.70","203.10","488.21K","-3.49%"
"11/30/2021","211.85","194.60","214.50","194.50","3.47M","+7.92%"
"11/29/2021","196.30","202.00","204.35","185.00","620.22K","-2.85%"
"11/26/2021","202.05","207.25","210.55","200.40","539.35K","-2.98%"
"11/25/2021","208.25","213.40","213.40","207.50","272.90K","-1.16%"
"11/24/2021","210.70","214.80","216.65","208.50","512.86K","-0.33%"
"11/23/2021","211.40","206.00","214.00","203.20","461.33K","+1.71%"
"11/22/2021","207.85","216.10","219.00","206.00","922.37K","-5.44%"
"11/18/2021","219.80","221.50","222.40","217.20","250.53K","-0.25%"
"11/17/2021","220.35","219.60","222.60","219.60","387.94K","-0.41%"
"11/16/2021","221.25","221.95","224.20","218.75","371.77K","-0.16%"
"11/15/2021","221.60","226.70","228.40","219.90","407.03K","-2.29%"
"11/12/2021","226.80","225.45","228.80","224.70","884.88K","+1.30%"
"11/11/2021","223.90","226.60","226.60","221.15","315.98K","-0.91%"
"11/10/2021","225.95","227.00","229.10","221.25","417.19K","-0.83%"
"11/09/2021","227.85","226.00","229.45","226.00","575.09K","+0.97%"
"11/08/2021","225.65","234.00","234.00","224.95","1.69M","-2.84%"
"11/04/2021","232.25","228.90","233.95","228.60","244.93K","+2.00%"
"11/03/2021","227.70","228.65","231.25","227.00","361.86K","-0.09%"
"11/02/2021","227.90","222.85","231.00","222.55","549.75K","+2.27%"
"11/01/2021","222.85","230.50","230.50","221.90","942.45K","+1.25%"
"10/29/2021","220.10","217.00","226.25","214.00","431.08K","+0.46%"
"10/28/2021","219.10","226.30","226.35","218.00","366.96K","-3.27%"
"10/27/2021","226.50","231.40","231.40","224.80","428.40K","+0.07%"
"10/26/2021","226.35","227.10","228.30","224.00","647.09K","+0.18%"
"10/25/2021","225.95","244.40","244.50","225.00","1.70M","+0.69%"
"10/22/2021","224.40","232.00","232.80","220.50","534.38K","-2.20%"
"10/21/2021","229.45","220.00","235.00","220.00","1.89M","+5.37%"
"10/20/2021","217.75","220.40","229.35","211.00","935.51K","-1.85%"
"10/19/2021","221.85","229.95","230.90","218.00","715.85K","-3.27%"
"10/18/2021","229.35","230.00","232.00","228.40","544.97K","+0.46%"
"10/14/2021","228.30","235.00","235.00","227.20","517.16K","-1.32%"
"10/13/2021","231.35","231.50","235.00","230.60","543.99K","+0.39%"
"10/12/2021","230.45","232.25","233.75","229.15","500.11K","-0.78%"
"10/11/2021","232.25","231.70","234.95","230.05","626.33K","+1.33%"
"10/08/2021","229.20","235.00","235.05","228.00","884.32K","-2.24%"
"10/07/2021","234.45","231.10","235.90","228.50","1.02M","+3.26%"
"10/06/2021","227.05","226.85","243.45","225.40","3.04M","+1.07%"
"10/05/2021","224.65","226.00","226.85","222.00","1.21M","-0.22%"
"10/04/2021","225.15","222.00","229.35","222.00","4.40M","+4.24%"
"10/01/2021","216.00","207.80","220.00","206.35","3.77M","+3.45%"
"09/30/2021","208.80","207.80","209.45","204.30","932.33K","+0.46%"
"09/29/2021","207.85","208.50","209.50","204.50","1.91M","-0.45%"
"09/28/2021","208.80","193.55","209.80","193.55","3.71M","+7.66%"
"09/27/2021","193.95","193.75","196.00","190.05","1.16M","+1.12%"
"09/24/2021","191.80","194.65","194.65","190.05","365.70K","-0.57%"
"09/23/2021","192.90","198.00","198.50","192.40","720.92K","-0.92%"
"09/22/2021","194.70","189.70","196.00","187.35","987.14K","+3.15%"
"09/21/2021","188.75","186.90","191.00","180.60","860.10K","+0.91%"
"09/20/2021","187.05","187.90","192.50","185.30","715.80K","-1.24%"
"09/17/2021","189.40","197.60","198.00","185.30","7.49M","-3.78%"
"09/16/2021","196.85","197.50","200.65","193.15","2.19M","+2.10%"
"09/15/2021","192.80","186.00","194.55","185.20","2.20M","+4.24%"
"09/14/2021","184.95","180.90","186.00","180.25","1.63M","+1.65%"
"09/13/2021","181.95","174.85","183.45","173.45","3.24M","+6.28%"
"09/09/2021","171.20","169.15","172.65","168.10","737.64K","+1.21%"
"09/08/2021","169.15","170.70","171.50","168.00","499.98K","-0.76%"
"09/07/2021","170.45","173.05","173.15","169.05","519.26K","-1.13%"
"09/06/2021","172.40","173.80","174.00","171.25","444.43K","+0.73%"
"09/03/2021","171.15","168.95","172.75","168.40","886.54K","+1.81%"
"09/02/2021","168.10","168.00","168.95","167.50","547.58K","+0.00%"
"09/01/2021","168.10","169.00","169.65","167.00","573.35K","+0.09%"
"08/31/2021","167.95","169.95","170.00","167.25","887.07K","-0.68%"
"08/30/2021","169.10","170.95","170.95","168.55","630.69K","+0.21%"
"08/27/2021","168.75","170.00","170.75","167.55","591.55K","-0.24%"
"08/26/2021","169.15","168.95","170.15","167.80","575.17K","+0.83%"
"08/25/2021","167.75","169.00","171.20","166.50","947.25K","+0.06%"
"08/24/2021","167.65","167.45","168.75","166.45","1.02M","+0.36%"
"08/23/2021","167.05","170.50","170.50","164.80","1.02M","+1.03%"
"08/20/2021","165.35","163.20","166.90","160.65","366.66K","-0.96%"
"08/18/2021","166.95","170.00","170.80","166.20","315.86K","-1.68%"
"08/17/2021","169.80","171.75","174.40","169.00","694.40K","-0.76%"
"08/16/2021","171.10","167.00","172.65","166.85","826.62K","+2.52%"
"08/13/2021","166.90","165.20","169.50","165.20","629.60K","+0.82%"
"08/12/2021","165.55","169.80","169.80","164.50","428.45K","-1.05%"
"08/11/2021","167.30","166.60","168.40","160.70","587.18K","+0.45%"
"08/10/2021","166.55","170.90","171.00","165.80","494.31K","-2.40%"
"08/09/2021","170.65","174.90","174.90","170.00","327.76K","-1.98%"
"08/06/2021","174.10","172.75","174.80","172.15","341.66K","+0.14%"
"08/05/2021","173.85","170.00","174.80","165.90","990.83K","+2.57%"
"08/04/2021","169.50","176.45","176.80","167.95","1.20M","-3.36%"
"08/03/2021","175.40","177.50","177.80","175.00","764.14K","-0.43%"
"08/02/2021","176.15","178.00","179.00","173.65","1.40M","-0.48%"
"07/30/2021","177.00","177.70","179.00","176.40","590.98K","+0.17%"
"07/29/2021","176.70","176.50","180.90","175.70","1.36M","+0.88%"
"07/28/2021","175.15","176.25","176.50","171.60","725.07K","+0.26%"
"07/27/2021","174.70","176.65","178.40","173.85","4.54M","-0.82%"
"07/26/2021","176.15","177.25","177.90","175.30","573.52K","-0.03%"
"07/23/2021","176.20","178.00","178.85","174.40","1.06M","-0.76%"
"07/22/2021","177.55","177.20","178.40","176.05","613.02K","+1.40%"
"07/20/2021","175.10","175.00","176.80","171.00","530.02K","-0.37%"
"07/19/2021","175.75","177.00","178.00","175.00","565.25K","-0.85%"
"07/16/2021","177.25","179.00","179.00","176.70","465.84K","-0.64%"
"07/15/2021","178.40","179.20","179.80","177.45","550.24K","-0.45%"
"07/14/2021","179.20","179.95","180.35","177.50","974.48K","-0.14%"
"07/13/2021","179.45","183.40","183.50","179.00","1.03M","-1.43%"
"07/12/2021","182.05","180.60","183.60","180.30","695.44K","+1.11%"
"07/09/2021","180.05","178.85","180.40","177.25","585.76K","+1.21%"
"07/08/2021","177.90","178.80","180.85","176.15","877.03K","-0.34%"
"07/07/2021","178.50","178.90","179.45","177.30","812.93K","-0.31%"
"07/06/2021","179.05","180.55","181.40","178.25","1.05M","-0.39%"
"07/05/2021","179.75","185.40","185.60","178.75","1.21M","-2.20%"
"07/02/2021","183.80","185.20","187.35","183.00","1.09M","-0.24%"
"07/01/2021","184.25","185.90","186.45","182.50","989.35K","+0.16%"
"06/30/2021","183.95","181.20","187.00","180.70","2.17M","+2.28%"
"06/29/2021","179.85","185.50","186.70","177.60","2.29M","-1.34%"
"06/28/2021","182.30","187.00","197.85","180.55","10.25M","+4.80%"
"06/25/2021","173.95","172.90","177.90","172.30","1.63M","+1.31%"
"06/24/2021","171.70","174.95","175.00","170.55","628.17K","-1.12%"
"06/23/2021","173.65","174.00","178.80","172.80","1.27M","+0.52%"
"06/22/2021","172.75","170.00","176.00","169.65","1.24M","+2.46%"
"06/21/2021","168.60","168.00","169.45","165.45","316.95K","-0.44%"
"06/18/2021","169.35","171.80","172.00","162.75","497.46K","+0.09%"
"06/17/2021","169.20","167.90","172.00","166.80","474.59K","+0.77%"
"06/16/2021","167.90","169.35","169.95","167.00","305.14K","+0.51%"
"06/15/2021","167.05","171.00","172.80","166.20","529.12K","-1.62%"
"06/14/2021","169.80","173.00","174.00","167.85","419.73K","-1.19%"
"06/11/2021","171.85","173.80","173.80","170.10","298.24K","-0.29%"
"06/10/2021","172.35","172.60","173.40","171.15","330.65K","+1.00%"
"06/09/2021","170.65","177.00","177.00","169.90","737.85K","-1.56%"
"06/08/2021","173.35","172.90","175.50","171.20","663.72K","+0.26%"
"06/07/2021","172.90","169.20","174.40","169.20","817.04K","+2.86%"
"06/04/2021","168.10","171.70","171.70","167.40","477.64K","-0.94%"
"06/03/2021","169.70","173.50","173.50","169.00","629.28K","-1.19%"
"06/02/2021","171.75","169.00","172.50","166.55","485.80K","+2.38%"
"06/01/2021","167.75","171.00","173.70","165.20","545.84K","-1.32%"
"05/31/2021","170.00","173.00","174.90","169.40","441.16K","-0.73%"
"05/28/2021","171.25","174.40","176.30","170.30","645.00K","-1.30%"
"05/27/2021","173.50","171.50","175.80","168.30","1.35M","+1.43%"
"05/26/2021","171.05","167.00","173.15","166.50","2.07M","+3.48%"
"05/25/2021","165.30","164.00","168.40","160.60","1.79M","+1.66%"
"05/24/2021","162.60","157.85","164.30","156.60","1.30M","+3.80%"
"05/21/2021","156.65","160.00","160.65","156.05","701.61K","-1.63%"
"05/20/2021","159.25","155.55","160.60","154.85","1.05M","+2.91%"
"05/19/2021","154.75","152.50","155.50","152.50","474.25K","+1.98%"
"05/18/2021","151.75","154.10","154.95","151.20","501.58K","-0.78%"
"05/17/2021","152.95","155.00","156.00","151.00","418.14K","+0.36%"
"05/14/2021","152.40","156.85","157.95","151.95","462.92K","-1.87%"
"05/12/2021","155.30","157.45","158.50","154.85","291.92K","-0.16%"
"05/11/2021","155.55","155.00","157.35","148.65","501.87K","+0.26%"
"05/10/2021","155.15","156.20","161.25","154.50","1.63M","-0.64%"
"05/07/2021","156.15","158.90","159.50","155.30","340.25K","-0.67%"
"05/06/2021","157.20","159.70","161.90","156.05","453.56K","-1.07%"
"05/05/2021","158.90","154.80","159.70","154.20","694.23K","+3.89%"
"05/04/2021","152.95","160.00","161.45","152.20","1.19M","-2.67%"
"05/03/2021","157.15","150.00","158.00","149.40","1.11M","+3.90%"
"04/30/2021","151.25","153.75","153.75","150.30","708.59K","+1.10%"
"04/29/2021","149.60","153.80","154.25","148.00","572.67K","-0.63%"
"04/28/2021","150.55","152.10","154.25","149.40","1.15M","+0.27%"
"04/27/2021","150.15","145.10","153.25","145.10","1.61M","+3.84%"
"04/26/2021","144.60","147.00","147.95","144.00","423.13K","-0.28%"
"04/23/2021","145.00","144.70","148.50","142.70","1.52M","+1.36%"
"04/22/2021","143.05","141.00","144.85","140.40","665.27K","+0.18%"
"04/20/2021","142.80","143.10","146.45","142.00","1.10M","-1.28%"
"04/19/2021","144.65","141.90","147.40","138.85","2.17M","-0.24%"
"04/16/2021","145.00","145.40","146.80","144.05","1.77M","+0.94%"
"04/15/2021","143.65","141.00","149.90","135.65","2.58M","+2.83%"
"04/13/2021","139.70","136.20","140.40","136.20","1.46M","+3.33%"
"04/12/2021","135.20","139.20","139.80","134.05","1.35M","-3.57%"
"04/09/2021","140.20","136.00","143.00","136.00","3.19M","+3.28%"
"04/08/2021","135.75","136.00","137.20","135.40","613.31K","+0.00%"
"04/07/2021","135.75","135.90","137.00","135.30","755.82K","+0.67%"
"04/06/2021","134.85","134.00","135.60","132.75","824.19K","+1.31%"
"04/05/2021","133.10","132.60","134.40","130.95","1.17M","+1.64%"
"04/01/2021","130.95","129.65","131.80","129.60","1.37M","+2.95%"
"03/31/2021","127.20","124.40","128.80","124.05","1.16M","+3.75%"
"03/30/2021","122.60","124.20","124.40","121.30","420.12K","-0.41%"
"03/26/2021","123.10","122.80","124.20","121.90","222.84K","+0.57%"
"03/25/2021","122.40","122.00","124.80","120.30","572.76K","+0.87%"
"03/24/2021","121.35","121.70","123.20","120.80","224.97K","-1.18%"
"03/23/2021","122.80","123.00","124.35","122.00","299.24K","+0.29%"
"03/22/2021","122.45","126.00","126.40","121.00","418.10K","-0.97%"
"03/19/2021","123.65","122.00","124.40","120.30","329.69K","+0.12%"
"03/18/2021","123.50","124.85","125.70","121.40","263.11K","-0.56%"
"03/17/2021","124.20","126.00","127.00","123.60","344.33K","-1.35%"
"03/16/2021","125.90","127.20","128.75","125.35","280.83K","-0.43%"
"03/15/2021","126.45","128.00","129.20","125.40","751.94K","-0.71%"
"03/12/2021","127.35","131.40","131.75","126.00","661.56K","-2.11%"
"03/10/2021","130.10","130.80","132.60","128.60","831.58K","+0.42%"
"03/09/2021","129.55","132.20","133.80","128.30","377.86K","-0.84%"
"03/08/2021","130.65","132.95","135.40","129.65","536.90K","-0.72%"
"03/05/2021","131.60","134.90","137.95","130.80","1.04M","-2.45%"
"03/04/2021","134.90","129.40","137.60","127.60","2.38M","+3.97%"
"03/03/2021","129.75","128.00","131.85","127.50","711.93K","+2.17%"
"03/02/2021","127.00","124.60","128.00","124.60","613.89K","+2.05%"
"03/01/2021","124.45","124.40","128.00","123.80","714.35K","+1.51%"
"02/26/2021","122.60","126.20","127.55","121.60","1.37M","-4.48%"
"02/25/2021","128.35","122.80","128.95","121.60","2.74M","+6.12%"
"02/24/2021","120.95","121.30","122.80","120.40","781.14K","-0.04%"
"02/23/2021","121.00","126.45","127.60","120.00","1.24M","-3.82%"
"02/22/2021","125.80","129.20","131.40","125.05","989.21K","-3.16%"
"02/19/2021","129.90","133.00","133.00","129.00","474.77K","-2.44%"
"02/18/2021","133.15","132.45","135.00","132.20","678.53K","+0.53%"
"02/17/2021","132.45","132.20","133.65","131.80","538.99K","-0.30%"
"02/16/2021","132.85","134.80","135.60","132.00","492.63K","-1.48%"
"02/15/2021","134.85","136.00","137.55","134.40","344.06K","-0.22%"
"02/12/2021","135.15","135.60","138.00","134.40","754.23K","+0.04%"
"02/11/2021","135.10","135.80","138.00","133.25","820.88K","-0.59%"
"02/10/2021","135.90","133.40","137.00","132.00","1.20M","+2.88%"
"02/09/2021","132.10","130.65","136.35","128.15","1.33M","+1.50%"
"02/08/2021","130.15","136.40","138.00","129.80","1.40M","-4.05%"
"02/05/2021","135.65","137.70","139.00","134.60","1.56M","+0.82%"
"02/04/2021","134.55","129.00","139.00","129.00","3.85M","+4.30%"
"02/03/2021","129.00","130.40","133.55","128.10","1.97M","+0.35%"
"02/02/2021","128.55","129.95","134.80","125.00","6.53M","+8.44%"
"02/01/2021","118.55","117.40","121.00","115.90","341.20K","+2.73%"
"01/29/2021","115.40","117.60","118.65","114.40","246.59K","-0.60%"
"01/28/2021","116.10","117.60","117.80","115.40","215.62K","-1.61%"
"01/27/2021","118.00","117.15","121.60","116.05","556.62K","+1.20%"
"01/25/2021","116.60","120.80","122.15","116.00","363.08K","-2.79%"
"01/22/2021","119.95","124.00","125.40","119.60","407.36K","-2.76%"
"01/21/2021","123.35","123.55","124.95","123.00","183.01K","+0.33%"
"01/20/2021","122.95","126.35","128.20","122.75","397.98K","-1.28%"
"01/19/2021","124.55","124.10","125.75","122.35","1.35M","+0.85%"
"01/18/2021","123.50","126.40","126.80","123.25","258.79K","-2.14%"
"01/15/2021","126.20","128.50","130.00","125.50","323.93K","-2.02%"
"01/14/2021","128.80","129.00","131.00","128.40","176.20K","-0.50%"
"01/13/2021","129.45","130.25","131.60","128.40","207.82K","-0.12%"
"01/12/2021","129.60","129.60","130.90","128.45","216.66K","-0.73%"
"01/11/2021","130.55","133.20","134.40","128.55","411.23K","-1.69%"
"01/08/2021","132.80","130.80","134.70","129.20","741.22K","+2.00%"
"01/07/2021","130.20","130.25","131.50","129.55","235.69K","+0.46%"
"01/06/2021","129.60","131.00","132.00","129.15","300.80K","-0.84%"
"01/05/2021","130.70","130.80","131.20","128.60","166.63K","-0.19%"
"01/04/2021","130.95","130.00","131.60","128.40","296.38K","+0.19%"
"01/01/2021","130.70","129.40","132.40","128.05","178.04K","+1.16%"
"12/31/2020","129.20","130.00","130.80","128.80","155.90K","-0.12%"
"12/30/2020","129.35","130.00","130.90","127.55","267.92K","+0.15%"
"12/29/2020","129.15","130.00","132.00","128.10","555.33K","+0.43%"
"12/28/2020","128.60","123.20","129.40","122.75","3.79M","+4.51%"
"12/24/2020","123.05","125.80","126.75","122.15","202.03K","-1.05%"
"12/23/2020","124.35","124.95","125.60","123.60","112.53K","+0.00%"
"12/22/2020","124.35","123.70","125.40","120.70","346.82K","-0.36%"
"12/21/2020","124.80","126.00","127.60","123.20","415.30K","-1.62%"
"12/18/2020","126.85","125.20","128.00","124.20","236.09K","+1.24%"
"12/17/2020","125.30","127.60","129.10","124.20","382.17K","-1.34%"
"12/16/2020","127.00","126.75","128.40","126.05","260.68K","+1.44%"
"12/15/2020","125.20","128.05","128.70","124.45","461.44K","-2.23%"
"12/14/2020","128.05","127.20","130.00","127.00","234.81K","-0.12%"
"12/11/2020","128.20","128.85","131.00","127.20","166.52K","+0.00%"
"12/10/2020","128.20","130.55","130.55","127.45","116.76K","-1.80%"
"12/09/2020","130.55","131.00","133.00","129.45","208.76K","-0.38%"
"12/08/2020","131.05","132.75","134.35","129.20","294.12K","-1.06%"
"12/07/2020","132.45","131.40","133.80","130.00","1.10M","+1.57%"
"12/04/2020","130.40","125.00","131.00","124.00","1.29M","+3.90%"
"12/03/2020","125.50","124.55","125.75","123.00","250.78K","+0.76%"
"12/02/2020","124.55","124.45","125.15","122.85","278.25K","+0.08%"
"12/01/2020","124.45","126.40","127.00","123.70","554.60K","-1.35%"
"11/27/2020","126.15","122.60","127.00","121.30","1.29M","+2.94%"
"11/26/2020","122.55","122.00","123.40","121.80","111.09K","+1.11%"
"11/25/2020","121.20","125.25","125.65","120.50","241.18K","-2.73%"
"11/24/2020","124.60","124.80","125.40","123.10","252.28K","+0.24%"
"11/23/2020","124.30","121.30","125.20","121.30","1.09M","+1.89%"
"11/20/2020","122.00","124.15","124.15","121.05","180.51K","-1.05%"
"11/19/2020","123.30","122.00","125.10","121.80","381.61K","+0.78%"
"11/18/2020","122.35","122.15","127.95","120.80","1.62M","+0.16%"
"11/17/2020","122.15","122.60","124.60","119.60","629.90K","-0.65%"
"11/14/2020","122.95","124.00","124.05","122.00","154.81K","+0.61%"
"11/13/2020","122.20","120.40","123.15","119.80","676.70K","+2.05%"
"11/12/2020","119.75","118.80","120.40","117.70","428.51K","+1.83%"
"11/11/2020","117.60","113.10","118.80","113.10","318.93K","+3.43%"
"11/10/2020","113.70","115.75","118.40","113.05","228.96K","-1.77%"
"11/09/2020","115.75","114.00","117.00","113.70","309.88K","+1.80%"
"11/06/2020","113.70","114.40","115.60","112.30","352.50K","+0.09%"
"11/05/2020","113.60","110.30","114.40","109.80","526.16K","+3.51%"
"11/04/2020","109.75","110.05","111.25","109.20","88.10K","-0.59%"
"11/03/2020","110.40","108.40","111.40","108.20","3.30M","+1.38%"
"11/02/2020","108.90","105.00","110.90","102.80","499.77K","+4.21%"
"10/30/2020","104.50","107.60","108.00","104.00","112.33K","-2.88%"
"10/29/2020","107.60","109.10","109.10","105.00","142.16K","-1.51%"
"10/28/2020","109.25","111.00","111.40","108.70","1.30M","-1.35%"
"10/27/2020","110.75","109.70","113.60","108.40","1.79M","+3.99%"
"10/26/2020","106.50","107.00","108.20","105.90","175.22K","+0.57%"
"10/23/2020","105.90","104.90","107.20","104.90","172.67K","+0.95%"
"10/22/2020","104.90","100.50","105.75","99.60","375.86K","+4.90%"
"10/21/2020","100.00","101.00","101.80","99.60","103.78K","-0.99%"
"10/20/2020","101.00","101.80","102.40","99.55","205.94K","-0.25%"
"10/19/2020","101.25","103.60","104.90","100.50","198.89K","-2.27%"
"10/16/2020","103.60","102.40","103.90","102.40","74.31K","+1.12%"
"10/15/2020","102.45","104.00","104.20","102.15","89.66K","-1.21%"
"10/14/2020","103.70","99.80","104.20","99.65","263.70K","+3.29%"
"10/13/2020","100.40","102.20","102.40","99.80","66.98K","-1.28%"
"10/12/2020","101.70","100.30","102.00","100.25","53.38K","+0.84%"
"10/09/2020","100.85","102.60","102.70","99.70","69.03K","-1.22%"
"10/08/2020","102.10","102.00","103.20","100.75","74.83K","+0.34%"
"10/07/2020","101.75","103.35","104.00","101.35","72.67K","-1.02%"
"10/06/2020","102.80","103.70","106.00","102.50","112.06K","-1.30%"
"10/05/2020","104.15","101.80","104.80","100.50","144.86K","+0.73%"
"10/01/2020","103.40","100.90","104.40","100.90","129.87K","+2.99%"
"09/30/2020","100.40","101.10","101.60","99.10","82.28K","-0.20%"
"09/29/2020","100.60","102.75","102.80","100.20","76.16K","-0.79%"
"09/28/2020","101.40","101.20","102.40","99.25","111.72K","+2.06%"
"09/25/2020","99.35","98.10","100.45","98.00","129.23K","+1.22%"
"09/24/2020","98.15","101.20","102.00","97.40","148.04K","-4.06%"
"09/23/2020","102.30","104.55","105.40","101.25","116.59K","-1.63%"
"09/22/2020","104.00","103.20","104.90","98.00","270.70K","+0.63%"
"09/21/2020","103.35","108.00","109.95","102.20","177.84K","-4.83%"
"09/18/2020","108.60","108.60","109.45","105.40","305.26K","+1.50%"
"09/17/2020","107.00","106.95","108.95","105.40","205.90K","+0.47%"
"09/16/2020","106.50","107.60","107.70","105.15","106.58K","-0.75%"
"09/15/2020","107.30","109.60","109.90","106.15","136.20K","-1.60%"
"09/14/2020","109.05","103.60","109.80","102.25","834.74K","+7.81%"
"09/11/2020","101.15","101.80","102.60","101.00","101.72K","-0.93%"
"09/10/2020","102.10","100.65","104.40","99.65","182.39K","+1.90%"
"09/09/2020","100.20","101.20","101.60","99.85","171.10K","-1.57%"
"09/08/2020","101.80","102.10","103.20","101.45","158.79K","-0.29%"
"09/07/2020","102.10","102.05","104.95","101.20","394.44K","-0.10%"
"09/04/2020","102.20","102.85","103.90","101.20","366.30K","-2.48%"
"09/03/2020","104.80","101.55","108.65","101.55","1.15M","+3.71%"
"09/02/2020","101.05","101.75","102.50","100.20","122.07K","+0.10%"
"09/01/2020","100.95","101.20","101.55","99.05","101.43K","-0.10%"
"08/31/2020","101.05","103.60","104.00","100.80","524.70K","-2.46%"
"08/28/2020","103.60","102.00","104.80","102.00","508.27K","+1.57%"
"08/27/2020","102.00","101.35","103.45","101.20","285.94K","+0.00%"
"08/26/2020","102.00","103.90","103.90","100.65","908.16K","+1.44%"
"08/25/2020","100.55","93.40","103.00","92.20","2.16M","+8.06%"
"08/24/2020","93.05","94.75","94.80","92.60","203.33K","+0.05%"
"08/21/2020","93.00","93.40","95.60","92.00","642.89K","+0.43%"
"08/20/2020","92.60","92.40","93.00","91.30","502.64K","+0.38%"
"08/19/2020","92.25","90.40","93.80","90.10","1.16M","+2.56%"
"08/18/2020","89.95","89.70","91.20","89.60","306.83K","-0.11%"
"08/17/2020","90.05","90.15","91.00","89.50","632.25K","+0.39%"
"08/14/2020","89.70","90.00","91.15","89.20","156.95K","-0.33%"
"08/13/2020","90.00","90.55","91.20","89.45","109.74K","-0.55%"
"08/12/2020","90.50","91.20","91.20","90.20","84.85K","-0.06%"
"08/11/2020","90.55","91.00","91.65","90.10","281.99K","-0.17%"
"08/10/2020","90.70","91.00","92.15","90.00","182.73K","+0.83%"
"08/07/2020","89.95","89.75","90.75","89.05","155.56K","+1.18%"
"08/06/2020","88.90","92.40","93.20","87.60","599.88K","-3.84%"
"08/05/2020","92.45","92.80","93.20","91.00","143.19K","+0.16%"
"08/04/2020","92.30","92.90","93.20","92.00","74.59K","-0.11%"
"08/03/2020","92.40","92.00","93.20","91.20","123.38K","+0.33%"
"07/31/2020","92.10","93.00","93.55","91.60","648.88K","-1.07%"
"07/30/2020","93.10","92.00","93.75","92.00","165.36K","+1.03%"
"07/29/2020","92.15","90.20","93.20","90.00","123.94K","+2.56%"
"07/28/2020","89.85","90.50","91.65","89.40","200.87K","-1.21%"
"07/27/2020","90.95","92.00","92.65","90.70","94.25K","-0.87%"
"07/24/2020","91.75","93.00","94.40","91.60","159.71K","-1.34%"
"07/23/2020","93.00","93.15","95.35","92.60","310.00K","+1.14%"
"07/22/2020","91.95","92.45","92.70","91.60","135.63K","-0.05%"
"07/21/2020","92.00","92.95","92.95","90.80","127.00K","+0.38%"
"07/20/2020","91.65","92.15","93.20","91.20","129.89K","-0.33%"
"07/17/2020","91.95","92.20","93.35","91.50","112.31K","+0.22%"
"07/16/2020","91.75","93.35","93.90","90.60","114.15K","-1.24%"
"07/15/2020","92.90","94.25","95.00","92.45","120.96K","-0.96%"
"07/14/2020","93.80","94.00","94.80","93.20","102.08K","-0.16%"
"07/13/2020","93.95","96.80","96.80","93.30","252.60K","-2.44%"
"07/10/2020","96.30","98.00","98.60","96.00","197.56K","-1.88%"
"07/09/2020","98.15","98.00","99.60","97.00","407.82K","+0.15%"
"07/08/2020","98.00","98.20","99.70","97.10","266.13K","+0.26%"
"07/07/2020","97.75","97.40","99.20","97.00","124.85K","+0.15%"
"07/06/2020","97.60","99.45","99.85","97.20","147.52K","-1.36%"
"07/03/2020","98.95","99.60","100.80","98.20","74.76K","-0.40%"
"07/02/2020","99.35","99.80","101.00","99.00","72.30K","-0.35%"
"07/01/2020","99.70","99.55","100.85","98.80","159.83K","+0.10%"
"06/30/2020","99.60","102.20","103.55","99.40","191.97K","-2.88%"
"06/29/2020","102.55","105.20","105.40","100.05","272.43K","-1.49%"
"06/26/2020","104.10","98.00","106.10","97.55","1.10M","+7.71%"
"06/25/2020","96.65","99.00","99.00","95.55","406.65K","-2.96%"
"06/24/2020","99.60","97.80","103.60","97.80","1.70M","+3.48%"
"06/23/2020","96.25","96.80","97.75","94.20","150.91K","+0.31%"
"06/22/2020","95.95","96.60","100.35","95.70","370.00K","+0.10%"
"06/19/2020","95.85","91.65","96.80","91.25","429.19K","+5.10%"
"06/18/2020","91.20","90.80","92.70","89.50","107.86K","+1.84%"
"06/17/2020","89.55","90.00","90.85","87.60","183.22K","+0.28%"
"06/16/2020","89.30","92.00","92.40","89.00","106.39K","-1.27%"
"06/15/2020","90.45","91.00","93.05","90.05","81.44K","-2.53%"
"06/12/2020","92.80","91.60","93.20","88.40","163.98K","-0.11%"
"06/11/2020","92.90","93.40","94.90","91.65","147.94K","-1.12%"
"06/10/2020","93.95","95.70","95.75","93.40","177.15K","-1.16%"
"06/09/2020","95.05","96.00","96.00","94.00","326.32K","-0.05%"
"06/08/2020","95.10","98.40","98.40","95.00","183.78K","+0.63%"
"06/05/2020","94.50","91.60","95.90","91.60","176.71K","+2.89%"
"06/04/2020","91.85","94.00","94.00","91.10","130.25K","-2.55%"
"06/03/2020","94.25","94.80","95.40","93.60","313.23K","-0.26%"
"06/02/2020","94.50","96.35","96.55","93.45","324.87K","-0.32%"
"06/01/2020","94.80","88.00","97.60","88.00","1.08M","+11.53%"
"05/29/2020","85.00","83.00","86.00","82.20","194.90K","+3.53%"
"05/28/2020","82.10","82.00","84.20","81.30","105.84K","+0.67%"
"05/27/2020","81.55","82.00","82.90","80.95","148.44K","-0.12%"
"05/26/2020","81.65","81.00","81.80","80.70","128.59K","+1.87%"
"05/22/2020","80.15","79.00","81.90","78.60","208.66K","+1.26%"
"05/21/2020","79.15","78.60","80.40","78.20","191.89K","+1.41%"
"05/20/2020","78.05","77.40","79.00","76.40","150.04K","+1.10%"
"05/19/2020","77.20","77.50","78.40","76.65","78.83K","+0.13%"
"05/18/2020","77.10","78.80","78.80","76.10","98.36K","-0.84%"
"05/15/2020","77.75","78.20","78.80","76.60","58.90K","-0.13%"
"05/14/2020","77.85","77.35","79.90","77.05","340.24K","+1.10%"
"05/13/2020","77.00","75.60","77.75","74.30","162.94K","+5.77%"
"05/12/2020","72.80","71.95","73.50","71.90","98.60K","+1.18%"
"05/11/2020","71.95","76.60","77.60","71.40","361.63K","-3.36%"
"05/08/2020","74.45","76.00","76.60","73.55","142.44K","-1.06%"
"05/07/2020","75.25","72.80","75.75","71.35","164.58K","+3.79%"
"05/06/2020","72.50","76.20","76.20","72.00","174.21K","-3.59%"
"05/05/2020","75.20","77.80","77.80","75.00","86.51K","-1.57%"
"05/04/2020","76.40","79.40","79.85","75.00","255.85K","-4.92%"
"04/30/2020","80.35","78.80","83.00","77.50","247.63K","+4.35%"
"04/29/2020","77.00","76.75","78.10","75.45","101.65K","+1.05%"
"04/28/2020","76.20","77.60","78.15","75.60","207.16K","+0.40%"
"04/27/2020","75.90","77.20","79.95","74.00","367.56K","-0.91%"
"04/24/2020","76.60","80.80","80.80","76.40","222.02K","-4.25%"
"04/23/2020","80.00","82.00","84.40","79.30","122.58K","-3.44%"
"04/22/2020","82.85","80.45","83.40","80.00","90.27K","+1.59%"
"04/21/2020","81.55","86.00","86.00","80.65","141.67K","-5.34%"
"04/20/2020","86.15","86.40","88.20","85.00","127.45K","+0.64%"
"04/17/2020","85.60","84.80","86.40","84.80","116.64K","+2.33%"
"04/16/2020","83.65","83.90","85.00","82.75","99.72K","-1.47%"
"04/15/2020","84.90","85.00","85.80","82.20","335.95K","+0.41%"
"04/13/2020","84.55","75.00","85.80","74.40","940.36K","+13.03%"
"04/09/2020","74.80","76.00","76.85","74.20","147.41K","+0.67%"
"04/08/2020","74.30","74.80","76.80","73.65","93.35K","+0.20%"
"04/07/2020","74.15","77.35","77.35","73.20","367.98K","-0.20%"
"04/03/2020","74.30","76.15","77.55","73.40","117.58K","-2.43%"
"04/01/2020","76.15","81.00","81.00","75.00","65.52K","-3.06%"
"03/31/2020","78.55","72.80","79.45","72.80","222.07K","+8.72%"
"03/30/2020","72.25","71.10","75.35","71.10","193.61K","-4.24%"
"03/27/2020","75.45","74.40","76.05","71.00","134.25K","+9.11%"
"03/26/2020","69.15","62.10","69.15","62.10","74.13K","+10.02%"
"03/25/2020","62.85","60.80","65.00","60.55","76.03K","+3.80%"
"03/24/2020","60.55","61.00","66.60","58.00","147.76K","-0.25%"
"03/23/2020","60.70","70.00","70.00","60.40","325.93K","-19.60%"
"03/20/2020","75.50","75.60","78.00","68.60","306.18K","-0.20%"
"03/19/2020","75.65","89.75","89.75","74.40","738.57K","-16.91%"
"03/18/2020","91.05","97.60","97.95","85.95","396.90K","-7.23%"
"03/17/2020","98.15","96.05","99.00","96.05","527.89K","-0.71%"
"03/16/2020","98.85","99.40","103.95","97.05","1.66M","-1.84%"
"03/13/2020","100.70","96.00","106.40","82.35","667.61K","-1.52%"
"03/12/2020","102.25","111.50","111.50","100.10","284.80K","-9.15%"
"03/11/2020","112.55","112.80","113.20","110.80","662.03K","-0.18%"
"03/09/2020","112.75","108.60","114.20","107.25","371.82K","+2.08%"
"03/06/2020","110.45","106.40","111.00","106.40","83.51K","+0.36%"
"03/05/2020","110.05","109.20","110.75","109.20","70.80K","+0.00%"
"03/04/2020","110.05","110.00","110.80","109.10","132.56K","-0.05%"
"03/03/2020","110.10","108.50","111.00","108.50","121.56K","+0.87%"
"03/02/2020","109.15","107.60","110.00","106.40","140.69K","+0.51%"
"02/28/2020","108.60","108.80","110.80","107.00","184.02K","-2.25%"
"02/27/2020","111.10","110.80","111.35","109.95","82.08K","+0.36%"
"02/26/2020","110.70","109.60","111.25","109.60","61.92K","-0.49%"
"02/25/2020","111.25","115.00","115.00","110.00","242.10K","-1.42%"
"02/24/2020","112.85","113.20","115.55","109.60","260.14K","-0.49%"
"02/20/2020","113.40","110.80","113.80","110.00","251.57K","+3.00%"
"02/19/2020","110.10","109.05","110.80","109.05","103.73K","+0.27%"
"02/18/2020","109.80","110.80","112.00","89.15","217.66K","-1.26%"
"02/17/2020","111.20","107.65","112.40","107.60","328.69K","+2.96%"
"02/14/2020","108.00","109.60","109.60","107.80","93.31K","-1.10%"
"02/13/2020","109.20","108.90","110.80","108.35","124.16K","+0.23%"
"02/12/2020","108.95","109.10","110.20","108.40","97.22K","-0.14%"
"02/11/2020","109.10","110.00","110.75","108.50","93.86K","-0.86%"
"02/10/2020","110.05","110.20","112.00","109.40","105.52K","-0.72%"
"02/07/2020","110.85","112.00","112.80","110.00","110.30K","-0.05%"
"02/06/2020","110.90","111.95","111.95","110.60","43.16K","-0.27%"
"02/05/2020","111.20","111.95","112.00","110.15","101.94K","+0.41%"
"02/04/2020","110.75","110.00","112.00","110.00","77.97K","+1.37%"
"02/03/2020","109.25","110.00","114.35","107.60","176.95K","-2.11%"
"02/01/2020","111.60","113.15","117.00","110.00","551.00K","-0.45%"
"01/31/2020","112.10","114.00","114.00","111.55","82.16K","-0.66%"
"01/30/2020","112.85","113.20","113.40","111.80","72.72K","+0.27%"
"01/29/2020","112.55","113.20","116.20","111.40","788.24K","+0.22%"
"01/28/2020","112.30","112.00","113.00","111.00","160.68K","+1.13%"
"01/27/2020","111.05","110.80","112.00","110.80","70.25K","-1.20%"
"01/24/2020","112.40","111.80","113.40","108.70","254.01K","+1.77%"
"01/23/2020","110.45","112.75","113.15","110.20","66.30K","-1.12%"
"01/22/2020","111.70","113.00","114.00","111.05","91.84K","-0.36%"
"01/21/2020","112.10","113.20","115.00","111.65","64.60K","-1.45%"
"01/20/2020","113.75","115.55","116.60","113.50","97.43K","-0.52%"
"01/17/2020","114.35","114.80","115.75","113.60","70.45K","-0.35%"
"01/16/2020","114.75","116.70","117.60","114.40","101.26K","-1.63%"
"01/15/2020","116.65","116.40","117.80","116.10","232.84K","-0.77%"
"01/14/2020","117.55","117.95","118.40","116.90","99.81K","+0.21%"
"01/13/2020","117.30","115.60","118.00","115.40","363.82K","+2.13%"
"01/10/2020","114.85","113.00","115.60","112.40","190.55K","+2.50%"
"01/09/2020","112.05","110.00","115.40","110.00","377.09K","+3.13%"
"01/08/2020","108.65","108.20","109.20","107.25","46.69K","+0.28%"
"01/07/2020","108.35","108.20","109.50","108.00","92.61K","-0.14%"
"01/06/2020","108.50","109.00","109.40","108.00","83.69K","-1.14%"
"01/03/2020","109.75","110.05","110.80","108.85","73.13K","+0.14%"
"01/02/2020","109.60","108.40","110.20","107.10","115.11K","+1.53%"
"01/01/2020","107.95","108.40","110.40","107.05","104.86K","-1.19%"
"12/31/2019","109.25","108.85","110.10","108.00","124.19K","+0.46%"
"12/30/2019","108.75","109.00","109.20","108.25","159.48K","-0.23%"
"12/27/2019","109.00","108.85","109.55","107.60","62.51K","+0.28%"
"12/26/2019","108.70","108.65","109.05","108.05","46.55K","+0.23%"
"12/24/2019","108.45","108.00","109.60","107.40","65.75K","+0.42%"
"12/23/2019","108.00","108.40","109.50","107.20","118.76K","-0.96%"
"12/20/2019","109.05","110.75","111.90","108.60","64.27K","-0.91%"
"12/19/2019","110.05","108.00","110.80","108.00","102.43K","+1.29%"
"12/18/2019","108.65","110.00","110.70","108.10","490.84K","-1.27%"
"12/17/2019","110.05","110.80","111.85","109.85","52.34K","-1.03%"
"12/16/2019","111.20","110.20","112.00","108.40","110.76K","+0.91%"
"12/13/2019","110.20","110.65","111.25","108.75","93.45K","-0.18%"
"12/12/2019","110.40","112.00","112.00","109.60","307.69K","-0.59%"
"12/11/2019","111.05","110.00","111.90","108.05","94.51K","+1.00%"
"12/10/2019","109.95","112.00","112.50","109.00","67.73K","-1.83%"
"12/09/2019","112.00","113.00","114.40","111.70","229.69K","-0.93%"
"12/06/2019","113.05","115.95","116.10","113.00","91.27K","-2.50%"
"12/05/2019","115.95","116.60","117.60","115.00","281.90K","-1.19%"
"12/04/2019","117.35","117.00","118.00","116.10","227.56K","+0.09%"
"12/03/2019","117.25","116.60","117.90","116.05","108.88K","+0.04%"
"12/02/2019","117.20","116.20","117.60","115.00","86.28K","+0.90%"
"11/29/2019","116.15","116.75","116.80","115.20","99.94K","-0.13%"
"11/28/2019","116.30","116.00","116.65","114.45","103.30K","+0.78%"
"11/27/2019","115.40","114.40","116.00","114.40","102.59K","+0.92%"
"11/26/2019","114.35","114.60","118.90","113.60","323.73K","-0.57%"
"11/25/2019","115.00","112.80","115.95","112.80","115.81K","+1.63%"
"11/22/2019","113.15","114.00","115.50","113.00","119.44K","-0.09%"
"11/21/2019","113.25","113.05","115.60","113.05","85.49K","-0.35%"
"11/20/2019","113.65","114.20","114.40","112.60","127.22K","+0.40%"
"11/19/2019","113.20","115.60","115.60","112.85","87.80K","-1.52%"
"11/18/2019","114.95","113.45","115.40","112.90","155.55K","+0.79%"
"11/15/2019","114.05","115.00","115.70","114.00","96.15K","-0.87%"
"11/14/2019","115.05","116.40","117.05","114.80","201.87K","-1.75%"
"11/13/2019","117.10","118.00","118.00","116.10","133.91K","-1.89%"
"11/11/2019","119.35","118.45","120.55","118.10","78.72K","+0.76%"
"11/08/2019","118.45","122.25","123.35","118.00","140.70K","-2.63%"
"11/07/2019","121.65","117.95","123.55","116.60","320.90K","+4.78%"
"11/06/2019","116.10","118.00","118.00","115.80","96.71K","-0.85%"
"11/05/2019","117.10","118.00","119.10","116.10","68.30K","-0.93%"
"11/04/2019","118.20","119.45","120.75","118.00","111.48K","-1.70%"
"11/01/2019","120.25","121.05","122.80","120.00","300.50K","-0.66%"
"10/31/2019","121.05","121.00","122.60","120.45","611.96K","-0.08%"
"10/30/2019","121.15","121.00","122.40","120.40","353.41K","-0.66%"
"10/29/2019","121.95","121.80","123.80","120.90","108.28K","-0.69%"
"10/27/2019","122.80","122.20","123.60","121.60","52.42K","+1.11%"
"10/25/2019","121.45","120.20","122.00","119.45","83.91K","+1.00%"
"10/24/2019","120.25","121.40","123.00","119.70","115.41K","-1.72%"
"10/23/2019","122.35","123.80","125.00","121.00","210.76K","-0.77%"
"10/22/2019","123.30","123.75","125.40","122.40","204.56K","+0.74%"
"10/18/2019","122.40","119.00","125.00","118.45","522.72K","+3.03%"
"10/17/2019","118.80","120.60","122.75","118.00","240.37K","-1.00%"
"10/16/2019","120.00","119.00","120.75","117.70","336.14K","+1.44%"
"10/15/2019","118.30","118.45","119.60","117.05","95.96K","+0.72%"
"10/14/2019","117.45","117.80","120.00","117.00","677.63K","+0.04%"
"10/11/2019","117.40","116.80","117.80","115.60","75.35K","+0.69%"
"10/10/2019","116.60","116.80","117.55","115.60","77.81K","+0.00%"
"10/09/2019","116.60","115.60","116.80","114.00","89.75K","+1.92%"
"10/07/2019","114.40","116.80","119.20","113.80","94.12K","-2.22%"
"10/04/2019","117.00","118.80","119.20","116.20","67.47K","-0.81%"
"10/03/2019","117.95","118.80","119.30","116.80","552.30K","+0.13%"
"10/01/2019","117.80","119.20","120.00","117.10","189.42K","-1.17%"
"09/30/2019","119.20","116.75","120.20","115.20","599.17K","+2.27%"
"09/27/2019","116.55","114.40","117.60","114.40","123.84K","+2.15%"
"09/26/2019","114.10","115.15","116.55","113.40","60.23K","-0.87%"
"09/25/2019","115.10","120.05","120.05","114.40","112.44K","-4.24%"
"09/24/2019","120.20","124.00","124.40","118.60","1.17M","-1.92%"
"09/23/2019","122.55","117.20","124.75","117.20","528.68K","+4.83%"
"09/20/2019","116.90","108.40","118.60","108.40","566.62K","+6.42%"
"09/19/2019","109.85","109.45","111.00","108.60","353.45K","+0.73%"
"09/18/2019","109.05","107.95","109.80","107.95","342.64K","+1.39%"
"09/17/2019","107.55","105.20","109.60","103.75","476.75K","+2.23%"
"09/16/2019","105.20","103.60","105.80","103.20","90.33K","+0.38%"
"09/13/2019","104.80","103.10","105.80","102.60","136.91K","+2.00%"
"09/12/2019","102.75","102.40","103.60","101.30","90.36K","-0.05%"
"09/11/2019","102.80","102.00","103.20","102.00","62.15K","+0.59%"
"09/09/2019","102.20","103.00","103.70","101.60","46.29K","-1.06%"
"09/06/2019","103.30","100.00","103.80","100.00","136.54K","+3.25%"
"09/05/2019","100.05","100.00","100.60","100.00","99.61K","-0.25%"
"09/04/2019","100.30","100.00","100.70","100.00","76.88K","+0.25%"
"09/03/2019","100.05","100.60","101.60","99.40","82.69K","-0.65%"
"08/30/2019","100.70","101.05","102.40","100.25","83.97K","-0.59%"
"08/29/2019","101.30","101.80","103.00","101.00","44.82K","-0.49%"
"08/28/2019","101.80","102.85","103.90","101.20","65.16K","-1.55%"
"08/27/2019","103.40","100.40","104.90","100.30","259.34K","+3.30%"
"08/26/2019","100.10","101.20","101.20","100.00","57.52K","-0.05%"
"08/23/2019","100.15","99.50","101.20","99.50","102.69K","+0.15%"
"08/22/2019","100.00","100.20","100.70","99.55","119.66K","-0.05%"
"08/21/2019","100.05","101.00","101.40","99.80","117.03K","-0.20%"
"08/20/2019","100.25","103.10","104.40","100.00","504.36K","-3.14%"
"08/19/2019","103.50","102.00","104.55","101.60","88.83K","+0.93%"
"08/16/2019","102.55","106.00","106.00","101.80","207.49K","-2.24%"
"08/14/2019","104.90","106.00","106.55","103.80","90.42K","-0.19%"
"08/13/2019","105.10","105.60","106.20","102.40","467.12K","-1.59%"
"08/09/2019","106.80","105.25","107.15","105.00","95.31K","+1.09%"
"08/08/2019","105.65","103.60","106.80","102.60","107.80K","+2.03%"
"08/07/2019","103.55","106.00","106.95","102.85","58.84K","-2.13%"
"08/06/2019","105.80","104.80","106.80","103.70","968.40K","+1.44%"
"08/05/2019","104.30","103.60","105.80","101.10","225.34K","+0.10%"
"08/02/2019","104.20","102.40","105.55","102.40","164.15K","+1.02%"
"08/01/2019","103.15","105.20","106.25","102.35","350.16K","-2.09%"
"07/31/2019","105.35","101.40","107.00","101.10","258.98K","+2.98%"
"07/30/2019","102.30","102.40","103.00","100.65","109.51K","-0.49%"
"07/29/2019","102.80","103.45","103.45","100.65","104.33K","-0.15%"
"07/26/2019","102.95","100.10","103.80","100.10","129.48K","+1.78%"
"07/25/2019","101.15","100.35","102.00","100.10","130.44K","+0.80%"
"07/24/2019","100.35","103.60","104.80","99.85","96.70K","-3.69%"
"07/23/2019","104.20","103.40","105.00","102.30","420.85K","+1.36%"
"07/22/2019","102.80","105.20","105.40","101.60","1.07M","-2.10%"
"07/19/2019","105.00","103.20","105.60","103.00","234.53K","+1.74%"
"07/18/2019","103.20","104.00","104.00","102.30","74.19K","-0.77%"
"07/17/2019","104.00","100.45","105.20","100.35","252.22K","+2.67%"
"07/16/2019","101.30","100.00","102.10","100.00","83.56K","+0.25%"
"07/15/2019","101.05","100.60","101.70","99.80","92.08K","+0.50%"
"07/12/2019","100.55","99.30","101.30","99.30","77.81K","+1.16%"
"07/11/2019","99.40","100.20","101.00","99.00","56.02K","-0.55%"
"07/10/2019","99.95","101.10","101.90","99.80","115.23K","-1.24%"
"07/09/2019","101.20","100.65","102.15","100.25","305.32K","-0.83%"
"07/08/2019","102.05","104.00","104.00","100.40","141.13K","-1.73%"
"07/05/2019","103.85","105.90","108.40","102.65","674.89K","-1.19%"
"07/04/2019","105.10","105.20","106.00","104.60","114.05K","-0.05%"
"07/03/2019","105.15","106.00","106.90","104.05","148.21K","-0.38%"
"07/02/2019","105.55","106.30","107.45","104.20","196.38K","-0.19%"
"07/01/2019","105.75","101.25","107.20","100.70","531.32K","+4.29%"
"06/28/2019","101.40","100.40","102.15","100.40","66.98K","+1.15%"
"06/27/2019","100.25","102.40","102.40","100.00","84.83K","-0.15%"
"06/26/2019","100.40","102.20","102.20","100.10","75.88K","-1.62%"
"06/25/2019","102.05","100.30","102.30","100.00","96.14K","+1.90%"
"06/24/2019","100.15","102.00","103.30","100.00","48.74K","-1.48%"
"06/21/2019","101.65","103.60","103.60","100.55","200.17K","-0.88%"
"06/20/2019","102.55","100.00","102.60","100.00","392.24K","+2.55%"
"06/19/2019","100.00","101.00","101.00","100.00","174.39K","-0.10%"
"06/18/2019","100.10","101.20","102.15","98.90","115.34K","-1.72%"
"06/17/2019","101.85","100.40","102.60","100.40","312.65K","+1.65%"
"06/14/2019","100.20","102.40","102.40","100.00","332.42K","-1.72%"
"06/13/2019","101.95","102.10","102.10","100.00","127.23K","+0.84%"
"06/12/2019","101.10","103.50","104.80","100.20","350.24K","-1.75%"
"06/11/2019","102.90","97.85","104.00","96.80","872.58K","+5.97%"
"06/10/2019","97.10","98.80","99.30","96.95","210.38K","-0.77%"
"06/07/2019","97.85","97.70","98.20","97.00","208.28K","-0.10%"
"06/06/2019","97.95","97.60","98.95","97.60","62.31K","-0.51%"
"06/04/2019","98.45","98.00","99.40","97.95","48.72K","+0.00%"
"06/03/2019","98.45","98.10","100.00","98.10","183.00K","-0.61%"
"05/31/2019","99.05","100.00","100.80","98.15","85.94K","-0.30%"
"05/30/2019","99.35","99.00","100.00","98.80","112.61K","+0.81%"
"05/29/2019","98.55","98.80","99.90","98.20","62.09K","+0.00%"
"05/28/2019","98.55","98.60","101.00","98.05","2.12M","-0.20%"
"05/27/2019","98.75","92.70","99.95","92.20","979.53K","+7.86%"
"05/24/2019","91.55","91.55","92.70","90.80","184.55K","+0.66%"
"05/23/2019","90.95","94.00","94.00","90.40","121.30K","-2.31%"
"05/22/2019","93.10","90.80","93.60","90.80","100.55K","+2.31%"
"05/21/2019","91.00","91.90","91.95","90.00","101.41K","-1.14%"
"05/20/2019","92.05","90.45","93.80","89.40","232.13K","+2.79%"
"05/17/2019","89.55","89.80","90.00","88.40","45.02K","+1.19%"
"05/16/2019","88.50","89.75","89.75","88.25","43.49K","-1.06%"
"05/15/2019","89.45","89.50","90.00","88.75","65.68K","+0.96%"
"05/14/2019","88.60","90.40","90.40","88.20","174.38K","-3.43%"
"05/13/2019","91.75","91.40","92.40","88.10","246.81K","+1.21%"
"05/10/2019","90.65","90.00","91.00","89.10","39.22K","+0.72%"
"05/09/2019","90.00","91.60","91.85","89.00","84.19K","-1.85%"
"05/08/2019","91.70","91.90","92.05","91.05","48.38K","-0.16%"
"05/07/2019","91.85","92.50","92.75","91.05","58.87K","+0.27%"
"05/06/2019","91.60","91.60","93.00","90.85","94.08K","-0.49%"
"05/03/2019","92.05","92.40","92.90","92.00","49.98K","-0.38%"
"05/02/2019","92.40","92.80","93.60","92.00","71.67K","-0.38%"
"04/30/2019","92.75","94.00","94.00","92.10","66.54K","-0.54%"
"04/26/2019","93.25","91.00","94.20","91.00","108.12K","+1.75%"
"04/25/2019","91.65","93.00","94.50","91.20","1.25M","-0.92%"
"04/24/2019","92.50","94.00","94.20","91.60","105.53K","-0.80%"
"04/23/2019","93.25","94.40","94.95","92.80","134.71K","-0.80%"
"04/22/2019","94.00","96.40","97.35","94.00","211.34K","-2.44%"
"04/18/2019","96.35","97.60","98.10","96.30","59.87K","-1.28%"
"04/16/2019","97.60","97.80","98.30","97.00","90.99K","+0.77%"
"04/15/2019","96.85","97.00","97.60","96.45","62.32K","-0.15%"
"04/12/2019","97.00","97.00","98.00","96.40","47.77K","-0.36%"
"04/11/2019","97.35","98.00","99.00","96.05","132.91K","+0.26%"
"04/10/2019","97.10","96.80","98.70","96.60","51.63K","-0.66%"
"04/09/2019","97.75","97.80","98.75","96.75","41.95K","-0.10%"
"04/08/2019","97.85","96.40","98.80","96.15","83.50K","+0.62%"
"04/05/2019","97.25","96.20","97.60","95.00","121.73K","+2.15%"
"04/04/2019","95.20","98.80","99.00","94.80","453.17K","-2.46%"
"04/03/2019","97.60","99.00","100.45","97.10","83.40K","-1.26%"
"04/02/2019","98.85","100.80","101.60","98.60","70.94K","-2.03%"
"04/01/2019","100.90","98.80","101.90","98.70","103.00K","+3.12%"
"03/29/2019","97.85","99.00","100.90","96.10","255.96K","-1.81%"
"03/28/2019","99.65","99.30","100.00","97.60","55.77K","+1.37%"
"03/27/2019","98.30","99.95","100.00","98.10","67.36K","-0.81%"
"03/26/2019","99.10","99.25","100.00","97.80","136.81K","+0.56%"
"03/25/2019","98.55","101.40","101.70","97.80","139.38K","-2.86%"
"03/22/2019","101.45","102.60","103.60","100.45","63.33K","-1.12%"
"03/20/2019","102.60","103.60","104.60","102.05","71.70K","-0.29%"
"03/19/2019","102.90","106.40","106.85","102.40","132.57K","-2.97%"
"03/18/2019","106.05","107.05","108.15","106.00","67.26K","-0.93%"
"03/15/2019","107.05","107.35","107.80","106.80","80.98K","-0.05%"
"03/14/2019","107.10","108.40","108.40","106.60","44.49K","-0.70%"
"03/13/2019","107.85","109.60","109.60","106.45","196.34K","-0.14%"
"03/12/2019","108.00","108.50","109.00","107.40","542.46K","-0.23%"
"03/11/2019","108.25","108.40","110.15","107.60","180.80K","+0.79%"
"03/08/2019","107.40","107.20","108.15","106.55","87.25K","+0.80%"
"03/07/2019","106.55","108.00","108.20","105.15","69.64K","-0.84%"
"03/06/2019","107.45","106.00","108.00","103.65","121.50K","+2.58%"
"03/05/2019","104.75","98.60","105.80","96.00","210.31K","+6.62%"
"03/01/2019","98.25","95.30","99.80","94.00","136.68K","+3.53%"
"02/28/2019","94.90","94.40","95.20","93.60","44.97K","+0.85%"
"02/27/2019","94.10","94.00","94.85","92.65","135.76K","+1.67%"
"02/26/2019","92.55","92.40","93.95","91.70","97.96K","+0.16%"
"02/25/2019","92.40","93.00","93.60","91.40","123.09K","+1.43%"
"02/22/2019","91.10","90.20","91.80","90.20","66.22K","+0.83%"
"02/21/2019","90.35","89.25","91.00","88.60","83.42K","+1.06%"
"02/20/2019","89.40","90.20","90.60","87.40","1.63M","-0.39%"
"02/19/2019","89.75","91.05","91.05","89.10","413.76K","-1.37%"
"02/18/2019","91.00","99.30","99.30","89.40","512.29K","-7.28%"
"02/15/2019","98.15","99.70","99.95","97.85","68.09K","-1.55%"
"02/14/2019","99.70","100.00","100.20","98.90","66.00K","+0.45%"
"02/13/2019","99.25","100.00","101.05","99.00","237.39K","-0.95%"
"02/12/2019","100.20","100.40","101.00","99.20","60.22K","-0.10%"
"02/11/2019","100.30","100.25","101.00","99.60","74.11K","+0.05%"
"02/08/2019","100.25","100.95","100.95","100.00","54.42K","+0.20%"
"02/07/2019","100.05","100.00","103.00","97.80","144.69K","+0.81%"
"02/06/2019","99.25","102.35","102.35","98.35","60.05K","-1.24%"
"02/05/2019","100.50","101.00","101.55","100.00","31.14K","-0.25%"
"02/04/2019","100.75","102.00","102.00","100.20","63.85K","-1.71%"
"02/01/2019","102.50","103.60","103.60","101.45","60.20K","-0.24%"
"01/31/2019","102.75","105.80","105.80","102.40","110.49K","-2.19%"
"01/30/2019","105.05","104.80","106.90","104.70","150.90K","-0.71%"
"01/29/2019","105.80","104.80","107.15","104.80","143.42K","-0.24%"
"01/28/2019","106.05","106.00","106.90","105.95","49.78K","+0.05%"
"01/25/2019","106.00","106.00","107.05","106.00","620.36K","-0.09%"
"01/24/2019","106.10","106.05","107.20","106.00","40.85K","+0.05%"
"01/23/2019","106.05","107.35","108.40","106.00","148.20K","-0.56%"
"01/22/2019","106.65","108.00","108.40","106.10","28.53K","-1.30%"
"01/21/2019","108.05","108.55","108.80","107.20","35.23K","-0.46%"
"01/18/2019","108.55","113.20","113.95","107.60","119.56K","-2.99%"
"01/17/2019","111.90","112.40","114.00","111.00","166.49K","+0.36%"
"01/16/2019","111.50","108.30","112.60","107.75","178.30K","+3.43%"
"01/15/2019","107.80","107.10","108.20","106.25","40.53K","+0.51%"
"01/14/2019","107.25","107.75","107.95","106.20","431.38K","+0.05%"
"01/11/2019","107.20","107.50","107.65","106.30","76.70K","+0.00%"
"01/10/2019","107.20","107.20","107.95","106.15","72.69K","+0.56%"
"01/09/2019","106.60","106.25","107.20","106.00","46.41K","+0.38%"
"01/08/2019","106.20","106.00","108.80","105.80","52.80K","+0.14%"
"01/07/2019","106.05","106.20","107.40","106.00","43.91K","-0.61%"
"01/04/2019","106.70","105.60","107.20","105.00","49.88K","+0.47%"
"01/03/2019","106.20","106.00","108.05","105.30","65.62K","-0.56%"
"01/02/2019","106.80","109.00","110.00","106.30","66.39K","-2.73%"
"01/01/2019","109.80","109.00","110.40","108.40","29.07K","+0.83%"
"12/31/2018","108.90","110.40","110.75","108.70","41.55K","-1.31%"
"12/28/2018","110.35","111.20","111.80","109.45","67.73K","-0.05%"
"12/27/2018","110.40","108.05","112.60","107.20","188.82K","+2.36%"
"12/26/2018","107.85","107.70","109.10","107.00","71.39K","-0.64%"
"12/24/2018","108.55","108.40","109.20","107.20","64.73K","+1.26%"
"12/21/2018","107.20","107.45","108.00","106.20","87.39K","-0.37%"
"12/20/2018","107.60","107.00","108.00","106.00","87.84K","+0.56%"
"12/19/2018","107.00","106.00","107.20","105.00","63.40K","+0.94%"
"12/18/2018","106.00","105.80","106.75","103.60","60.45K","+0.76%"
"12/17/2018","105.20","104.20","106.00","103.05","35.90K","+1.35%"
"12/14/2018","103.80","103.30","104.20","101.40","37.62K","+1.52%"
"12/13/2018","102.25","103.40","105.15","101.55","70.69K","-1.21%"
"12/12/2018","103.50","103.55","103.60","102.40","89.61K","+0.49%"
"12/11/2018","103.00","100.80","103.80","100.05","561.91K","+2.23%"
"12/10/2018","100.75","101.20","101.60","100.20","48.74K","-1.37%"
"12/07/2018","102.15","104.35","104.80","101.85","1.17M","-1.07%"
"12/06/2018","103.25","108.25","108.25","102.65","117.20K","-4.75%"
"12/05/2018","108.40","109.40","110.00","107.80","195.21K","-0.28%"
"12/04/2018","108.70","110.40","110.80","108.25","56.67K","-0.59%"
"12/03/2018","109.35","110.75","110.75","108.25","1.39M","-1.26%"
"11/30/2018","110.75","107.00","113.00","106.60","239.18K","+3.12%"
"11/29/2018","107.40","107.05","107.75","107.00","60.33K","+0.23%"
"11/28/2018","107.15","109.60","110.60","107.00","137.22K","-1.61%"
"11/27/2018","108.90","108.45","109.60","108.00","179.38K","+0.97%"
"11/26/2018","107.85","107.15","108.20","105.70","301.19K","+2.67%"
"11/22/2018","105.05","105.65","105.65","104.45","117.23K","-0.28%"
"11/21/2018","105.35","104.80","105.80","104.40","101.86K","+1.30%"
"11/20/2018","104.00","103.85","104.45","103.30","42.84K","+0.73%"
"11/19/2018","103.25","103.00","104.05","102.70","450.15K","+0.29%"
"11/16/2018","102.95","102.95","103.55","102.10","51.77K","+0.00%"
"11/15/2018","102.95","101.80","103.60","100.80","89.12K","+1.13%"
"11/14/2018","101.80","103.60","103.60","100.80","197.00K","-0.83%"
"11/13/2018","102.65","103.20","103.60","101.25","79.06K","-0.29%"
"11/12/2018","102.95","104.80","105.00","102.40","50.62K","-1.06%"
"11/09/2018","104.05","104.80","106.00","103.60","82.06K","+1.07%"
"11/06/2018","102.95","105.90","106.60","102.40","65.96K","-2.79%"
"11/05/2018","105.90","108.20","108.40","105.60","56.38K","-2.04%"
"11/02/2018","108.10","108.30","109.80","107.80","168.00K","+0.79%"
"11/01/2018","107.25","109.60","109.80","107.00","76.44K","-1.92%"
"10/31/2018","109.35","111.95","111.95","108.40","221.50K","-1.66%"
"10/30/2018","111.20","110.00","115.95","110.00","1.09M","+3.01%"
"10/29/2018","107.95","104.80","110.80","103.65","479.67K","+2.81%"
"10/26/2018","105.00","105.45","107.00","102.15","95.53K","-0.52%"
"10/25/2018","105.55","99.00","107.20","99.00","133.82K","+3.63%"
"10/24/2018","101.85","100.00","102.40","97.00","1.08M","+5.38%"
"10/23/2018","96.65","95.00","97.75","94.00","192.59K","+1.74%"
"10/22/2018","95.00","94.60","95.65","92.40","505.79K","+1.23%"
"10/19/2018","93.85","95.60","97.00","92.05","2.82M","-2.54%"
"10/17/2018","96.30","99.50","100.00","96.00","228.07K","-2.23%"
"10/16/2018","98.50","100.85","102.15","98.00","95.62K","-1.35%"
"10/15/2018","99.85","99.95","100.00","98.80","299.58K","+1.06%"
"10/12/2018","98.80","99.95","101.40","97.80","1.59M","+0.10%"
"10/11/2018","98.70","100.80","100.80","95.30","596.50K","-2.76%"
"10/10/2018","101.50","101.95","102.40","100.05","589.99K","+1.15%"
"10/09/2018","100.35","103.80","103.80","99.85","263.88K","-1.71%"
"10/08/2018","102.10","105.40","105.40","101.90","763.42K","-2.16%"
"10/05/2018","104.35","105.00","105.00","103.65","428.50K","-0.38%"
"10/04/2018","104.75","105.00","105.20","103.00","80.98K","-0.24%"
"10/03/2018","105.00","105.15","105.40","105.00","85.42K","-0.14%"
"10/01/2018","105.15","105.10","105.80","104.75","74.69K","+0.10%"
"09/28/2018","105.05","105.00","106.85","105.00","109.71K","-0.10%"
"09/27/2018","105.15","105.80","107.20","105.00","51.01K","-0.52%"
"09/26/2018","105.70","105.00","106.45","105.00","53.81K","+0.28%"
"09/25/2018","105.40","104.20","106.55","104.20","316.20K","-0.24%"
"09/24/2018","105.65","107.20","108.40","103.10","675.23K","-0.33%"
"09/21/2018","106.00","112.95","112.95","104.60","641.78K","-4.85%"
"09/19/2018","111.40","113.80","113.80","111.15","77.95K","-2.58%"
"09/18/2018","114.35","115.95","116.25","113.60","56.74K","-0.65%"
"09/17/2018","115.10","117.40","117.60","114.90","60.32K","-1.88%"
"09/14/2018","117.30","117.00","117.95","116.70","74.03K","+0.64%"
"09/12/2018","116.55","117.35","117.60","115.45","78.42K","-0.68%"
"09/11/2018","117.35","116.80","118.10","116.80","142.49K","+0.47%"
"09/10/2018","116.80","120.60","120.60","116.10","109.55K","-2.10%"
"09/07/2018","119.30","121.80","121.80","118.85","80.84K","-1.40%"
"09/06/2018","121.00","121.20","123.00","120.20","84.93K","+0.88%"
"09/05/2018","119.95","122.40","124.40","119.30","98.14K","-2.76%"
"09/04/2018","123.35","125.00","127.00","122.40","77.69K","-2.14%"
"09/03/2018","126.05","127.40","127.75","125.30","79.88K","-0.24%"
"08/31/2018","126.35","125.00","127.20","123.20","142.79K","+1.20%"
"08/30/2018","124.85","122.20","125.80","121.80","76.73K","+2.13%"
"08/29/2018","122.25","122.00","123.20","121.65","55.20K","+0.62%"
"08/28/2018","121.50","121.05","123.20","118.70","104.90K","+0.37%"
"08/27/2018","121.05","122.95","123.35","120.40","76.05K","-1.10%"
"08/24/2018","122.40","123.00","123.65","121.60","71.47K","-0.12%"
"08/23/2018","122.55","121.70","123.95","121.70","69.47K","+0.33%"
"08/21/2018","122.15","123.20","124.20","121.60","73.82K","-1.17%"
"08/20/2018","123.60","124.20","126.00","123.20","93.22K","-0.44%"
"08/17/2018","124.15","122.00","124.95","122.00","142.23K","+1.06%"
"08/16/2018","122.85","123.00","123.60","121.80","104.06K","-0.20%"
"08/14/2018","123.10","121.35","124.20","120.15","199.95K","+1.11%"
"08/13/2018","121.75","119.80","129.05","118.10","1.54M","+2.10%"
"08/10/2018","119.25","119.00","120.40","118.60","78.92K","-0.08%"
"08/09/2018","119.35","122.05","123.40","118.55","104.58K","-2.25%"
"08/08/2018","122.10","123.00","123.55","121.80","71.72K","+0.37%"
"08/07/2018","121.65","119.20","123.00","118.55","316.63K","+2.66%"
"08/06/2018","118.50","117.55","119.10","117.00","2.57M","+1.07%"
"08/03/2018","117.25","116.80","118.00","115.65","47.84K","+1.21%"
"08/02/2018","115.85","115.60","116.40","114.40","82.78K","+0.48%"
"08/01/2018","115.30","115.00","115.60","114.20","187.09K","+0.52%"
"07/31/2018","114.70","114.00","116.40","113.60","330.83K","+1.10%"
"07/30/2018","113.45","111.85","114.40","111.85","77.42K","+0.75%"
"07/27/2018","112.60","110.80","113.00","110.80","436.75K","+1.76%"
"07/26/2018","110.65","110.80","111.00","108.50","75.28K","+0.59%"
"07/25/2018","110.00","110.15","110.80","108.20","335.40K","+0.87%"
"07/24/2018","109.05","107.40","110.05","107.30","74.73K","+1.87%"
"07/23/2018","107.05","108.80","109.30","106.45","110.32K","-1.56%"
"07/20/2018","108.75","110.70","111.40","107.80","54.48K","-1.09%"
"07/19/2018","109.95","109.95","111.60","109.40","34.19K","+0.00%"
"07/18/2018","109.95","112.00","112.70","109.50","356.73K","-1.52%"
"07/17/2018","111.65","112.05","114.40","108.15","728.45K","+1.22%"
"07/16/2018","110.30","111.85","113.20","109.75","69.67K","-1.39%"
"07/13/2018","111.85","110.30","113.20","110.30","952.50K","+1.41%"
"07/12/2018","110.30","108.40","111.00","108.40","146.00K","+2.70%"
"07/11/2018","107.40","107.60","109.10","107.10","405.36K","-0.32%"
"07/10/2018","107.75","108.05","108.80","107.20","82.44K","-0.28%"
"07/09/2018","108.05","111.95","111.95","107.40","85.16K","+0.46%"
"07/06/2018","107.55","107.75","108.65","106.85","88.47K","-0.69%"
"07/05/2018","108.30","108.10","111.90","108.00","53.22K","-0.41%"
"07/04/2018","108.75","111.00","111.00","108.10","73.67K","-1.36%"
"07/03/2018","110.25","113.00","113.00","109.80","153.32K","-1.69%"
"07/02/2018","112.15","115.65","116.80","111.40","59.75K","-2.94%"
"06/29/2018","115.55","114.00","116.60","112.80","1.28M","+1.27%"
"06/28/2018","114.10","115.25","115.50","113.20","97.39K","-0.70%"
"06/27/2018","114.90","118.00","118.70","114.10","193.07K","-2.30%"
"06/26/2018","117.60","112.80","118.85","111.25","263.14K","+4.30%"
"06/25/2018","112.75","113.40","115.00","112.00","81.21K","-0.62%"
"06/22/2018","113.45","116.80","116.80","112.80","167.01K","-2.87%"
"06/21/2018","116.80","117.00","117.65","116.10","62.30K","+0.60%"
"06/20/2018","116.10","120.00","120.00","116.00","1.21M","-1.86%"
"06/19/2018","118.30","118.75","119.20","117.60","53.36K","-0.38%"
"06/18/2018","118.75","119.55","120.45","118.10","80.56K","-0.67%"
"06/15/2018","119.55","119.90","120.90","119.35","52.23K","-0.25%"
"06/14/2018","119.85","121.20","121.20","119.40","93.90K","-0.46%"
"06/13/2018","120.40","124.20","124.60","120.00","146.00K","-2.63%"
"06/12/2018","123.65","124.15","125.20","123.20","50.78K","-0.40%"
"06/11/2018","124.15","121.50","128.20","120.85","395.93K","+2.18%"
"06/08/2018","121.50","122.70","122.70","120.55","51.27K","-0.86%"
"06/07/2018","122.55","121.20","123.05","120.00","65.56K","+1.11%"
"06/06/2018","121.20","120.80","122.40","118.85","68.11K","+0.83%"
"06/05/2018","120.20","122.00","122.00","120.00","108.09K","-0.99%"
"06/04/2018","121.40","122.90","122.90","121.20","49.34K","-1.22%"
"06/01/2018","122.90","123.60","124.20","122.20","88.64K","-0.57%"
"05/31/2018","123.60","122.75","126.60","122.45","175.28K","+0.20%"
"05/30/2018","123.35","124.00","124.00","122.70","54.27K","+0.20%"
"05/29/2018","123.10","124.00","125.00","123.00","387.51K","-0.73%"
"05/28/2018","124.00","125.40","125.95","124.00","286.50K","-0.80%"
"05/25/2018","125.00","125.50","127.20","124.60","196.47K","-0.40%"
"05/24/2018","125.50","127.30","128.00","125.00","171.97K","-1.34%"
"05/23/2018","127.20","127.35","129.80","125.00","437.69K","+0.91%"
"05/22/2018","126.05","127.35","128.10","126.00","156.45K","-0.79%"
"05/21/2018","127.05","128.55","129.20","127.00","320.38K","-0.74%"
"05/18/2018","128.00","128.10","130.00","127.20","1.48M","-0.04%"
"05/17/2018","128.05","127.50","128.60","126.20","65.31K","+0.87%"
"05/16/2018","126.95","128.40","129.20","126.60","69.67K","-1.13%"
"05/15/2018","128.40","129.80","131.10","128.20","2.34M","-1.72%"
"05/14/2018","130.65","130.00","131.20","129.30","49.37K","+0.50%"
"05/11/2018","130.00","129.35","130.80","129.20","69.50K","+0.50%"
"05/10/2018","129.35","129.75","130.80","129.20","33.30K","-0.27%"
"05/09/2018","129.70","130.95","131.40","129.20","54.78K","-0.95%"
"05/08/2018","130.95","131.25","131.40","130.20","91.50K","-0.23%"
"05/07/2018","131.25","132.20","132.95","131.10","53.78K","-0.57%"
"05/04/2018","132.00","131.05","133.05","130.40","143.83K","+0.49%"
"05/03/2018","131.35","132.20","132.20","131.00","46.50K","-0.45%"
"05/02/2018","131.95","131.00","132.20","131.00","108.67K","+0.65%"
"04/30/2018","131.10","132.20","132.80","131.00","51.44K","-0.79%"
"04/27/2018","132.15","132.30","132.85","131.55","106.72K","+0.19%"
"04/26/2018","131.90","130.80","133.00","130.80","84.05K","+0.61%"
"04/25/2018","131.10","131.00","132.40","130.80","103.03K","-0.08%"
"04/24/2018","131.20","132.70","132.80","130.60","47.42K","-0.49%"
"04/23/2018","131.85","131.75","133.00","131.60","71.00K","+0.23%"
"04/20/2018","131.55","130.90","132.20","130.00","553.48K","+1.00%"
"04/19/2018","130.25","130.00","131.20","129.85","49.76K","+0.12%"
"04/18/2018","130.10","132.20","132.20","129.85","202.38K","-0.88%"
"04/17/2018","131.25","132.80","133.00","131.00","157.09K","-1.09%"
"04/16/2018","132.70","132.20","133.10","131.25","155.23K","+0.61%"
"04/13/2018","131.90","131.20","133.00","131.20","58.12K","+0.30%"
"04/12/2018","131.50","131.70","132.40","131.10","146.87K","-0.15%"
"04/11/2018","131.70","132.40","133.00","131.00","419.00K","+0.23%"
"04/10/2018","131.40","132.55","132.55","131.00","76.68K","-0.11%"
"04/09/2018","131.55","132.20","132.20","131.05","53.60K","+0.27%"
"04/06/2018","131.20","132.75","132.80","131.00","77.83K","-0.46%"
"04/05/2018","131.80","131.50","133.00","131.00","149.76K","+0.57%"
"04/04/2018","131.05","131.05","133.70","130.80","656.37K","+0.00%"
"04/03/2018","131.05","131.05","132.75","130.20","1.15M","+0.08%"
"04/02/2018","130.95","131.95","132.00","130.10","312.46K","-0.76%"
"03/28/2018","131.95","129.80","132.55","129.80","173.39K","+1.23%"
"03/27/2018","130.35","131.70","132.30","130.00","77.92K","-1.29%"
"03/26/2018","132.05","130.80","132.65","130.80","174.97K","-0.26%"
"03/23/2018","132.40","132.80","133.20","130.00","586.45K","-1.49%"
"03/22/2018","134.40","135.20","135.20","133.05","1.38M","-0.15%"
"03/21/2018","134.60","134.80","134.95","132.40","232.12K","+0.71%"
"03/20/2018","133.65","133.30","134.70","132.00","107.61K","+0.64%"
"03/19/2018","132.80","134.80","134.80","131.00","264.93K","-0.56%"
"03/16/2018","133.55","135.80","135.80","133.00","117.57K","-1.04%"
"03/15/2018","134.95","131.40","135.65","131.20","198.73K","+2.04%"
"03/14/2018","132.25","131.55","132.65","130.80","102.72K","+0.69%"
"03/13/2018","131.35","129.60","131.80","127.50","229.12K","+1.90%"
"03/12/2018","128.90","126.70","129.95","125.40","159.40K","+1.90%"
"03/09/2018","126.50","127.80","127.80","125.80","80.95K","-0.39%"
"03/08/2018","127.00","128.40","129.25","126.60","84.71K","-1.09%"
"03/07/2018","128.40","129.80","130.10","127.55","71.33K","-1.38%"
"03/06/2018","130.20","131.20","133.20","129.40","154.77K","-0.57%"
"03/05/2018","130.95","130.80","131.20","130.00","66.64K","-0.27%"
"03/01/2018","131.30","130.60","132.80","130.00","126.31K","+0.54%"
"02/28/2018","130.60","129.45","131.00","129.10","109.70K","+0.89%"
"02/27/2018","129.45","129.40","130.60","129.00","80.63K","-0.54%"
"02/26/2018","130.15","130.00","130.60","128.20","142.07K","+1.64%"
"02/23/2018","128.05","124.90","130.20","124.25","333.52K","+2.44%"
"02/22/2018","125.00","125.30","125.80","124.20","161.06K","-0.36%"
"02/21/2018","125.45","125.60","127.50","124.80","108.76K","+0.00%"
"02/20/2018","125.45","126.00","127.80","122.20","2.35M","-0.95%"
"02/19/2018","126.65","127.00","129.00","126.20","130.26K","+0.00%"
"02/16/2018","126.65","128.65","129.95","126.00","1.01M","-1.29%"
"02/15/2018","128.30","130.65","135.00","126.10","2.23M","-1.80%"
"02/14/2018","130.65","137.00","137.20","130.20","444.63K","-5.70%"
"02/12/2018","138.55","138.00","140.00","137.60","166.00K","-0.47%"
"02/09/2018","139.20","139.00","139.80","136.65","174.47K","-0.89%"
"02/08/2018","140.45","132.40","142.00","132.00","741.13K","+5.96%"
"02/07/2018","132.55","128.85","133.80","128.85","176.56K","+2.36%"
"02/06/2018","129.50","128.00","130.80","126.00","348.68K","-1.82%"
"02/05/2018","131.90","128.20","133.20","125.60","368.53K","+0.96%"
"02/02/2018","130.65","128.25","133.00","126.10","759.89K","+1.01%"
"02/01/2018","129.35","129.60","133.75","128.40","349.94K","+0.04%"
"01/31/2018","129.30","129.95","129.95","126.85","143.88K","+0.94%"
"01/30/2018","128.10","128.20","129.40","127.00","160.38K","-0.62%"
"01/29/2018","128.90","131.60","131.75","128.30","195.75K","-1.38%"
"01/25/2018","130.70","128.40","131.00","128.40","78.64K","-0.04%"
"01/24/2018","130.75","133.00","133.00","129.85","229.09K","-1.58%"
"01/23/2018","132.85","132.00","133.95","130.20","779.53K","+1.30%"
"01/22/2018","131.15","133.05","133.90","129.85","104.09K","-1.43%"
"01/19/2018","133.05","128.00","133.80","127.30","1.76M","+3.06%"
"01/18/2018","129.10","128.40","130.80","127.55","262.56K","+0.04%"
"01/17/2018","129.05","130.00","131.05","128.60","257.17K","-1.41%"
"01/16/2018","130.90","132.90","133.45","130.05","205.14K","-1.54%"
"01/15/2018","132.95","134.00","134.00","132.40","735.46K","-1.04%"
"01/12/2018","134.35","133.60","135.00","132.15","306.02K","+1.13%"
"01/11/2018","132.85","134.20","134.20","131.40","112.47K","-0.56%"
"01/10/2018","133.60","132.10","134.80","129.05","399.00K","+1.14%"
"01/09/2018","132.10","132.20","133.40","131.85","97.81K","+0.04%"
"01/08/2018","132.05","132.80","135.80","131.20","237.23K","-0.60%"
"01/05/2018","132.85","133.80","134.00","131.75","229.99K","+0.15%"
"01/04/2018","132.65","132.00","133.90","130.70","134.51K","+0.49%"
"01/03/2018","132.00","131.40","132.60","129.90","82.52K","+0.72%"
"01/02/2018","131.05","132.45","133.70","130.25","79.42K","-1.06%"
"01/01/2018","132.45","133.40","134.50","132.00","216.84K","+0.38%"
"12/29/2017","131.95","131.60","133.65","128.85","1.07M","-0.15%"
"12/28/2017","132.15","133.80","135.00","130.80","112.60K","-0.83%"
"12/27/2017","133.25","134.00","139.00","131.60","397.45K","+0.00%"
"12/26/2017","133.25","128.40","134.20","128.40","264.56K","+3.62%"
"12/22/2017","128.60","129.00","131.00","128.00","162.57K","+0.00%"
"12/21/2017","128.60","128.80","129.60","127.80","107.92K","+0.43%"
"12/20/2017","128.05","129.00","129.60","126.60","204.66K","+1.15%"
"12/19/2017","126.60","129.80","130.05","126.20","175.13K","-1.59%"
"12/18/2017","128.65","128.40","129.80","125.65","76.78K","+0.86%"
"12/15/2017","127.55","127.20","128.60","126.30","100.36K","+1.03%"
"12/14/2017","126.25","128.90","130.00","125.30","84.37K","-2.28%"
"12/13/2017","129.20","129.90","130.00","128.35","87.53K","-0.42%"
"12/12/2017","129.75","129.00","131.80","125.90","301.02K","+2.69%"
"12/11/2017","126.35","124.80","128.35","123.75","311.31K","+1.65%"
"12/08/2017","124.30","125.05","125.95","123.80","368.49K","-0.60%"
"12/07/2017","125.05","126.70","127.20","123.50","200.16K","-1.30%"
"12/06/2017","126.70","127.50","128.40","125.60","79.67K","-0.51%"
"12/05/2017","127.35","128.20","129.00","126.60","88.59K","-0.39%"
"12/04/2017","127.85","127.25","129.90","126.00","172.81K","-0.16%"
"12/01/2017","128.05","131.80","131.80","127.10","130.56K","-1.42%"
"11/30/2017","129.90","131.00","131.60","126.25","274.95K","-0.12%"
"11/29/2017","130.05","131.20","133.95","129.20","267.15K","-0.19%"
"11/28/2017","130.30","125.00","132.75","125.00","535.15K","+2.92%"
"11/27/2017","126.60","125.40","127.40","124.20","254.06K","+1.73%"
"11/24/2017","124.45","125.25","126.40","123.60","127.58K","-0.56%"
"11/23/2017","125.15","127.30","127.80","124.80","244.15K","-0.87%"
"11/22/2017","126.25","128.00","128.20","125.20","147.75K","-0.75%"
"11/21/2017","127.20","124.80","127.60","124.40","305.15K","+2.33%"
"11/20/2017","124.30","123.00","125.80","121.95","2.29M","+1.35%"
"11/17/2017","122.65","123.35","126.20","121.20","443.06K","-0.97%"
"11/16/2017","123.85","128.00","128.00","123.05","732.20K","-1.63%"
"11/15/2017","125.90","130.35","133.80","122.00","587.47K","-4.55%"
"11/14/2017","131.90","138.20","139.20","131.10","489.05K","-5.31%"
"11/13/2017","139.30","138.40","142.80","134.80","489.10K","-1.94%"
"11/10/2017","142.05","142.00","143.00","141.90","79.34K","-0.25%"
"11/09/2017","142.40","142.00","143.15","141.40","193.32K","+0.11%"
"11/08/2017","142.25","142.10","144.00","142.00","119.00K","+0.11%"
"11/07/2017","142.10","144.95","144.95","141.95","325.68K","-1.08%"
"11/06/2017","143.65","142.20","144.00","141.00","171.42K","+0.35%"
"11/03/2017","143.15","145.95","146.00","142.40","78.85K","-0.56%"
"11/02/2017","143.95","142.25","145.75","142.00","126.92K","+0.81%"
"11/01/2017","142.80","145.20","145.20","141.95","252.08K","-0.31%"
"10/31/2017","143.25","143.15","144.40","141.60","93.38K","-0.73%"
"10/30/2017","144.30","143.60","147.85","141.20","516.83K","+1.83%"
"10/27/2017","141.70","143.80","143.80","140.40","70.22K","-1.46%"
"10/26/2017","143.80","143.20","146.70","141.75","99.11K","-0.28%"
"10/25/2017","144.20","141.80","145.80","141.80","196.46K","+1.76%"
"10/24/2017","141.70","145.00","146.40","141.20","103.00K","-1.94%"
"10/23/2017","144.50","148.00","150.80","144.10","609.45K","+0.91%"
"10/18/2017","143.20","140.00","145.20","139.30","445.40K","+2.69%"
"10/17/2017","139.45","136.90","139.80","136.00","269.19K","+2.50%"
"10/16/2017","136.05","136.00","137.80","136.00","159.32K","-0.07%"
"10/13/2017","136.15","136.00","138.40","136.00","178.50K","+0.04%"
"10/12/2017","136.10","136.00","136.95","136.00","227.40K","-0.04%"
"10/11/2017","136.15","134.40","137.00","134.40","477.57K","+1.68%"
"10/10/2017","133.90","129.00","134.40","129.00","183.19K","+1.83%"
"10/09/2017","131.50","129.00","133.70","127.65","178.91K","+2.65%"
"10/06/2017","128.10","129.40","129.80","126.50","147.53K","+0.04%"
"10/05/2017","128.05","129.80","129.80","126.60","121.63K","-0.89%"
"10/04/2017","129.20","127.75","129.80","126.25","283.80K","+2.34%"
"10/03/2017","126.25","124.60","127.20","124.60","134.58K","-0.55%"
"09/29/2017","126.95","123.85","127.80","122.05","172.34K","+2.79%"
"09/28/2017","123.50","120.85","124.00","120.85","192.76K","+1.11%"
"09/27/2017","122.15","124.00","124.20","121.80","205.06K","-1.01%"
"09/26/2017","123.40","123.40","124.30","121.60","323.24K","-0.64%"
"09/25/2017","124.20","125.00","126.00","121.70","176.60K","+1.06%"
"09/22/2017","122.90","127.40","128.60","122.00","177.36K","-3.38%"
"09/21/2017","127.20","131.20","131.20","126.10","192.51K","-1.97%"
"09/20/2017","129.75","133.00","134.55","129.00","172.87K","-2.15%"
"09/19/2017","132.60","137.80","138.55","131.25","472.11K","-2.96%"
"09/18/2017","136.65","130.15","137.60","128.00","720.83K","+4.99%"
"09/15/2017","130.15","125.20","133.00","124.00","699.49K","+3.87%"
"09/14/2017","125.30","124.70","126.35","124.60","105.48K","+0.48%"
"09/13/2017","124.70","127.00","127.60","124.40","310.40K","-0.20%"
"09/12/2017","124.95","121.75","125.55","121.40","657.43K","+2.63%"
"09/11/2017","121.75","120.80","122.00","120.80","121.98K","+0.79%"
"09/08/2017","120.80","122.00","122.00","120.20","110.34K","-0.49%"
"09/07/2017","121.40","121.00","122.05","120.40","109.31K","+0.79%"
"09/06/2017","120.45","121.40","121.50","120.00","107.24K","-0.82%"
"09/05/2017","121.45","121.00","122.45","121.00","167.79K","-0.21%"
"09/04/2017","121.70","121.20","122.50","121.20","115.62K","+0.25%"
"09/01/2017","121.40","121.80","122.40","120.90","82.18K","-0.65%"
"08/31/2017","122.20","120.60","122.60","120.60","103.21K","+0.70%"
"08/30/2017","121.35","122.50","123.00","120.70","208.10K","-0.65%"
"08/29/2017","122.15","120.65","122.75","120.65","93.53K","-0.29%"
"08/28/2017","122.50","120.00","122.65","120.00","231.75K","+1.20%"
"08/24/2017","121.05","120.40","121.50","119.25","106.48K","+0.79%"
"08/23/2017","120.10","118.25","120.65","117.55","118.87K","+1.78%"
"08/22/2017","118.00","119.35","119.35","116.80","215.29K","-0.04%"
"08/21/2017","118.05","118.00","119.20","113.40","295.49K","+0.04%"
"08/18/2017","118.00","119.80","119.80","117.50","248.43K","-1.50%"
"08/17/2017","119.80","118.00","121.20","117.20","226.59K","+1.61%"
"08/16/2017","117.90","118.00","118.95","115.60","100.51K","+0.60%"
"08/14/2017","117.20","115.00","117.65","112.45","276.63K","+2.00%"
"08/11/2017","114.90","116.20","116.45","112.10","177.72K","-1.12%"
"08/10/2017","116.20","119.20","119.20","115.60","196.94K","-0.26%"
"08/09/2017","116.50","116.20","117.70","115.85","244.81K","-0.98%"
"08/08/2017","117.65","118.00","118.90","115.00","158.59K","+0.04%"
"08/07/2017","117.60","117.20","119.45","117.20","107.83K","+0.38%"
"08/04/2017","117.15","119.00","119.00","115.80","224.16K","-0.97%"
"08/03/2017","118.30","122.80","122.80","117.40","338.56K","-2.03%"
"08/02/2017","120.75","121.60","123.50","120.00","227.00K","-0.66%"
"08/01/2017","121.55","121.20","122.55","121.00","111.61K","+0.08%"
"07/31/2017","121.45","122.20","122.25","120.25","705.07K","-0.41%"
"07/28/2017","121.95","121.40","123.60","120.20","1.39M","+0.83%"
"07/27/2017","120.95","122.10","123.20","120.60","249.36K","-2.03%"
"07/26/2017","123.45","123.80","126.00","123.30","186.22K","-1.28%"
"07/25/2017","125.05","126.75","126.75","123.40","447.82K","+0.48%"
"07/24/2017","124.45","124.20","126.60","124.00","73.53K","+0.36%"
"07/21/2017","124.00","126.80","127.15","123.70","196.03K","-1.39%"
"07/20/2017","125.75","127.40","127.80","125.30","150.19K","-0.71%"
"07/19/2017","126.65","126.95","127.15","125.05","122.14K","+0.64%"
"07/18/2017","125.85","128.00","128.00","125.05","206.89K","-1.95%"
"07/17/2017","128.35","129.85","130.85","127.40","170.70K","-0.62%"
"07/14/2017","129.15","132.40","133.20","128.40","440.46K","-2.23%"
"07/13/2017","132.10","124.20","134.20","124.20","970.92K","+5.68%"
"07/12/2017","125.00","125.00","125.40","123.35","584.01K","+0.85%"
"07/11/2017","123.95","123.60","124.60","122.60","1.33M","+0.57%"
"07/10/2017","123.25","125.20","126.40","121.10","45.44K","-0.72%"
"07/07/2017","124.15","124.80","124.80","123.80","112.08K","-0.08%"
"07/06/2017","124.25","124.20","124.60","123.00","281.27K","+1.02%"
"07/05/2017","123.00","123.20","125.00","122.40","330.11K","+1.23%"
"07/04/2017","121.50","124.95","124.95","120.45","272.04K","-1.50%"
"07/03/2017","123.35","122.80","125.95","120.95","321.49K","+2.15%"
"06/30/2017","120.75","120.60","121.20","119.20","129.47K","-0.74%"
"06/29/2017","121.65","121.95","122.05","121.00","182.22K","+1.04%"
"06/28/2017","120.40","120.75","121.80","120.20","162.66K","+0.08%"
"06/27/2017","120.30","122.55","124.00","119.35","164.96K","-1.84%"
"06/23/2017","122.55","122.40","123.35","120.60","562.17K","+0.57%"
"06/22/2017","121.85","122.80","124.20","121.00","159.68K","+0.12%"
"06/21/2017","121.70","124.00","124.00","121.10","179.46K","-0.86%"
"06/20/2017","122.75","125.60","125.85","122.15","215.69K","-1.25%"
"06/19/2017","124.30","125.00","126.60","123.80","208.44K","-0.04%"
"06/16/2017","124.35","122.00","125.40","122.00","207.52K","+2.18%"
"06/15/2017","121.70","124.00","125.00","120.80","754.05K","-1.62%"
"06/14/2017","123.70","125.10","127.30","122.95","448.39K","-2.21%"
"06/13/2017","126.50","129.05","129.65","126.20","142.80K","-2.09%"
"06/12/2017","129.20","129.80","132.00","127.20","603.93K","+1.10%"
"06/09/2017","127.80","132.10","132.60","126.40","431.65K","-3.44%"
"06/08/2017","132.35","133.60","133.60","131.40","142.85K","-0.90%"
"06/07/2017","133.55","133.40","133.80","132.60","301.61K","+1.10%"
"06/06/2017","132.10","132.40","134.10","131.80","612.37K","+0.00%"
"06/05/2017","132.10","128.70","133.00","128.40","836.59K","+3.08%"
"06/02/2017","128.15","127.00","130.30","125.15","756.41K","+2.03%"
"06/01/2017","125.60","123.00","126.75","121.10","353.44K","+3.12%"
"05/31/2017","121.80","119.10","122.90","119.10","382.50K","+1.71%"
"05/30/2017","119.75","121.00","121.00","118.30","273.12K","-0.42%"
"05/29/2017","120.25","121.00","124.40","119.00","945.69K","+2.34%"
"05/26/2017","117.50","119.00","119.40","116.50","361.25K","-0.21%"
"05/25/2017","117.75","119.00","119.00","116.80","183.82K","+0.60%"
"05/24/2017","117.05","117.00","118.15","116.50","156.93K","-0.13%"
"05/23/2017","117.20","118.40","120.90","116.50","213.58K","-1.18%"
"05/22/2017","118.60","120.20","121.15","118.20","118.11K","-1.90%"
"05/19/2017","120.90","122.00","122.00","118.45","162.46K","+0.00%"
"05/18/2017","120.90","122.00","123.00","120.45","90.10K","-1.19%"
"05/17/2017","122.35","123.00","123.00","121.40","99.33K","-0.16%"
"05/16/2017","122.55","121.45","123.20","120.00","418.19K","+1.57%"
"05/15/2017","120.65","119.75","121.20","117.75","184.81K","+2.38%"
"05/12/2017","117.85","121.60","121.60","117.00","192.50K","-1.26%"
"05/11/2017","119.35","120.40","121.90","118.80","245.64K","+0.63%"
"05/10/2017","118.60","118.70","121.35","117.80","492.63K","+0.42%"
"05/09/2017","118.10","114.00","120.35","113.00","979.90K","+4.51%"
"05/08/2017","113.00","115.60","116.80","112.20","97.91K","-2.04%"
"05/05/2017","115.35","111.40","117.00","110.25","382.45K","+4.48%"
"05/04/2017","110.40","110.60","112.25","110.25","816.23K","-0.90%"
"05/03/2017","111.40","114.15","114.15","110.80","528.05K","-1.46%"
"05/02/2017","113.05","116.80","116.80","112.80","303.68K","-2.21%"
"04/28/2017","115.60","115.00","116.40","112.80","193.08K","+0.74%"
"04/27/2017","114.75","115.00","115.50","112.70","104.56K","-0.43%"
"04/26/2017","115.25","117.20","118.00","112.50","225.94K","-0.52%"
"04/25/2017","115.85","112.85","116.75","111.80","417.36K","+3.12%"
"04/24/2017","112.35","113.00","113.10","111.05","161.32K","+0.45%"
"04/21/2017","111.85","112.00","113.00","110.80","158.37K","+0.13%"
"04/20/2017","111.70","112.40","113.40","111.20","73.70K","-0.58%"
"04/19/2017","112.35","111.30","113.75","110.20","277.98K","+0.22%"
"04/18/2017","112.10","113.00","113.70","111.40","120.11K","+0.36%"
"04/17/2017","111.70","111.95","114.35","110.20","193.60K","-0.22%"
"04/13/2017","111.95","111.00","114.80","110.60","221.94K","-0.36%"
"04/12/2017","112.35","114.95","115.00","112.20","223.32K","-1.10%"
"04/11/2017","113.60","114.05","115.00","111.20","249.53K","-0.66%"
"04/10/2017","114.35","114.05","116.00","114.00","133.31K","+0.31%"
"04/07/2017","114.00","114.70","116.45","113.00","382.33K","-1.04%"
"04/06/2017","115.20","119.40","119.40","114.00","421.44K","-2.37%"
"04/05/2017","118.00","118.20","119.70","117.00","361.23K","-0.04%"
"04/03/2017","118.05","117.00","119.80","114.05","392.52K","+1.94%"
"03/31/2017","115.80","114.50","116.50","113.40","786.38K","+1.71%"
"03/30/2017","113.85","110.65","114.40","110.60","324.40K","+3.45%"
"03/29/2017","110.05","110.80","110.80","109.20","142.73K","+0.05%"
"03/28/2017","110.00","109.05","110.60","108.90","176.16K","+0.87%"
"03/27/2017","109.05","109.40","109.40","108.05","141.15K","+0.00%"
"03/24/2017","109.05","107.05","109.70","107.05","172.57K","+1.87%"
"03/23/2017","107.05","108.95","108.95","106.20","45.99K","+0.42%"
"03/22/2017","106.60","108.85","108.85","106.15","352.46K","-2.07%"
"03/21/2017","108.85","108.75","109.30","108.05","71.55K","-0.05%"
"03/20/2017","108.90","109.00","109.50","107.65","180.91K","-0.09%"
"03/17/2017","109.00","111.00","111.00","108.20","160.47K","-0.64%"
"03/16/2017","109.70","108.40","110.20","106.80","2.16M","+1.34%"
"03/15/2017","108.25","109.10","109.95","107.60","87.81K","-0.78%"
"03/14/2017","109.10","107.60","110.00","107.00","138.19K","+2.39%"
"03/10/2017","106.55","108.00","109.20","106.20","59.25K","-0.98%"
"03/09/2017","107.60","107.00","110.00","106.05","300.44K","+1.46%"
"03/08/2017","106.05","108.80","110.40","105.55","136.63K","-0.98%"
"03/07/2017","107.10","109.60","109.60","106.80","86.04K","-1.47%"
"03/06/2017","108.70","110.75","111.60","106.20","232.96K","-1.85%"
"03/03/2017","110.75","108.05","111.60","108.00","304.67K","+1.65%"
"03/02/2017","108.95","108.80","109.40","107.50","223.84K","+0.69%"
"03/01/2017","108.20","107.90","108.70","107.00","89.07K","+0.60%"
"02/28/2017","107.55","107.35","107.90","106.00","103.92K","+0.37%"
"02/27/2017","107.15","107.00","108.60","105.65","237.53K","+1.42%"
"02/23/2017","105.65","104.70","107.00","104.70","471.63K","-0.56%"
"02/22/2017","106.25","104.20","109.00","104.20","1.55M","+1.87%"
"02/21/2017","104.30","103.00","104.75","103.00","165.45K","+0.92%"
"02/20/2017","103.35","102.40","103.80","102.00","112.19K","+0.29%"
"02/17/2017","103.05","101.40","103.55","101.25","280.36K","+1.43%"
"02/16/2017","101.60","100.40","102.00","99.95","143.67K","+1.20%"
"02/15/2017","100.40","101.00","101.80","99.80","278.81K","+0.35%"
"02/14/2017","100.05","99.60","101.10","99.40","75.14K","-0.35%"
"02/13/2017","100.40","102.95","102.95","99.85","102.36K","-0.20%"
"02/10/2017","100.60","101.55","101.80","99.90","127.85K","+0.25%"
"02/09/2017","100.35","99.00","100.80","98.05","995.20K","+2.92%"
"02/08/2017","97.50","99.00","99.95","96.60","333.85K","-1.32%"
"02/07/2017","98.80","101.00","102.35","98.00","538.43K","-1.64%"
"02/06/2017","100.45","101.40","103.00","100.00","1.36M","+2.19%"
"02/03/2017","98.30","97.90","98.80","97.00","100.69K","+0.41%"
"02/02/2017","97.90","98.50","99.40","97.00","113.86K","-0.56%"
"02/01/2017","98.45","98.20","100.20","98.00","503.75K","-0.61%"
"01/31/2017","99.05","97.00","100.80","96.00","639.94K","+2.01%"
"01/30/2017","97.10","92.60","98.30","91.60","1.07M","+4.86%"
"01/27/2017","92.60","91.15","92.90","90.75","144.63K","+1.76%"
"01/25/2017","91.00","90.90","91.40","90.45","409.36K","+0.00%"
"01/24/2017","91.00","91.55","91.55","90.00","110.83K","+0.55%"
"01/23/2017","90.50","90.45","91.40","90.35","71.62K","+0.06%"
"01/20/2017","90.45","91.00","91.70","90.00","607.14K","-0.55%"
"01/19/2017","90.95","90.00","91.20","89.40","138.10K","+1.06%"
"01/18/2017","90.00","90.60","90.60","89.20","626.70K","+0.06%"
"01/17/2017","89.95","90.00","90.80","89.20","89.63K","+0.00%"
"01/16/2017","89.95","88.05","90.40","88.05","307.63K","+1.18%"
"01/13/2017","88.90","88.75","89.20","88.40","64.58K","+0.17%"
"01/12/2017","88.75","88.90","89.00","87.60","76.92K","-0.45%"
"01/11/2017","89.15","89.60","89.80","87.00","95.61K","+0.11%"
"01/10/2017","89.05","88.45","89.40","87.65","61.70K","+0.68%"
"01/09/2017","88.45","88.05","89.15","88.00","51.62K","-1.01%"
"01/06/2017","89.35","89.30","90.00","88.00","145.16K","+1.30%"
"01/05/2017","88.20","88.80","89.30","87.60","195.72K","+0.17%"
"01/04/2017","88.05","88.15","90.20","87.95","97.75K","-1.07%"
"01/03/2017","89.00","87.75","89.60","86.05","119.05K","+1.42%"
"01/02/2017","87.75","88.00","88.30","86.00","36.12K","+0.86%"
"12/30/2016","87.00","90.20","91.40","86.60","343.38K","-3.33%"
"12/29/2016","90.00","87.00","90.80","86.05","189.76K","+4.41%"
"12/28/2016","86.20","86.10","87.40","86.00","62.31K","-0.35%"
"12/27/2016","86.50","86.80","86.80","86.00","36.28K","+0.41%"
"12/26/2016","86.15","87.20","87.40","85.80","353.27K","-1.26%"
"12/23/2016","87.25","85.20","87.75","85.20","65.03K","+1.51%"
"12/22/2016","85.95","86.00","86.40","85.70","94.14K","-0.23%"
"12/21/2016","86.15","85.00","87.00","85.00","63.52K","+0.12%"
"12/20/2016","86.05","85.05","87.45","85.05","284.22K","-0.69%"
"12/19/2016","86.65","86.65","87.00","84.60","93.09K","+0.41%"
"12/16/2016","86.30","85.40","86.70","85.40","73.06K","+0.12%"
"12/15/2016","86.20","84.00","87.00","84.00","120.08K","+0.94%"
"12/14/2016","85.40","86.00","86.00","84.00","119.46K","+0.53%"
"12/13/2016","84.95","84.35","85.95","83.60","96.92K","+0.71%"
"12/12/2016","84.35","83.80","85.00","82.70","142.28K","+0.84%"
"12/09/2016","83.65","86.80","86.95","83.25","553.28K","-0.89%"
"12/08/2016","84.40","84.20","85.00","82.50","281.26K","+1.87%"
"12/07/2016","82.85","83.45","84.10","82.70","96.55K","-0.84%"
"12/06/2016","83.55","84.20","86.20","83.00","114.63K","-0.54%"
"12/05/2016","84.00","84.05","86.80","82.20","401.61K","-1.98%"
"12/02/2016","85.70","86.00","87.00","85.00","94.06K","-2.06%"
"12/01/2016","87.50","87.80","89.20","86.05","81.69K","-0.91%"
"11/30/2016","88.30","84.00","89.05","84.00","344.77K","+3.52%"
"11/29/2016","85.30","83.20","85.80","83.20","125.08K","+0.89%"
"11/28/2016","84.55","81.60","85.40","81.60","246.16K","+0.18%"
"11/25/2016","84.40","82.00","85.00","80.80","323.49K","+4.07%"
"11/24/2016","81.10","80.60","81.60","80.30","919.99K","+0.00%"
"11/23/2016","81.10","83.95","84.00","80.00","97.80K","-2.70%"
"11/22/2016","83.35","78.00","84.90","78.00","291.02K","+7.41%"
"11/21/2016","77.60","82.00","83.00","76.20","760.25K","-4.96%"
"11/18/2016","81.65","80.80","82.00","79.20","359.61K","+2.06%"
"11/17/2016","80.00","83.00","84.35","79.30","752.35K","-3.21%"
"11/16/2016","82.65","82.10","85.90","82.10","118.61K","-0.48%"
"11/15/2016","83.05","89.60","97.40","81.40","305.84K","-4.27%"
"11/11/2016","86.75","90.20","91.00","84.50","182.57K","-4.30%"
"11/10/2016","90.65","89.70","93.00","88.55","74.72K","+1.57%"
"11/09/2016","89.25","85.00","90.10","81.25","158.38K","+0.45%"
"11/08/2016","88.85","91.00","91.00","88.20","61.95K","-0.34%"
"11/07/2016","89.15","92.00","92.00","89.00","45.05K","+0.39%"
"11/04/2016","88.80","90.05","90.55","87.65","101.33K","-1.77%"
"11/03/2016","90.40","90.00","91.00","90.00","114.63K","+0.22%"
"11/02/2016","90.20","90.40","91.00","90.00","199.63K","-1.37%"
"11/01/2016","91.45","91.30","92.00","90.40","92.20K","+1.50%"
"10/28/2016","90.10","88.65","91.00","88.65","72.09K","-0.77%"
"10/27/2016","90.80","91.00","91.65","90.20","70.80K","+0.17%"
"10/26/2016","90.65","91.20","91.65","90.40","63.55K","-0.60%"
"10/25/2016","91.20","90.50","92.60","90.50","73.72K","-0.98%"
"10/24/2016","92.10","90.50","92.60","90.40","126.08K","+0.93%"
"10/21/2016","91.25","91.00","92.95","89.20","167.82K","+0.27%"
"10/20/2016","91.00","92.20","92.60","90.60","168.37K","-0.05%"
"10/19/2016","91.05","91.00","92.90","89.85","432.98K","-1.19%"
"10/18/2016","92.15","91.20","93.00","90.25","755.29K","+0.82%"
"10/17/2016","91.40","92.40","92.80","90.50","317.29K","-0.49%"
"10/14/2016","91.85","92.05","93.35","91.15","48.26K","-1.18%"
"10/13/2016","92.95","91.35","93.20","91.00","226.53K","+0.98%"
"10/10/2016","92.05","93.60","94.40","91.95","221.76K","-1.76%"
"10/07/2016","93.70","91.60","94.00","91.60","206.34K","+2.29%"
"10/06/2016","91.60","91.00","92.20","90.65","113.65K","-0.33%"
"10/05/2016","91.90","92.00","92.40","90.20","125.71K","+0.49%"
"10/04/2016","91.45","91.00","91.80","90.20","74.84K","+0.49%"
"10/03/2016","91.00","90.35","93.00","90.00","326.02K","+0.89%"
"09/30/2016","90.20","90.00","90.75","89.70","230.44K","-0.88%"
"09/29/2016","91.00","91.20","93.70","88.80","463.01K","-0.22%"
"09/28/2016","91.20","93.60","93.60","91.00","147.99K","-1.08%"
"09/27/2016","92.20","92.50","93.20","91.75","114.58K","+0.22%"
"09/26/2016","92.00","93.20","94.40","91.15","280.26K","-1.23%"
"09/23/2016","93.15","94.35","94.85","92.65","448.43K","-0.37%"
"09/22/2016","93.50","96.00","96.00","93.00","121.72K","-1.84%"
"09/21/2016","95.25","95.20","96.85","93.80","160.48K","+0.79%"
"09/20/2016","94.50","95.30","95.30","94.00","63.60K","+0.37%"
"09/19/2016","94.15","95.35","95.85","93.75","1.00M","-1.26%"
"09/16/2016","95.35","96.60","97.15","94.65","193.54K","-0.73%"
"09/15/2016","96.05","93.25","97.00","93.25","221.74K","+2.29%"
"09/14/2016","93.90","94.70","95.10","93.20","933.16K","+0.16%"
"09/12/2016","93.75","93.80","94.00","92.40","157.22K","-0.37%"
"09/09/2016","94.10","94.75","95.35","93.40","246.04K","-0.32%"
"09/08/2016","94.40","94.10","94.95","93.60","317.35K","+0.21%"
"09/07/2016","94.20","95.00","95.55","93.75","263.65K","-0.11%"
"09/06/2016","94.30","93.80","94.70","93.05","159.91K","+1.29%"
"09/02/2016","93.10","96.50","96.50","92.00","189.46K","-3.42%"
"09/01/2016","96.40","97.40","97.40","95.45","147.05K","-0.82%"
"08/31/2016","97.20","97.05","97.30","95.85","239.87K","+1.67%"
"08/30/2016","95.60","95.20","97.00","94.70","424.91K","+0.95%"
"08/29/2016","94.70","95.95","95.95","93.25","536.46K","+2.82%"
"08/26/2016","92.10","94.05","99.50","90.00","3.40M","-2.85%"
"08/25/2016","94.80","97.40","98.80","94.25","423.91K","-1.71%"
"08/24/2016","96.45","93.00","97.00","92.00","325.43K","+4.84%"
"08/23/2016","92.00","91.45","92.40","91.45","165.78K","+0.05%"
"08/22/2016","91.95","93.20","93.20","88.25","192.97K","+0.16%"
"08/19/2016","91.80","91.60","92.00","91.45","142.48K","+0.16%"
"08/18/2016","91.65","91.00","93.00","91.00","93.05K","-0.27%"
"08/17/2016","91.90","90.25","93.65","90.25","225.63K","+0.93%"
"08/16/2016","91.05","91.75","91.75","90.40","76.72K","+0.05%"
"08/12/2016","91.00","90.00","91.60","90.00","140.54K","-0.05%"
"08/11/2016","91.05","92.00","92.00","90.15","85.13K","+0.00%"
"08/10/2016","91.05","91.00","92.00","90.55","361.19K","+0.05%"
"08/09/2016","91.00","92.00","92.15","90.80","82.16K","-0.38%"
"08/08/2016","91.35","92.10","92.40","91.00","81.09K","-0.05%"
"08/05/2016","91.40","92.60","92.60","90.90","92.08K","-0.11%"
"08/04/2016","91.50","93.80","93.80","90.95","220.03K","+0.44%"
"08/03/2016","91.10","93.60","94.00","90.80","886.21K","-1.25%"
"08/02/2016","92.25","95.60","95.60","91.65","316.64K","-1.91%"
"08/01/2016","94.05","92.60","96.10","92.60","110.71K","-0.21%"
"07/29/2016","94.25","94.20","96.80","93.60","637.45K","+0.27%"
"07/28/2016","94.00","93.95","96.70","93.60","381.43K","-1.26%"
"07/27/2016","95.20","92.40","95.60","91.80","644.64K","+4.21%"
"07/26/2016","91.35","92.20","92.60","90.30","520.14K","-0.05%"
"07/25/2016","91.40","90.00","93.00","90.00","226.04K","+0.88%"
"07/22/2016","90.60","90.00","91.90","90.00","255.34K","+0.28%"
"07/21/2016","90.35","90.80","92.00","89.50","246.41K","-0.55%"
"07/20/2016","90.85","90.00","91.30","90.00","110.88K","+0.94%"
"07/19/2016","90.00","90.00","90.80","89.00","86.64K","+0.28%"
"07/18/2016","89.75","92.00","92.00","89.40","336.77K","-1.86%"
"07/15/2016","91.45","91.00","91.80","90.00","99.91K","+0.38%"
"07/14/2016","91.10","91.80","92.40","90.50","112.67K","+0.22%"
"07/13/2016","90.90","90.00","92.00","89.05","172.07K","-0.11%"
"07/12/2016","91.00","90.75","92.00","89.00","627.45K","+0.89%"
"07/11/2016","90.20","89.20","90.95","88.05","428.30K","+2.44%"
"07/08/2016","88.05","87.60","89.20","85.45","288.06K","+0.86%"
"07/07/2016","87.30","89.20","92.90","86.90","446.68K","-1.91%"
"07/05/2016","89.00","88.65","90.30","87.70","370.05K","+0.00%"
"07/04/2016","89.00","87.00","89.20","86.80","533.47K","+2.83%"
"07/01/2016","86.55","85.50","86.85","85.50","271.45K","+1.23%"
"06/30/2016","85.50","85.40","86.55","85.00","240.07K","+0.53%"
"06/29/2016","85.05","83.00","85.80","83.00","428.06K","+2.16%"
"06/28/2016","83.25","83.60","83.95","82.30","479.79K","+1.52%"
"06/27/2016","82.00","81.40","83.00","81.40","213.03K","-0.24%"
"06/24/2016","82.20","81.80","82.55","80.30","196.76K","-0.54%"
"06/23/2016","82.65","82.80","83.90","82.45","54.21K","-0.96%"
"06/22/2016","83.45","82.65","83.80","82.20","130.75K","+0.91%"
"06/21/2016","82.70","84.40","84.40","82.05","116.90K","-0.84%"
"06/20/2016","83.40","84.40","84.90","83.25","176.84K","-1.94%"
"06/17/2016","85.05","83.50","85.40","82.40","467.69K","+3.66%"
"06/16/2016","82.05","82.40","82.60","81.25","152.91K","+0.61%"
"06/15/2016","81.55","82.20","82.80","81.40","98.18K","-0.73%"
"06/14/2016","82.15","82.00","82.95","81.00","109.98K","+0.06%"
"06/13/2016","82.10","82.80","83.00","81.55","115.78K","-1.32%"
"06/10/2016","83.20","81.00","85.20","80.50","832.13K","+1.53%"
"06/09/2016","81.95","83.00","83.05","80.70","720.02K","-0.91%"
"06/08/2016","82.70","83.10","83.35","82.00","518.83K","+0.12%"
"06/07/2016","82.60","79.95","83.00","79.00","1.28M","+4.42%"
"06/06/2016","79.10","80.15","80.95","78.80","395.16K","-0.57%"
"06/03/2016","79.55","78.00","81.00","77.85","934.38K","+2.58%"
"06/02/2016","77.55","78.30","79.00","77.40","302.37K","-0.96%"
"06/01/2016","78.30","77.80","79.90","77.40","626.77K","+0.90%"
"05/31/2016","77.60","81.15","81.40","77.10","730.78K","-2.82%"
"05/30/2016","79.85","78.25","80.60","77.05","1.00M","+3.63%"
"05/27/2016","77.05","78.40","78.80","76.95","309.11K","-0.52%"
"05/26/2016","77.45","78.50","78.50","76.45","229.48K","+0.52%"
"05/25/2016","77.05","79.20","79.70","76.45","343.94K","-1.72%"
"05/24/2016","78.40","80.55","81.00","77.85","1.54M","-2.00%"
"05/23/2016","80.00","84.05","84.40","79.20","2.09M","+1.27%"
"05/20/2016","79.00","78.60","79.80","78.30","581.05K","+0.00%"
"05/19/2016","79.00","79.25","79.40","78.00","197.07K","-0.32%"
"05/18/2016","79.25","79.60","79.90","76.90","977.93K","+0.06%"
"05/17/2016","79.20","80.10","80.80","78.60","320.19K","-0.63%"
"05/16/2016","79.70","78.70","80.55","78.20","779.38K","+2.18%"
"05/13/2016","78.00","76.00","78.40","75.40","559.57K","+2.63%"
"05/12/2016","76.00","75.40","76.40","75.40","689.76K","+0.86%"
"05/11/2016","75.35","74.00","75.75","73.30","406.49K","+1.28%"
"05/10/2016","74.40","74.00","74.80","73.30","255.47K","+1.50%"
"05/09/2016","73.30","72.20","75.30","72.20","521.64K","-0.14%"
"05/06/2016","73.40","72.70","73.80","72.00","171.22K","+1.17%"
"05/05/2016","72.55","72.90","73.25","72.00","90.48K","-0.14%"
"05/04/2016","72.65","72.00","73.40","72.00","129.27K","+0.83%"
"05/03/2016","72.05","72.95","72.95","72.00","236.72K","+0.28%"
"05/02/2016","71.85","73.60","73.60","71.05","171.80K","-0.69%"
"04/29/2016","72.35","71.00","72.90","71.00","218.40K","+1.26%"
"04/28/2016","71.45","73.40","73.40","70.95","172.38K","-1.11%"
"04/27/2016","72.25","73.00","73.45","72.00","165.49K","-0.21%"
"04/26/2016","72.40","72.70","72.90","71.05","445.13K","+0.28%"
"04/25/2016","72.20","74.00","74.00","71.90","426.71K","-1.23%"
"04/22/2016","73.10","73.15","74.45","72.40","205.58K","-0.07%"
"04/21/2016","73.15","74.90","75.70","72.30","603.28K","-2.34%"
"04/20/2016","74.90","76.20","77.30","74.45","291.24K","-1.32%"
"04/18/2016","75.90","73.75","77.00","72.95","921.09K","+2.92%"
"04/13/2016","73.75","73.00","74.40","72.95","1.05M","+1.79%"
"04/12/2016","72.45","72.00","72.80","70.40","197.21K","+1.90%"
"04/11/2016","71.10","72.60","72.60","70.20","129.00K","-1.04%"
"04/08/2016","71.85","74.70","74.70","71.60","297.38K","-1.91%"
"04/07/2016","73.25","72.75","73.80","72.00","87.63K","+0.48%"
"04/06/2016","72.90","72.00","74.40","70.40","205.73K","+1.32%"
"04/05/2016","71.95","74.00","74.40","71.25","182.84K","-2.44%"
"04/04/2016","73.75","74.00","74.20","73.00","120.06K","+0.48%"
"04/01/2016","73.40","73.40","74.80","73.00","339.63K","+0.75%"
"03/31/2016","72.85","73.60","74.45","72.35","144.97K","-0.82%"
"03/30/2016","73.45","74.40","75.20","73.20","591.46K","-0.61%"
"03/29/2016","73.90","71.40","74.00","70.65","469.00K","+4.16%"
"03/28/2016","70.95","71.80","72.00","70.00","143.08K","+0.21%"
"03/23/2016","70.80","73.20","74.20","69.80","430.75K","-3.28%"
"03/22/2016","73.20","75.00","76.00","72.80","311.48K","-2.33%"
"03/21/2016","74.95","76.20","76.20","74.00","301.64K","-1.58%"
"03/18/2016","76.15","74.40","76.80","72.50","881.14K","+4.32%"
"03/17/2016","73.00","71.95","73.65","70.85","208.17K","+2.31%"
"03/16/2016","71.35","73.40","73.70","71.05","273.06K","-3.45%"
"03/15/2016","73.90","74.05","75.00","73.05","356.63K","-0.20%"
"03/14/2016","74.05","75.55","75.55","73.65","421.25K","-1.20%"
"03/11/2016","74.95","72.50","75.15","72.00","1.24M","+4.02%"
"03/10/2016","72.05","72.00","73.00","70.60","345.20K","+0.00%"
"03/09/2016","72.05","72.00","72.80","71.00","435.88K","+0.35%"
"03/08/2016","71.80","68.00","72.20","68.00","1.23M","+5.67%"
"03/04/2016","67.95","68.70","68.80","67.30","276.00K","+0.15%"
"03/03/2016","67.85","67.80","68.40","64.40","1.64M","+1.34%"
"03/02/2016","66.95","65.00","67.90","63.40","1.01M","+6.19%"
"03/01/2016","63.05","61.85","63.60","61.60","118.08K","+2.69%"
"02/29/2016","61.40","61.80","62.20","60.40","117.55K","+0.08%"
"02/26/2016","61.35","61.80","62.15","60.30","90.01K","+0.25%"
"02/25/2016","61.20","62.60","62.60","61.00","560.53K","+0.25%"
"02/24/2016","61.05","60.60","61.40","59.60","406.17K","+0.08%"
"02/23/2016","61.00","61.60","61.60","60.80","1.08M","-0.57%"
"02/22/2016","61.35","61.80","62.10","60.10","85.86K","+1.07%"
"02/19/2016","60.70","61.00","61.15","60.00","52.08K","+0.58%"
"02/18/2016","60.35","60.40","60.65","59.90","76.95K","+2.03%"
"02/17/2016","59.15","59.40","60.00","58.45","86.38K","-1.00%"
"02/16/2016","59.75","60.90","61.15","59.60","78.33K","-1.97%"
"02/15/2016","60.95","58.40","61.20","58.40","232.62K","+7.21%"
"02/12/2016","56.85","58.95","59.00","54.50","221.54K","-3.73%"
"02/11/2016","59.05","61.00","61.35","58.60","149.74K","-4.53%"
"02/10/2016","61.85","61.60","62.50","60.30","114.09K","-0.56%"
"02/09/2016","62.20","62.00","62.75","61.00","83.17K","+0.65%"
"02/08/2016","61.80","61.00","63.40","61.00","72.47K","+0.90%"
"02/05/2016","61.25","60.75","61.80","60.75","40.36K","+0.82%"
"02/04/2016","60.75","60.00","61.40","59.65","296.63K","+0.91%"
"02/03/2016","60.20","61.40","61.60","59.60","74.60K","-3.22%"
"02/02/2016","62.20","64.60","64.80","61.80","171.04K","-2.74%"
"02/01/2016","63.95","63.60","64.80","62.80","177.62K","+0.55%"
"01/29/2016","63.60","60.60","63.90","60.60","282.14K","+3.75%"
"01/28/2016","61.30","61.55","61.60","60.10","145.43K","-0.16%"
"01/27/2016","61.40","61.55","61.80","59.40","463.53K","+0.49%"
"01/25/2016","61.10","56.80","61.65","56.80","413.34K","+8.05%"
"01/22/2016","56.55","55.00","57.60","54.20","106.90K","+2.82%"
"01/21/2016","55.00","53.00","56.00","53.00","2.29M","+3.87%"
"01/20/2016","52.95","54.00","55.55","52.10","91.84K","-3.02%"
"01/19/2016","54.60","56.00","56.00","53.60","62.94K","-1.09%"
"01/18/2016","55.20","57.80","57.85","53.40","92.60K","-3.83%"
"01/15/2016","57.40","59.30","59.30","57.00","97.08K","-0.95%"
"01/14/2016","57.95","59.60","59.60","57.50","132.52K","-2.11%"
"01/13/2016","59.20","61.10","61.60","58.10","124.77K","-3.11%"
"01/12/2016","61.10","60.55","61.40","60.10","125.33K","+1.83%"
"01/11/2016","60.00","59.40","61.40","58.55","637.55K","-0.41%"
"01/08/2016","60.25","59.85","60.55","59.85","33.05K","+0.75%"
"01/07/2016","59.80","58.90","60.20","58.90","98.42K","-1.16%"
"01/06/2016","60.50","61.40","61.60","58.75","86.62K","-0.25%"
"01/05/2016","60.65","59.45","61.00","59.45","69.91K","+0.50%"
"01/04/2016","60.35","60.00","61.45","60.00","77.58K","+0.75%"
"01/01/2016","59.90","60.45","60.80","59.80","30.85K","-0.33%"
"12/31/2015","60.10","60.95","61.95","59.95","150.96K","-1.31%"
"12/30/2015","60.90","59.40","61.35","59.40","164.32K","+1.00%"
"12/29/2015","60.30","60.25","60.65","59.60","117.38K","+1.09%"
"12/28/2015","59.65","60.40","60.40","59.50","46.45K","+0.00%"
"12/24/2015","59.65","58.45","60.00","58.45","180.52K","+2.05%"
"12/23/2015","58.45","58.20","58.85","58.10","106.52K","+0.43%"
"12/22/2015","58.20","58.90","58.90","58.00","87.05K","+0.00%"
"12/21/2015","58.20","58.95","59.20","58.10","117.59K","-0.34%"
"12/18/2015","58.40","59.15","59.15","58.35","69.78K","-0.26%"
"12/17/2015","58.55","58.40","59.70","58.20","44.59K","-0.51%"
"12/16/2015","58.85","57.85","59.70","57.85","227.38K","-0.08%"
"12/15/2015","58.90","59.20","60.00","58.45","132.06K","-0.08%"
"12/14/2015","58.95","57.00","59.30","56.80","92.49K","+2.97%"
"12/11/2015","57.25","58.80","58.80","56.80","64.13K","+0.00%"
"12/10/2015","57.25","57.30","57.80","56.90","34.33K","+0.00%"
"12/09/2015","57.25","57.20","58.20","57.00","150.62K","-1.46%"
"12/08/2015","58.10","58.40","58.90","57.65","110.30K","+0.00%"
"12/07/2015","58.10","58.60","59.50","57.60","90.63K","-1.11%"
"12/04/2015","58.75","59.00","59.60","58.65","36.98K","-0.59%"
"12/03/2015","59.10","59.95","60.00","58.85","60.35K","-0.51%"
"12/02/2015","59.40","60.40","60.40","59.20","54.44K","-0.67%"
"12/01/2015","59.80","60.70","60.80","59.60","34.64K","-1.56%"
"11/30/2015","60.75","59.20","61.00","59.00","105.61K","+1.50%"
"11/27/2015","59.85","60.40","61.00","59.65","47.73K","-0.91%"
"11/26/2015","60.40","59.00","60.95","59.00","119.06K","+0.67%"
"11/24/2015","60.00","58.60","60.35","58.60","85.77K","+2.04%"
"11/23/2015","58.80","59.40","60.00","58.40","94.67K","-0.84%"
"11/20/2015","59.30","58.70","60.55","58.70","127.98K","+0.76%"
"11/19/2015","58.85","58.60","60.55","58.60","86.56K","-0.17%"
"11/18/2015","58.95","61.10","61.10","58.75","115.96K","-2.80%"
"11/17/2015","60.65","61.50","61.60","60.00","94.78K","-0.41%"
"11/16/2015","60.90","61.00","61.70","60.20","121.73K","+0.91%"
"11/13/2015","60.35","61.00","62.00","60.10","73.17K","-2.82%"
"11/11/2015","62.10","61.20","62.80","60.60","61.55K","+2.05%"
"11/10/2015","60.85","61.90","62.90","59.65","275.67K","-1.70%"
"11/09/2015","61.90","58.50","62.40","55.40","380.28K","+5.81%"
"11/06/2015","58.50","62.80","65.25","57.65","1.20M","-7.07%"
"11/05/2015","62.95","64.40","64.55","62.60","85.80K","-2.48%"
"11/04/2015","64.55","66.40","66.80","63.60","273.99K","-2.71%"
"11/03/2015","66.35","65.40","66.80","64.15","904.97K","+1.53%"
"11/02/2015","65.35","62.00","66.00","62.00","443.20K","+4.31%"
"10/30/2015","62.65","64.00","65.00","62.25","305.31K","-1.42%"
"10/29/2015","63.55","63.20","65.20","62.75","350.90K","-0.55%"
"10/28/2015","63.90","64.70","64.75","62.00","856.68K","-0.31%"
"10/27/2015","64.10","59.15","66.80","58.60","2.68M","+6.30%"
"10/26/2015","60.30","59.10","60.85","59.00","223.35K","+2.12%"
"10/23/2015","59.05","59.25","60.40","58.40","226.24K","-1.83%"
"10/21/2015","60.15","61.00","61.75","59.25","253.97K","-1.23%"
"10/20/2015","60.90","58.00","62.70","58.00","1.33M","+5.36%"
"10/19/2015","57.80","57.05","58.45","55.70","144.79K","+2.12%"
"10/16/2015","56.60","58.00","58.60","56.20","120.94K","-2.75%"
"10/15/2015","58.20","59.25","59.40","57.30","197.39K","-0.43%"
"10/14/2015","58.45","56.20","59.35","56.00","791.00K","+5.98%"
"10/13/2015","55.15","52.40","56.80","52.40","263.09K","+4.65%"
"10/12/2015","52.70","53.00","53.40","52.35","72.72K","-0.57%"
"10/09/2015","53.00","53.40","53.80","52.80","101.16K","+0.00%"
"10/08/2015","53.00","52.45","53.70","52.45","76.78K","-0.19%"
"10/07/2015","53.10","52.80","53.85","49.10","82.94K","+0.57%"
"10/06/2015","52.80","52.50","54.05","52.40","126.78K","+0.38%"
"10/05/2015","52.60","53.00","53.00","51.65","38.09K","+0.48%"
"10/01/2015","52.35","52.20","52.60","52.15","32.27K","+0.67%"
"09/30/2015","52.00","51.95","52.35","51.60","50.92K","+0.00%"
"09/29/2015","52.00","51.40","52.15","50.45","58.28K","+0.87%"
"09/28/2015","51.55","50.45","52.50","50.45","40.23K","-0.19%"
"09/24/2015","51.65","52.15","52.50","51.10","46.47K","-0.10%"
"09/23/2015","51.70","52.00","52.40","50.60","34.19K","-0.86%"
"09/22/2015","52.15","53.15","53.55","52.00","40.73K","-1.88%"
"09/21/2015","53.15","50.90","54.00","50.90","117.94K","+4.63%"
"09/18/2015","50.80","52.05","52.55","50.20","616.90K","-2.03%"
"09/16/2015","51.85","52.20","52.35","51.60","47.91K","-0.48%"
"09/15/2015","52.10","51.80","52.85","51.80","240.46K","-0.19%"
"09/14/2015","52.20","52.50","52.60","51.90","43.39K","+0.97%"
"09/11/2015","51.70","50.80","52.20","49.60","112.13K","+1.77%"
"09/10/2015","50.80","50.80","51.10","50.20","26.96K","-0.10%"
"09/09/2015","50.85","51.20","52.00","50.55","106.78K","-0.20%"
"09/08/2015","50.95","51.70","51.70","50.80","581.00K","-1.07%"
"09/07/2015","51.50","51.40","52.10","51.20","81.30K","-1.06%"
"09/04/2015","52.05","53.00","53.00","51.80","87.25K","-0.67%"
"09/03/2015","52.40","52.20","52.95","51.80","36.87K","+1.45%"
"09/02/2015","51.65","52.00","52.40","51.20","86.55K","+0.29%"
"09/01/2015","51.50","51.40","51.95","51.25","150.78K","+0.19%"
"08/31/2015","51.40","52.00","52.00","51.00","153.87K","+0.19%"
"08/28/2015","51.30","51.25","53.50","51.05","70.59K","+0.69%"
"08/27/2015","50.95","51.50","52.80","50.75","138.05K","+0.10%"
"08/26/2015","50.90","52.00","52.75","50.60","92.44K","-0.97%"
"08/25/2015","51.40","51.20","52.70","50.00","129.00K","-0.48%"
"08/24/2015","51.65","54.00","54.00","51.00","281.53K","-5.06%"
"08/21/2015","54.40","54.20","55.00","53.10","165.10K","-0.73%"
"08/20/2015","54.80","54.70","55.60","54.00","191.03K","+0.09%"
"08/19/2015","54.75","54.60","55.55","53.70","117.39K","+0.55%"
"08/18/2015","54.45","55.40","55.40","54.00","115.81K","+1.11%"
"08/17/2015","53.85","53.20","54.35","52.00","125.70K","+1.70%"
"08/14/2015","52.95","53.20","53.45","51.60","181.13K","+0.86%"
"08/13/2015","52.50","53.50","54.95","52.25","166.50K","-1.87%"
"08/12/2015","53.50","55.10","56.00","53.05","153.54K","-3.69%"
"08/11/2015","55.55","57.75","57.95","55.40","257.06K","-3.39%"
"08/10/2015","57.50","59.25","60.55","56.60","585.18K","-2.95%"
"08/07/2015","59.25","57.55","61.80","57.20","4.15M","+3.95%"
"08/06/2015","57.00","56.50","57.60","55.50","190.32K","+1.15%"
"08/05/2015","56.35","55.05","57.80","55.05","350.93K","+2.27%"
"08/04/2015","55.10","54.90","56.40","54.90","84.56K","+0.18%"
"08/03/2015","55.00","54.20","55.60","54.00","332.03K","-0.27%"
"07/31/2015","55.15","54.40","57.50","54.40","209.41K","+1.66%"
"07/30/2015","54.25","54.00","54.85","54.00","40.90K","+0.46%"
"07/29/2015","54.00","54.00","54.40","53.40","213.75K","-0.37%"
"07/28/2015","54.20","54.00","54.60","54.00","36.75K","+0.37%"
"07/27/2015","54.00","55.00","55.00","54.00","157.31K","-1.82%"
"07/24/2015","55.00","54.90","55.10","54.10","85.09K","+0.82%"
"07/23/2015","54.55","54.45","54.90","54.20","101.10K","+0.65%"
"07/22/2015","54.20","54.00","54.70","53.95","83.09K","+0.28%"
"07/21/2015","54.05","54.35","54.85","53.95","120.72K","-0.09%"
"07/20/2015","54.10","54.20","54.30","53.45","542.63K","-0.37%"
"07/17/2015","54.30","54.20","54.70","54.10","70.57K","-0.09%"
"07/16/2015","54.35","54.75","54.80","54.00","73.64K","+0.28%"
"07/15/2015","54.20","54.85","54.85","54.05","65.03K","+0.18%"
"07/14/2015","54.10","54.20","55.40","54.00","162.43K","+0.00%"
"07/13/2015","54.10","53.65","55.00","53.65","103.08K","+0.09%"
"07/10/2015","54.05","55.75","55.75","53.80","64.22K","-0.46%"
"07/09/2015","54.30","54.35","55.80","54.00","90.14K","-1.36%"
"07/08/2015","55.05","55.75","56.50","50.75","241.09K","-1.26%"
"07/07/2015","55.75","56.60","57.60","55.60","110.51K","-1.50%"
"07/06/2015","56.60","56.95","57.80","55.00","127.00K","-0.61%"
"07/03/2015","56.95","56.80","58.55","55.00","982.09K","+0.26%"
"07/02/2015","56.80","52.15","57.55","52.15","1.65M","+8.19%"
"07/01/2015","52.50","52.00","53.25","51.30","159.51K","+2.44%"
"06/30/2015","51.25","51.60","51.65","50.60","201.16K","+0.89%"
"06/29/2015","50.80","51.60","51.80","50.20","317.81K","-2.96%"
"06/26/2015","52.35","52.80","53.40","51.20","1.25M","+0.38%"
"06/25/2015","52.15","53.50","53.50","52.00","90.20K","-1.79%"
"06/24/2015","53.10","53.15","54.05","52.80","64.10K","+0.00%"
"06/23/2015","53.10","53.95","53.95","52.80","69.98K","-0.38%"
"06/22/2015","53.30","52.85","53.90","52.65","67.64K","+0.76%"
"06/19/2015","52.90","54.00","54.70","52.80","200.59K","-2.49%"
"06/18/2015","54.25","54.85","54.85","54.00","33.13K","-0.91%"
"06/17/2015","54.75","54.90","55.00","54.40","62.02K","+1.01%"
"06/16/2015","54.20","54.45","54.85","53.15","81.69K","+0.28%"
"06/15/2015","54.05","53.25","54.65","53.20","73.20K","+0.46%"
"06/12/2015","53.80","54.60","54.60","53.20","58.15K","-1.28%"
"06/11/2015","54.50","54.55","55.00","54.00","82.71K","+1.21%"
"06/10/2015","53.85","54.30","54.50","53.60","113.78K","+0.28%"
"06/09/2015","53.70","54.75","54.75","53.40","213.16K","-1.01%"
"06/08/2015","54.25","53.80","54.80","53.45","109.08K","+1.02%"
"06/05/2015","53.70","53.85","55.05","53.30","64.48K","-0.37%"
"06/04/2015","53.90","52.95","54.95","52.80","113.98K","+1.32%"
"06/03/2015","53.20","55.10","55.25","52.30","96.83K","-3.01%"
"06/02/2015","54.85","57.45","57.45","54.40","161.78K","-4.86%"
"06/01/2015","57.65","55.95","58.65","54.00","1.52M","+4.82%"
"05/29/2015","55.00","54.60","55.20","53.60","1.57M","+1.01%"
"05/28/2015","54.45","56.05","56.10","52.00","2.21M","-2.07%"
"05/27/2015","55.60","55.80","56.05","54.85","338.17K","-0.36%"
"05/26/2015","55.80","56.85","57.05","55.50","187.60K","-1.67%"
"05/25/2015","56.75","56.65","57.95","56.40","130.42K","-0.53%"
"05/22/2015","57.05","56.85","58.00","56.05","133.29K","-0.17%"
"05/21/2015","57.15","57.10","57.85","55.75","191.07K","-0.70%"
"05/20/2015","57.55","58.00","58.15","56.45","239.53K","-0.52%"
"05/19/2015","57.85","55.60","59.80","55.20","1.62M","+5.66%"
"05/18/2015","54.75","53.30","55.20","52.60","227.94K","+3.20%"
"05/15/2015","53.05","53.35","53.95","52.85","101.09K","+0.38%"
"05/14/2015","52.85","51.20","53.35","50.40","279.55K","+4.04%"
"05/13/2015","50.80","51.40","52.60","50.65","308.48K","-1.07%"
"05/12/2015","51.35","53.00","53.00","50.80","928.25K","-1.34%"
"05/11/2015","52.05","50.00","53.00","49.40","707.82K","+4.62%"
"05/08/2015","49.75","51.00","52.10","49.60","535.38K","-1.39%"
"05/07/2015","50.45","53.60","54.00","50.10","572.47K","-4.90%"
"05/06/2015","53.05","54.45","55.15","52.80","192.34K","-3.19%"
"05/05/2015","54.80","55.05","56.30","54.40","118.21K","-0.63%"
"05/04/2015","55.15","54.40","56.55","54.40","93.58K","+0.18%"
"04/30/2015","55.05","55.00","57.25","54.40","330.87K","-1.08%"
"04/29/2015","55.65","58.60","58.60","55.20","76.42K","+0.82%"
"04/28/2015","55.20","54.40","56.30","54.00","434.15K","+1.19%"
"04/27/2015","54.55","57.00","57.00","54.00","414.13K","-1.89%"
"04/24/2015","55.60","57.60","57.75","55.30","302.27K","-2.80%"
"04/23/2015","57.20","57.45","59.55","56.90","152.75K","-0.17%"
"04/22/2015","57.30","59.05","59.40","56.50","150.99K","-2.30%"
"04/21/2015","58.65","59.00","59.80","57.60","141.08K","-0.59%"
"04/20/2015","59.00","61.70","61.70","58.60","655.59K","-3.52%"
"04/17/2015","61.15","59.30","62.30","59.30","763.75K","+3.12%"
"04/16/2015","59.30","61.10","61.30","58.45","318.50K","-2.31%"
"04/15/2015","60.70","58.00","62.45","57.60","888.46K","+5.84%"
"04/13/2015","57.35","56.80","58.00","56.70","114.39K","+0.26%"
"04/10/2015","57.20","57.80","58.00","57.00","133.50K","-1.04%"
"04/09/2015","57.80","57.60","58.15","57.60","62.38K","+0.87%"
"04/08/2015","57.30","57.70","58.20","56.80","207.89K","-0.52%"
"04/07/2015","57.60","56.60","58.05","56.45","146.16K","-0.17%"
"04/06/2015","57.70","57.80","58.40","57.40","97.63K","-0.35%"
"04/01/2015","57.90","56.75","58.25","56.75","152.66K","+2.03%"
"03/31/2015","56.75","57.60","58.60","56.40","176.35K","-2.07%"
"03/30/2015","57.95","55.45","58.50","55.40","383.23K","+4.04%"
"03/27/2015","55.70","55.80","56.55","55.00","228.41K","+1.00%"
"03/26/2015","55.15","55.60","55.80","53.85","503.62K","-1.43%"
"03/25/2015","55.95","55.75","56.35","55.05","199.19K","+1.45%"
"03/24/2015","55.15","54.40","55.55","54.40","397.07K","-0.81%"
"03/23/2015","55.60","55.95","56.40","55.05","498.31K","+0.45%"
"03/20/2015","55.35","55.60","56.40","55.00","360.08K","+0.45%"
"03/19/2015","55.10","57.00","57.80","54.20","450.42K","-3.16%"
"03/18/2015","56.90","53.70","59.20","53.70","2.09M","+5.47%"
"03/17/2015","53.95","54.00","54.40","53.40","670.38K","+1.12%"
"03/16/2015","53.35","54.20","55.00","53.20","216.04K","-1.02%"
"03/13/2015","53.90","55.40","57.35","52.50","1.75M","-2.71%"
"03/12/2015","55.40","55.05","55.75","55.05","671.13K","+0.36%"
"03/11/2015","55.20","55.20","55.90","55.15","145.31K","+0.00%"
"03/10/2015","55.20","56.10","56.10","55.10","129.77K","-0.54%"
"03/09/2015","55.50","55.60","56.40","54.85","145.31K","-0.09%"
"03/05/2015","55.55","56.50","57.75","55.10","253.00K","-1.33%"
"03/04/2015","56.30","57.20","58.25","56.10","114.36K","-1.40%"
"03/03/2015","57.10","56.50","57.40","56.30","409.43K","+1.24%"
"03/02/2015","56.40","58.20","58.60","56.00","268.84K","-3.51%"
"02/27/2015","58.45","58.55","58.65","57.20","485.59K","+1.39%"
"02/26/2015","57.65","55.60","58.00","55.50","432.39K","+2.85%"
"02/25/2015","56.05","55.00","56.25","54.80","2.62M","+2.66%"
"02/24/2015","54.60","56.70","56.70","54.20","586.00K","-2.24%"
"02/23/2015","55.85","55.95","56.20","55.65","221.49K","+0.36%"
"02/20/2015","55.65","55.90","56.25","55.25","565.52K","+0.36%"
"02/19/2015","55.45","56.20","56.60","54.70","276.35K","-0.89%"
"02/18/2015","55.95","55.95","56.40","55.20","511.69K","+0.99%"
"02/16/2015","55.40","56.00","56.20","55.15","170.22K","-0.63%"
"02/13/2015","55.75","55.40","56.20","55.15","168.69K","+1.00%"
"02/12/2015","55.20","56.40","56.40","54.30","262.74K","-1.34%"
"02/11/2015","55.95","57.00","57.00","55.40","285.43K","-0.80%"
"02/10/2015","56.40","54.10","57.20","54.10","278.37K","+0.80%"
"02/09/2015","55.95","53.40","57.00","49.45","1.68M","-0.44%"
"02/06/2015","56.20","58.50","58.75","52.70","3.36M","-3.77%"
"02/05/2015","58.40","59.40","59.40","58.00","187.67K","-0.34%"
"02/04/2015","58.60","58.45","59.55","58.00","224.86K","+0.69%"
"02/03/2015","58.20","58.00","59.80","58.00","147.63K","-0.68%"
"02/02/2015","58.60","58.00","59.60","57.20","272.54K","+0.86%"
"01/30/2015","58.10","58.85","59.60","57.60","172.29K","-0.17%"
"01/29/2015","58.20","58.80","60.00","57.80","285.22K","-0.85%"
"01/28/2015","58.70","59.40","59.40","58.25","181.60K","-1.10%"
"01/27/2015","59.35","61.60","61.60","58.00","558.63K","-3.42%"
"01/23/2015","61.45","58.40","62.35","58.00","1.61M","+5.67%"
"01/22/2015","58.15","57.60","58.80","57.25","252.07K","+1.04%"
"01/21/2015","57.55","59.20","59.65","56.40","464.81K","-2.62%"
"01/20/2015","59.10","60.35","60.35","58.90","418.01K","-1.75%"
"01/19/2015","60.15","58.25","61.35","58.25","1.76M","+4.34%"
"01/16/2015","57.65","56.40","58.45","55.75","517.04K","+1.95%"
"01/15/2015","56.55","58.55","58.55","56.25","577.57K","-2.50%"
"01/14/2015","58.00","60.95","61.30","57.60","1.26M","-3.57%"
"01/13/2015","60.15","52.70","62.45","52.70","7.10M","+14.25%"
"01/12/2015","52.65","51.55","52.95","51.30","1.42M","+2.63%"
"01/09/2015","51.30","50.90","51.80","50.60","313.75K","+1.28%"
"01/08/2015","50.65","51.45","52.15","50.00","411.77K","-1.84%"
"01/07/2015","51.60","51.60","52.35","51.50","318.41K","+0.19%"
"01/06/2015","51.50","52.00","52.40","51.30","298.94K","-1.25%"
"01/05/2015","52.15","52.20","53.00","51.80","421.48K","-0.38%"
"01/02/2015","52.35","52.20","53.35","52.05","779.50K","+0.38%"
"01/01/2015","52.15","52.20","52.75","51.60","349.03K","+0.29%"
"12/31/2014","52.00","51.55","52.60","51.15","321.77K","+1.66%"
"12/30/2014","51.15","52.10","52.20","50.95","147.08K","-1.45%"
"12/29/2014","51.90","51.60","52.10","51.15","171.12K","+1.37%"
"12/26/2014","51.20","51.75","52.50","50.75","160.55K","-0.68%"
"12/24/2014","51.55","52.10","52.60","51.30","150.09K","-0.96%"
"12/23/2014","52.05","52.90","53.45","51.15","193.47K","-1.42%"
"12/22/2014","52.80","53.75","54.35","52.65","138.74K","-1.86%"
"12/19/2014","53.80","53.10","55.10","53.10","1.05M","+1.89%"
"12/18/2014","52.80","52.90","55.50","52.25","582.30K","+0.96%"
"12/17/2014","52.30","51.35","53.35","49.75","722.86K","+0.87%"
"12/16/2014","51.85","54.15","54.70","50.95","683.66K","-4.69%"
"12/15/2014","54.40","55.10","55.70","53.80","294.57K","-1.09%"
"12/12/2014","55.00","57.40","57.40","54.70","375.22K","-1.43%"
"12/11/2014","55.80","57.90","57.90","55.55","398.62K","-3.63%"
"12/10/2014","57.90","56.30","58.05","56.05","233.38K","+2.84%"
"12/09/2014","56.30","56.90","58.50","56.00","1.25M","-2.51%"
"12/08/2014","57.75","57.85","58.45","56.90","284.62K","+0.70%"
"12/05/2014","57.35","56.70","59.05","56.70","1.05M","+0.53%"
"12/04/2014","57.05","58.20","58.50","56.70","540.61K","-1.21%"
"12/03/2014","57.75","58.05","58.70","57.50","616.16K","-0.26%"
"12/02/2014","57.90","56.70","58.80","56.50","769.24K","+2.12%"
"12/01/2014","56.70","55.90","57.45","55.35","869.48K","+1.52%"
"11/28/2014","55.85","56.70","57.70","55.30","320.80K","-1.24%"
"11/27/2014","56.55","56.95","57.05","55.95","199.44K","+0.00%"
"11/26/2014","56.55","55.65","57.10","55.50","241.74K","+1.80%"
"11/25/2014","55.55","56.85","57.20","53.70","1.41M","-1.68%"
"11/24/2014","56.50","56.30","58.90","56.15","506.63K","-0.44%"
"11/21/2014","56.75","57.45","58.65","56.55","346.81K","-2.32%"
"11/20/2014","58.10","60.50","61.15","57.65","490.94K","-4.36%"
"11/19/2014","60.75","60.80","61.65","60.15","620.49K","+0.00%"
"11/18/2014","60.75","59.10","61.25","58.70","1.39M","+2.79%"
"11/17/2014","59.10","57.50","59.50","56.75","814.55K","+4.14%"
"11/14/2014","56.75","58.70","59.65","52.80","4.08M","-8.62%"
"11/13/2014","62.10","64.45","66.60","61.65","1.28M","-3.65%"
"11/12/2014","64.45","65.45","66.60","63.90","542.16K","-1.75%"
"11/11/2014","65.60","67.00","67.80","64.85","369.69K","-1.80%"
"11/10/2014","66.80","67.50","67.85","65.85","417.59K","-0.52%"
"11/07/2014","67.15","68.65","69.15","66.65","1.38M","+0.15%"
"11/05/2014","67.05","64.65","67.85","63.70","1.11M","+3.55%"
"11/03/2014","64.75","64.20","65.05","63.45","221.14K","+1.41%"
"10/31/2014","63.85","64.40","65.25","63.40","317.14K","-0.85%"
"10/30/2014","64.40","65.25","66.45","63.90","245.06K","-0.69%"
"10/29/2014","64.85","63.45","65.25","63.45","215.47K","+1.89%"
"10/28/2014","63.65","64.45","64.75","62.90","147.46K","-1.24%"
"10/27/2014","64.45","65.60","65.65","63.95","120.83K","-0.92%"
"10/23/2014","65.05","64.05","65.45","64.05","141.91K","+2.20%"
"10/22/2014","63.65","63.45","64.25","62.95","139.53K","+0.32%"
"10/21/2014","63.45","63.60","64.55","62.95","446.07K","+0.16%"
"10/20/2014","63.35","63.20","64.55","62.70","692.92K","+0.32%"
"10/17/2014","63.15","63.65","64.65","62.25","518.08K","+0.16%"
"10/16/2014","63.05","66.30","66.30","62.75","289.84K","-6.11%"
"10/14/2014","67.15","67.60","68.00","66.75","1.29M","+0.22%"
"10/13/2014","67.00","67.45","67.80","65.70","3.04M","+0.37%"
"10/10/2014","66.75","65.05","67.25","64.85","1.41M","+2.61%"
"10/09/2014","65.05","63.05","65.65","62.85","180.54K","+2.20%"
"10/08/2014","63.65","63.85","65.35","61.30","482.25K","-0.08%"
"10/07/2014","63.70","66.15","66.85","63.05","448.82K","-2.97%"
"10/01/2014","65.65","64.50","66.45","63.85","428.50K","+1.16%"
"09/30/2014","64.90","62.65","65.25","62.65","284.01K","+2.61%"
"09/29/2014","63.25","60.50","63.85","59.70","201.35K","+2.18%"
"09/26/2014","61.90","60.10","62.85","58.50","258.67K","+2.23%"
"09/25/2014","60.55","62.75","64.20","59.70","382.46K","-4.42%"
"09/24/2014","63.35","64.65","64.75","62.70","238.81K","-1.86%"
"09/23/2014","64.55","68.05","68.45","64.00","322.20K","-5.07%"
"09/22/2014","68.00","67.15","68.20","66.85","726.72K","+1.80%"
"09/19/2014","66.80","63.80","67.25","63.35","1.13M","+3.73%"
"09/18/2014","64.40","62.15","64.80","62.05","371.08K","+2.63%"
"09/17/2014","62.75","62.65","63.40","61.50","229.16K","+0.97%"
"09/16/2014","62.15","63.75","65.05","61.65","396.44K","-3.42%"
"09/15/2014","64.35","63.65","64.85","62.05","782.70K","+0.63%"
"09/12/2014","63.95","62.75","64.55","62.75","839.70K","+1.59%"
"09/11/2014","62.95","63.25","63.75","61.90","614.25K","+0.00%"
"09/10/2014","62.95","61.45","63.95","60.80","2.05M","+1.86%"
"09/09/2014","61.80","61.70","62.15","60.40","518.85K","+0.73%"
"09/08/2014","61.35","59.60","62.45","59.10","1.34M","+1.57%"
"09/05/2014","60.40","59.20","60.65","59.20","390.61K","+1.68%"
"09/04/2014","59.40","59.90","60.15","58.70","315.08K","-0.83%"
"09/03/2014","59.90","60.30","60.70","58.90","557.57K","-0.83%"
"09/02/2014","60.40","58.50","60.70","58.50","943.03K","+3.51%"
"09/01/2014","58.35","57.75","58.55","57.30","239.03K","+1.83%"
"08/28/2014","57.30","57.90","59.45","56.90","223.63K","-1.55%"
"08/27/2014","58.20","58.30","59.20","57.80","195.18K","-0.09%"
"08/26/2014","58.25","58.15","60.10","57.90","323.54K","-1.02%"
"08/25/2014","58.85","61.05","61.75","58.35","795.10K","-2.16%"
"08/22/2014","60.15","56.70","61.25","56.70","1.65M","+6.18%"
"08/21/2014","56.65","57.30","58.20","55.90","180.51K","-0.79%"
"08/20/2014","57.10","58.40","58.50","56.55","133.06K","-2.14%"
"08/19/2014","58.35","59.30","59.40","57.15","316.56K","-1.19%"
"08/18/2014","59.05","57.70","60.00","57.50","799.90K","+3.05%"
"08/14/2014","57.30","53.45","58.25","53.15","1.15M","+6.60%"
"08/13/2014","53.75","52.75","54.05","52.75","226.24K","+1.03%"
"08/12/2014","53.20","53.55","54.70","53.05","201.81K","-1.30%"
"08/11/2014","53.90","53.35","54.15","53.35","134.71K","+0.47%"
"08/08/2014","53.65","52.30","54.50","50.95","583.26K","+2.39%"
"08/07/2014","52.40","52.70","53.95","52.15","147.52K","-1.60%"
"08/06/2014","53.25","53.70","54.60","53.10","117.55K","-1.57%"
"08/05/2014","54.10","53.80","54.30","53.10","283.57K","-0.18%"
"08/04/2014","54.20","54.40","54.60","53.70","278.03K","-1.09%"
"08/01/2014","54.80","54.90","55.45","54.50","302.29K","-1.26%"
"07/31/2014","55.50","54.50","55.70","54.50","352.12K","+1.09%"
"07/30/2014","54.90","56.50","56.50","53.75","372.19K","-1.35%"
"07/28/2014","55.65","56.90","57.70","55.40","764.73K","-0.18%"
"07/25/2014","55.75","57.20","57.20","54.90","367.77K","-2.19%"
"07/24/2014","57.00","54.90","57.30","54.60","952.62K","+4.20%"
"07/23/2014","54.70","55.10","56.40","54.10","347.43K","-1.26%"
"07/22/2014","55.40","55.30","55.55","54.50","241.44K","+0.82%"
"07/21/2014","54.95","55.90","57.35","54.70","197.29K","-2.57%"
"07/18/2014","56.40","55.70","57.65","55.70","358.82K","-0.35%"
"07/17/2014","56.60","58.30","58.30","55.75","489.54K","-2.83%"
"07/16/2014","58.25","58.40","59.30","57.00","382.81K","+0.09%"
"07/15/2014","58.20","54.70","58.90","54.70","490.68K","+6.69%"
"07/14/2014","54.55","51.70","54.90","51.05","207.16K","+3.71%"
"07/11/2014","52.60","54.30","54.50","52.20","132.22K","-3.22%"
"07/10/2014","54.35","55.90","56.70","53.30","301.54K","-2.60%"
"07/09/2014","55.80","55.10","56.65","54.25","279.67K","+1.55%"
"07/08/2014","54.95","55.60","56.40","54.70","409.60K","-1.96%"
"07/07/2014","56.05","56.00","58.15","55.15","310.79K","-1.58%"
"07/04/2014","56.95","56.35","58.15","56.35","163.51K","-0.70%"
"07/03/2014","57.35","59.10","60.20","56.90","314.77K","-3.78%"
"07/02/2014","59.60","58.10","60.10","57.80","451.05K","+2.41%"
"07/01/2014","58.20","57.65","58.95","57.35","307.73K","+1.48%"
"06/30/2014","57.35","56.20","57.55","55.30","1.15M","+2.69%"
"06/27/2014","55.85","55.10","56.50","54.15","511.30K","+1.55%"
"06/26/2014","55.00","51.95","55.50","51.95","859.44K","+4.96%"
"06/25/2014","52.40","52.00","52.70","51.70","1.65M","+0.77%"
"06/24/2014","52.00","52.20","52.90","51.80","97.91K","-0.29%"
"06/23/2014","52.15","51.80","52.70","51.70","119.02K","+0.29%"
"06/20/2014","52.00","52.20","52.55","50.75","160.94K","-1.33%"
"06/19/2014","52.70","52.50","54.25","52.50","289.86K","-1.13%"
"06/18/2014","53.30","52.30","53.90","52.30","334.80K","+2.11%"
"06/17/2014","52.20","51.50","53.20","50.95","184.81K","+0.87%"
"06/16/2014","51.75","52.20","53.65","48.55","394.80K","-0.19%"
"06/13/2014","51.85","51.75","52.25","50.95","910.95K","+0.19%"
"06/12/2014","51.75","53.10","53.95","51.60","3.22M","-3.00%"
"06/11/2014","53.35","52.80","53.90","52.75","524.15K","+1.04%"
"06/10/2014","52.80","53.90","54.25","51.70","211.97K","-1.95%"
"06/09/2014","53.85","54.70","54.70","52.70","265.46K","+0.19%"
"06/06/2014","53.75","52.40","54.10","51.90","813.57K","+2.87%"
"06/05/2014","52.25","52.10","52.45","51.35","256.19K","+0.19%"
"06/04/2014","52.15","51.15","52.55","50.75","431.56K","+1.76%"
"06/03/2014","51.25","50.90","51.95","50.65","307.06K","+1.28%"
"06/02/2014","50.60","50.55","51.05","49.95","176.20K","+0.10%"
"05/30/2014","50.55","49.85","51.70","49.70","218.65K","+1.81%"
"05/29/2014","49.65","50.70","51.05","49.35","233.85K","-2.07%"
"05/28/2014","50.70","49.75","51.40","49.25","260.62K","+1.91%"
"05/27/2014","49.75","49.80","50.45","49.55","295.73K","-0.10%"
"05/26/2014","49.80","50.35","51.35","48.80","2.00M","-0.99%"
"05/23/2014","50.30","48.95","50.55","48.35","1.97M","+2.65%"
"05/22/2014","49.00","47.50","49.95","46.75","2.47M","+5.15%"
"05/21/2014","46.60","47.65","47.65","46.35","310.35K","-1.06%"
"05/20/2014","47.10","47.85","48.55","46.80","679.62K","+0.32%"
"05/19/2014","46.95","45.75","48.50","45.05","1.59M","+5.03%"
"05/16/2014","44.70","44.85","45.75","43.95","442.00K","-1.11%"
"05/15/2014","45.20","45.75","45.95","44.75","471.70K","+0.11%"
"05/14/2014","45.15","44.45","45.75","44.45","495.45K","+2.38%"
"05/13/2014","44.10","45.05","45.95","40.95","2.96M","-4.23%"
"05/12/2014","46.05","45.45","46.45","45.05","1.16M","+2.56%"
"05/09/2014","44.90","43.40","45.55","43.40","630.47K","+2.28%"
"05/08/2014","43.90","44.25","44.50","42.35","551.38K","-0.11%"
"05/07/2014","43.95","44.55","44.95","43.55","217.43K","-1.79%"
"05/06/2014","44.75","44.15","45.25","44.00","312.61K","+0.56%"
"05/05/2014","44.50","45.40","45.85","44.35","192.13K","-1.98%"
"05/02/2014","45.40","44.50","45.65","44.50","543.70K","+2.48%"
"04/30/2014","44.30","43.75","45.05","43.75","880.73K","+0.34%"
"04/29/2014","44.15","44.45","44.85","43.55","586.21K","-0.11%"
"04/28/2014","44.20","44.20","44.75","43.80","227.99K","+0.34%"
"04/25/2014","44.05","44.40","45.25","43.80","1.24M","-0.79%"
"04/23/2014","44.40","44.75","45.00","43.75","1.56M","+1.25%"
"04/22/2014","43.85","43.35","44.10","42.90","922.61K","+1.15%"
"04/21/2014","43.35","42.45","43.55","41.45","664.41K","+3.21%"
"04/17/2014","42.00","42.55","43.25","41.75","589.28K","-1.06%"
"04/16/2014","42.45","41.95","42.70","41.40","644.08K","+1.43%"
"04/15/2014","41.85","43.75","43.75","41.30","487.98K","-1.65%"
"04/11/2014","42.55","39.20","42.75","39.20","2.13M","+5.98%"
"04/10/2014","40.15","41.40","41.40","39.85","453.41K","-2.67%"
"04/09/2014","41.25","40.30","41.55","40.30","1.05M","+2.36%"
"04/07/2014","40.30","40.40","41.05","39.90","1.28M","+1.38%"
"04/04/2014","39.75","37.50","40.55","37.50","889.20K","+5.02%"
"04/03/2014","37.85","38.35","38.60","37.25","248.22K","-1.43%"
"04/02/2014","38.40","37.55","39.10","37.55","283.01K","-0.90%"
"04/01/2014","38.75","38.00","39.15","37.10","473.77K","+1.97%"
"03/31/2014","38.00","37.25","38.35","36.45","542.33K","+0.53%"
"03/28/2014","37.80","38.20","38.60","37.50","229.86K","-1.18%"
"03/27/2014","38.25","38.40","39.80","37.90","203.64K","-1.03%"
"03/26/2014","38.65","37.65","39.00","37.60","548.65K","+2.38%"
"03/25/2014","37.75","37.95","38.40","37.40","695.66K","-0.53%"
"03/24/2014","37.95","38.60","39.20","37.55","472.06K","-2.19%"
"03/21/2014","38.80","38.60","39.20","38.25","262.24K","+0.00%"
"03/20/2014","38.80","38.20","39.70","38.20","509.53K","+0.13%"
"03/19/2014","38.75","38.80","38.95","38.00","300.52K","+0.39%"
"03/18/2014","38.60","38.55","38.70","38.20","244.82K","+0.78%"
"03/14/2014","38.30","38.30","38.95","37.90","383.78K","-1.92%"
"03/13/2014","39.05","39.00","39.70","38.80","758.18K","+0.51%"
"03/12/2014","38.85","38.40","39.60","38.20","1.02M","+0.91%"
"03/11/2014","38.50","37.20","38.80","37.00","2.35M","+3.22%"
"03/10/2014","37.30","37.40","38.65","37.05","451.55K","-2.10%"
"03/07/2014","38.10","38.30","38.85","37.50","644.57K","-0.78%"
"03/06/2014","38.40","36.60","39.65","36.60","1.50M","+4.21%"
"03/05/2014","36.85","37.15","37.30","36.45","247.64K","-0.14%"
"03/04/2014","36.90","36.30","37.80","36.30","215.70K","+1.65%"
"03/03/2014","36.30","36.80","37.70","35.10","564.56K","-2.42%"
"02/28/2014","37.20","38.90","39.10","36.80","345.75K","-3.88%"
"02/26/2014","38.70","38.05","39.00","38.05","1.17M","+2.38%"
"02/25/2014","37.80","36.90","38.10","36.90","1.21M","+2.30%"
"02/24/2014","36.95","36.45","37.30","35.90","699.04K","+0.96%"
"02/21/2014","36.60","36.30","36.80","36.05","828.40K","+1.53%"
"02/20/2014","36.05","35.60","36.40","34.75","457.51K","+0.70%"
"02/19/2014","35.80","36.85","37.15","35.45","426.78K","-4.15%"
"02/18/2014","37.35","36.80","37.55","36.25","1.53M","+1.49%"
"02/17/2014","36.80","34.80","37.00","34.20","2.49M","+5.75%"
"02/14/2014","34.80","34.65","35.30","33.65","1.10M","+1.02%"
"02/13/2014","34.45","33.55","34.65","32.85","2.31M","+3.45%"
"02/12/2014","33.30","31.25","33.50","31.25","1.73M","+6.56%"
"02/11/2014","31.25","30.85","31.65","30.65","174.57K","+1.30%"
"02/10/2014","30.85","30.65","31.20","30.45","120.36K","-0.32%"
"02/07/2014","30.95","31.05","31.80","30.85","1.38M","-0.32%"
"02/06/2014","31.05","31.25","31.55","30.95","166.56K","-0.48%"
"02/05/2014","31.20","30.25","31.50","30.25","258.83K","+2.80%"
"02/04/2014","30.35","29.65","30.70","29.45","431.58K","+1.17%"
"02/03/2014","30.00","30.95","31.10","29.85","506.54K","-2.76%"
"01/31/2014","30.85","30.25","31.10","30.25","195.58K","+1.48%"
"01/30/2014","30.40","30.45","30.75","29.95","225.76K","-1.46%"
"01/29/2014","30.85","31.05","32.00","30.65","386.00K","-1.12%"
"01/28/2014","31.20","31.45","32.45","30.90","1.41M","-0.16%"
"01/27/2014","31.25","30.60","32.20","30.55","2.19M","+3.99%"
"01/24/2014","30.05","30.15","30.70","29.70","152.68K","-0.50%"
"01/23/2014","30.20","30.50","31.20","30.10","301.50K","-0.49%"
"01/22/2014","30.35","31.05","31.05","30.15","165.46K","-2.41%"
"01/21/2014","31.10","30.65","31.80","30.40","149.47K","+1.47%"
"01/20/2014","30.65","29.65","30.90","29.35","126.97K","+2.34%"
"01/17/2014","29.95","30.25","30.75","29.35","224.07K","-1.32%"
"01/16/2014","30.35","31.00","31.10","29.85","212.24K","-1.78%"
"01/15/2014","30.90","30.05","31.45","30.05","497.06K","+2.83%"
"01/14/2014","30.05","29.65","30.85","29.65","140.81K","+0.33%"
"01/13/2014","29.95","30.05","30.80","29.85","143.52K","-1.48%"
"01/10/2014","30.40","31.85","32.10","29.65","633.73K","-4.70%"
"01/09/2014","31.90","32.60","33.00","31.60","203.09K","-2.15%"
"01/08/2014","32.60","32.90","33.10","32.40","97.22K","-0.76%"
"01/07/2014","32.85","33.05","33.60","32.70","152.98K","-0.61%"
"01/06/2014","33.05","33.35","34.50","32.90","170.50K","-2.22%"
"01/03/2014","33.80","33.40","34.80","32.80","421.37K","+0.30%"
"01/02/2014","33.70","34.55","35.70","33.40","767.09K","-2.32%"
"01/01/2014","34.50","33.40","35.15","33.15","1.74M","+3.60%"
"12/31/2013","33.30","32.60","33.50","32.60","280.77K","+1.68%"
"12/30/2013","32.75","33.15","33.60","32.40","438.00K","-1.06%"
"12/27/2013","33.10","32.25","33.65","32.25","799.62K","+1.85%"
"12/26/2013","32.50","32.35","33.10","32.35","208.47K","+0.62%"
"12/24/2013","32.30","33.00","33.15","31.90","505.18K","-1.82%"
"12/23/2013","32.90","32.25","33.20","31.85","373.38K","+1.39%"
"12/20/2013","32.45","31.95","33.40","31.85","343.54K","+1.56%"
"12/19/2013","31.95","32.40","32.70","31.85","251.83K","-0.93%"
"12/18/2013","32.25","32.05","33.25","31.75","714.34K","+0.47%"
"12/17/2013","32.10","31.45","32.20","31.45","193.19K","+0.78%"
"12/16/2013","31.85","31.65","32.10","31.65","177.27K","+0.00%"
"12/13/2013","31.85","32.50","32.60","31.85","311.52K","-2.45%"
"12/12/2013","32.65","32.50","34.00","32.25","1.68M","+0.46%"
"12/11/2013","32.50","30.15","32.80","30.15","1.12M","+6.04%"
"12/10/2013","30.65","30.25","30.70","29.90","168.39K","-0.16%"
"12/09/2013","30.70","31.05","31.80","30.45","206.38K","-0.97%"
"12/06/2013","31.00","31.40","31.80","30.85","130.13K","+0.00%"
"12/05/2013","31.00","31.05","31.95","30.85","88.66K","-1.43%"
"12/04/2013","31.45","31.05","31.80","30.95","102.87K","+0.00%"
"12/03/2013","31.45","31.65","32.00","31.15","156.97K","-1.26%"
"12/02/2013","31.85","32.40","32.80","31.65","215.94K","-1.55%"
"11/29/2013","32.35","31.25","32.80","31.25","521.03K","+2.21%"
"11/28/2013","31.65","30.85","32.55","30.65","1.36M","+4.46%"
"11/27/2013","30.30","28.50","30.55","28.50","403.21K","+5.03%"
"11/26/2013","28.85","28.65","29.15","28.60","213.57K","-0.52%"
"11/25/2013","29.00","29.70","30.40","28.95","612.94K","-2.19%"
"11/22/2013","29.65","29.80","30.50","29.45","614.54K","+0.85%"
"11/21/2013","29.40","28.65","30.55","28.65","795.53K","+0.51%"
"11/20/2013","29.25","29.20","29.55","29.15","244.42K","-0.17%"
"11/19/2013","29.30","28.85","29.50","28.85","246.97K","+0.69%"
"11/18/2013","29.10","28.25","29.30","28.25","749.13K","+3.74%"
"11/14/2013","28.05","26.75","28.25","26.75","471.68K","+4.08%"
"11/13/2013","26.95","26.40","27.25","26.40","195.47K","-1.28%"
"11/12/2013","27.30","26.60","27.55","26.60","503.79K","+1.68%"
"11/11/2013","26.85","26.95","28.20","26.50","340.91K","-1.83%"
"11/08/2013","27.35","28.05","28.45","27.25","497.52K","-2.15%"
"11/07/2013","27.95","29.15","29.90","27.85","1.17M","-3.45%"
"11/06/2013","28.95","27.10","29.50","27.10","1.59M","+6.63%"
"11/05/2013","27.15","25.75","27.55","25.45","352.54K","+7.10%"
"11/01/2013","25.35","24.95","25.75","24.80","239.38K","-1.17%"
"10/31/2013","25.65","23.85","25.85","23.45","533.63K","+5.99%"
"10/30/2013","24.20","24.85","25.40","23.90","445.92K","-3.59%"
"10/29/2013","25.10","24.75","25.25","24.75","162.46K","+0.00%"
"10/28/2013","25.10","24.90","25.40","24.80","189.63K","+0.80%"
"10/25/2013","24.90","24.10","25.05","23.95","196.18K","+2.05%"
"10/24/2013","24.40","24.65","25.45","24.05","192.66K","-2.01%"
"10/23/2013","24.90","25.30","25.65","24.35","411.10K","-0.99%"
"10/22/2013","25.15","23.45","25.45","23.45","597.62K","+7.02%"
"10/21/2013","23.50","23.05","23.65","22.90","204.99K","+1.95%"
"10/18/2013","23.05","22.30","23.15","22.30","161.18K","+2.90%"
"10/17/2013","22.40","22.90","23.20","22.30","82.22K","-1.75%"
"10/15/2013","22.80","22.65","23.05","22.65","70.91K","+0.44%"
"10/14/2013","22.70","22.70","23.10","22.60","96.42K","-0.22%"
"10/11/2013","22.75","22.70","23.35","22.70","74.17K","-1.30%"
"10/10/2013","23.05","22.90","23.45","22.90","148.13K","-0.65%"
"10/09/2013","23.20","23.20","23.45","22.90","76.61K","+0.00%"
"10/08/2013","23.20","22.90","23.85","22.90","144.16K","+1.31%"
"10/07/2013","22.90","22.90","23.25","22.75","49.37K","-0.87%"
"10/04/2013","23.10","22.70","23.45","22.60","216.34K","+1.76%"
"10/03/2013","22.70","22.20","23.05","22.20","302.75K","+2.48%"
"10/01/2013","22.15","21.50","22.40","21.50","43.52K","+0.68%"
"09/30/2013","22.00","22.10","22.40","21.90","64.17K","-1.57%"
"09/27/2013","22.35","22.65","23.05","22.30","90.32K","-0.89%"
"09/26/2013","22.55","22.10","22.75","22.10","126.51K","+0.22%"
"09/25/2013","22.50","22.85","23.25","22.30","183.74K","-1.10%"
"09/24/2013","22.75","22.45","23.40","22.15","233.34K","-0.44%"
"09/23/2013","22.85","23.05","23.45","22.80","53.68K","-2.14%"
"09/20/2013","23.35","23.75","24.15","23.30","142.64K","-1.89%"
"09/19/2013","23.80","23.85","24.35","23.70","197.77K","+0.42%"
"09/18/2013","23.70","23.90","24.30","23.50","105.33K","-1.66%"
"09/17/2013","24.10","24.25","24.85","23.90","512.16K","+1.69%"
"09/16/2013","23.70","24.65","24.80","23.55","485.11K","-3.27%"
"09/13/2013","24.50","21.70","25.05","21.70","1.52M","+11.11%"
"09/12/2013","22.05","23.05","23.05","21.90","251.78K","-1.12%"
"09/11/2013","22.30","21.50","22.60","21.50","133.25K","+2.06%"
"09/10/2013","21.85","21.90","22.40","21.50","105.75K","+0.46%"
"09/06/2013","21.75","20.50","22.20","20.50","578.63K","+4.32%"
"09/05/2013","20.85","20.10","21.05","20.10","179.22K","+4.25%"
"09/04/2013","20.00","19.90","20.45","19.75","106.47K","-0.74%"
"09/03/2013","20.15","20.75","21.20","20.00","113.25K","-2.66%"
"09/02/2013","20.70","20.50","20.85","20.30","79.21K","+0.24%"
"08/30/2013","20.65","21.30","21.40","20.35","130.83K","-3.05%"
"08/29/2013","21.30","21.85","21.85","21.10","171.00K","-5.33%"
"08/28/2013","22.50","22.50","22.70","22.10","161.17K","-2.17%"
"08/27/2013","23.00","23.25","23.45","22.90","90.45K","-1.29%"
"08/26/2013","23.30","23.40","23.60","23.10","74.91K","+0.87%"
"08/23/2013","23.10","22.75","23.45","22.50","70.72K","+1.54%"
"08/22/2013","22.75","22.00","22.85","22.00","49.45K","+0.66%"
"08/21/2013","22.60","23.05","23.85","22.30","74.12K","-1.53%"
"08/20/2013","22.95","22.45","23.05","22.30","117.32K","+0.00%"
"08/19/2013","22.95","22.50","23.15","22.05","183.99K","+1.55%"
"08/16/2013","22.60","22.75","23.50","22.30","101.11K","-3.00%"
"08/14/2013","23.30","23.25","23.55","23.00","92.83K","+0.43%"
"08/13/2013","23.20","22.40","23.65","22.40","130.09K","+1.31%"
"08/12/2013","22.90","23.45","23.45","22.30","216.56K","-2.55%"
"08/08/2013","23.50","23.15","23.65","23.00","254.89K","+2.17%"
"08/07/2013","23.00","22.00","23.20","21.85","197.13K","+5.26%"
"08/06/2013","21.85","22.90","23.10","21.70","156.31K","-4.59%"
"08/05/2013","22.90","25.85","25.85","20.90","320.23K","-0.43%"
"08/02/2013","23.00","23.70","24.00","22.80","180.43K","-2.95%"
"08/01/2013","23.70","24.35","25.45","23.05","182.07K","-3.66%"
"07/31/2013","24.60","24.95","25.25","24.05","119.86K","-3.53%"
"07/30/2013","25.50","25.85","26.00","25.25","942.33K","-1.54%"
"07/29/2013","25.90","25.95","26.25","25.70","132.97K","+0.00%"
"07/26/2013","25.90","26.05","26.25","25.70","243.32K","+0.00%"
"07/25/2013","25.90","25.85","26.05","24.40","235.56K","+0.00%"
"07/24/2013","25.90","26.45","26.45","25.75","265.85K","-1.52%"
"07/23/2013","26.30","26.45","26.50","25.95","134.24K","+0.96%"
"07/22/2013","26.05","25.60","26.65","25.60","158.53K","-0.76%"
"07/19/2013","26.25","27.20","27.20","26.05","317.80K","-0.76%"
"07/18/2013","26.45","25.15","27.35","25.15","595.20K","+5.17%"
"07/17/2013","25.15","25.35","25.75","25.10","232.78K","-0.40%"
"07/16/2013","25.25","25.20","25.35","24.75","100.33K","-0.59%"
"07/15/2013","25.40","24.15","25.55","24.15","136.53K","+2.01%"
"07/12/2013","24.90","25.65","25.65","24.55","140.06K","-1.78%"
"07/11/2013","25.35","25.95","26.20","25.25","108.38K","-0.39%"
"07/10/2013","25.45","25.85","26.10","25.35","123.73K","-0.97%"
"07/09/2013","25.70","25.85","26.35","25.50","244.79K","+0.19%"
"07/08/2013","25.65","25.45","26.15","25.25","142.65K","+0.79%"
"07/05/2013","25.45","26.05","26.40","25.30","166.84K","-2.30%"
"07/04/2013","26.05","26.65","26.65","25.35","77.61K","+1.36%"
"07/03/2013","25.70","25.95","25.95","25.30","166.75K","-1.53%"
"07/02/2013","26.10","25.40","26.45","25.10","344.87K","+2.15%"
"07/01/2013","25.55","24.60","25.70","24.50","220.82K","+3.44%"
"06/28/2013","24.70","24.90","25.05","24.30","490.88K","-0.20%"
"06/27/2013","24.75","24.20","24.90","24.20","159.62K","+2.27%"
"06/26/2013","24.20","23.65","24.55","22.05","288.59K","+0.41%"
"06/25/2013","24.10","24.85","25.25","23.90","206.44K","-3.41%"
"06/24/2013","24.95","26.05","26.05","24.75","237.63K","-4.22%"
"06/21/2013","26.05","25.85","26.35","25.85","186.34K","-0.76%"
"06/20/2013","26.25","26.60","26.65","25.55","274.42K","-1.87%"
"06/19/2013","26.75","26.45","27.05","26.20","231.91K","+0.56%"
"06/18/2013","26.60","26.05","26.85","26.00","255.16K","+1.14%"
"06/17/2013","26.30","25.45","26.55","25.45","360.12K","+2.53%"
"06/14/2013","25.65","25.25","25.95","25.25","262.11K","+0.20%"
"06/13/2013","25.60","25.00","25.85","24.85","239.94K","+0.79%"
"06/12/2013","25.40","25.15","25.75","24.80","405.01K","-1.17%"
"06/11/2013","25.70","26.35","26.65","25.10","558.10K","-4.28%"
"06/10/2013","26.85","27.45","27.55","26.65","292.13K","-0.92%"
"06/07/2013","27.10","27.40","28.35","27.05","1.04M","-1.63%"
"06/06/2013","27.55","27.25","28.05","26.90","806.96K","+0.36%"
"06/05/2013","27.45","27.25","28.00","27.25","926.97K","-0.18%"
"06/04/2013","27.50","27.10","28.05","27.05","1.31M","+1.48%"
"06/03/2013","27.10","25.95","27.45","25.95","664.99K","+2.65%"
"05/31/2013","26.40","25.95","26.55","25.95","348.11K","+0.00%"
"05/30/2013","26.40","26.85","26.85","25.95","495.87K","-0.75%"
"05/29/2013","26.60","26.85","26.85","26.05","544.34K","-0.75%"
"05/28/2013","26.80","27.05","27.65","26.45","1.49M","-0.37%"
"05/27/2013","26.90","26.05","27.05","25.95","2.14M","+3.66%"
"05/24/2013","25.95","24.95","26.45","24.85","2.27M","+4.01%"
"05/23/2013","24.95","24.75","25.05","24.55","615.86K","-0.20%"
"05/22/2013","25.00","24.75","25.50","24.75","832.57K","+0.40%"
"05/21/2013","24.90","24.30","25.95","24.05","2.48M","+2.47%"
"05/20/2013","24.30","24.05","24.45","24.00","304.57K","+1.04%"
"05/17/2013","24.05","24.35","24.50","24.00","312.05K","-1.84%"
"05/16/2013","24.50","24.55","24.80","24.25","388.81K","-0.20%"
"05/15/2013","24.55","23.70","25.10","23.70","1.80M","+2.72%"
"05/14/2013","23.90","23.45","24.60","23.30","735.48K","+1.06%"
"05/13/2013","23.65","23.90","24.45","23.50","472.75K","-3.47%"
"05/10/2013","24.50","24.50","25.15","24.20","1.36M","+0.00%"
"05/09/2013","24.50","23.25","24.65","23.25","2.73M","+4.70%"
"05/08/2013","23.40","24.20","24.50","22.80","3.31M","-3.31%"
"05/07/2013","24.20","25.35","26.05","23.80","10.42M","+2.11%"
"05/06/2013","23.70","20.40","23.70","20.40","5.04M","+20.00%"
"05/03/2013","19.75","20.10","20.50","19.60","349.39K","-2.71%"
"05/02/2013","20.30","20.70","21.10","20.00","465.99K","-2.87%"
"04/30/2013","20.90","21.25","21.50","20.60","351.94K","-1.88%"
"04/29/2013","21.30","21.05","21.70","21.05","426.58K","+0.95%"
"04/26/2013","21.10","21.10","21.35","20.70","557.73K","+0.48%"
"04/25/2013","21.00","20.80","21.15","20.50","448.38K","+1.45%"
"04/23/2013","20.70","21.40","21.65","20.45","2.47M","-0.96%"
"04/22/2013","20.90","19.90","21.05","19.50","746.63K","+5.29%"
"04/18/2013","19.85","19.25","20.35","19.25","713.45K","+2.85%"
"04/17/2013","19.30","19.45","19.70","19.25","200.00K","-0.26%"
"04/16/2013","19.35","19.10","19.60","19.10","151.90K","+1.04%"
"04/15/2013","19.15","19.10","19.45","19.10","81.25K","-0.78%"
"04/12/2013","19.30","19.50","19.55","19.20","110.36K","-2.28%"
"04/11/2013","19.75","19.10","20.05","19.10","314.00K","+2.60%"
"04/10/2013","19.25","19.30","19.50","18.90","174.09K","+1.58%"
"04/09/2013","18.95","18.60","19.05","18.60","513.45K","+1.07%"
"04/08/2013","18.75","19.10","19.50","18.70","105.94K","-2.85%"
"04/05/2013","19.30","19.70","20.35","19.15","253.53K","-2.77%"
"04/04/2013","19.85","20.40","20.85","19.70","298.64K","-2.70%"
"04/03/2013","20.40","20.90","21.20","20.30","995.79K","-0.97%"
"04/02/2013","20.60","19.55","20.65","19.40","1.50M","+5.64%"
"04/01/2013","19.50","19.10","19.65","18.90","309.82K","+2.09%"
"03/28/2013","19.10","18.70","19.50","18.70","349.39K","+1.33%"
"03/26/2013","18.85","18.60","18.95","18.60","186.38K","+0.53%"
"03/25/2013","18.75","18.70","19.00","18.60","217.08K","+1.35%"
"03/22/2013","18.50","18.70","18.85","18.05","455.55K","-1.07%"
"03/21/2013","18.70","18.70","19.05","18.55","402.89K","-0.27%"
"03/20/2013","18.75","18.90","19.20","18.70","371.00K","-1.06%"
"03/19/2013","18.95","19.30","19.35","18.90","298.92K","-2.07%"
"03/18/2013","19.35","19.10","19.70","18.90","860.40K","+1.31%"
"03/15/2013","19.10","19.15","19.70","18.85","1.67M","-0.26%"
"03/14/2013","19.15","20.05","20.10","18.60","1.52M","-3.77%"
"03/13/2013","19.90","19.75","20.20","19.60","990.17K","+0.76%"
"03/12/2013","19.75","19.30","20.30","19.30","1.75M","+2.60%"
"03/11/2013","19.25","18.20","19.40","18.20","1.44M","+4.05%"
"03/08/2013","18.50","18.50","18.75","18.30","749.68K","+0.82%"
"03/07/2013","18.35","17.55","18.60","17.35","977.08K","+4.56%"
"03/06/2013","17.55","17.35","18.05","17.15","885.54K","+1.45%"
"03/05/2013","17.30","17.20","17.40","17.20","249.69K","+0.00%"
"03/04/2013","17.30","17.15","17.40","17.10","287.50K","-1.14%"
"03/01/2013","17.50","17.50","17.85","17.05","735.96K","+1.16%"
"02/28/2013","17.30","17.50","17.60","16.90","508.67K","-0.29%"
"02/27/2013","17.35","17.90","18.10","16.60","980.75K","-2.80%"
"02/26/2013","17.85","17.90","18.15","17.50","1.46M","-0.56%"
"02/25/2013","17.95","17.50","18.30","17.30","2.27M","+2.57%"
"02/22/2013","17.50","17.60","17.95","17.40","1.77M","-0.28%"
"02/21/2013","17.55","16.95","17.90","16.75","3.30M","+2.03%"
"02/20/2013","17.20","17.30","17.45","16.85","1.70M","-0.29%"
"02/19/2013","17.25","16.30","17.35","16.30","3.52M","+5.83%"
"02/18/2013","16.30","15.65","16.45","15.50","986.98K","+4.82%"
"02/15/2013","15.55","15.70","15.90","15.35","537.36K","-0.96%"
"02/14/2013","15.70","15.65","15.75","15.50","527.13K","+0.00%"
"02/13/2013","15.70","15.80","15.80","15.55","242.50K","-0.32%"
"02/12/2013","15.75","15.65","15.80","15.55","328.42K","+1.29%"
"02/11/2013","15.55","15.65","15.80","15.40","518.35K","-0.96%"
"02/08/2013","15.70","15.90","16.10","15.50","592.47K","-1.26%"
"02/07/2013","15.90","15.60","16.05","15.50","1.54M","+1.27%"
"02/06/2013","15.70","15.75","16.15","15.55","730.05K","+0.00%"
"02/05/2013","15.70","15.70","15.90","15.45","806.51K","+0.00%"
"02/04/2013","15.70","15.55","16.10","14.95","1.59M","+2.95%"
"02/01/2013","15.25","15.65","15.80","15.20","818.63K","-2.56%"
"01/31/2013","15.65","15.60","16.20","15.55","2.30M","+0.00%"
"01/30/2013","15.65","15.00","15.85","14.95","2.80M","+4.68%"
"01/29/2013","14.95","14.65","15.20","14.65","1.11M","+2.05%"
"01/28/2013","14.65","14.60","15.25","14.55","1.31M","-0.34%"
"01/25/2013","14.70","14.90","15.35","14.50","1.75M","-1.34%"
"01/24/2013","14.90","14.70","15.95","14.35","6.70M","+1.36%"
"01/23/2013","14.70","14.50","14.90","14.05","4.46M","+0.68%"
"01/22/2013","14.60","14.30","14.95","13.55","15.97M","+2.82%"
"01/21/2013","14.20","12.30","14.45","12.30","13.66M","+17.36%"
"01/18/2013","12.10","12.20","12.25","12.05","318.18K","+0.00%"
"01/17/2013","12.10","12.25","12.50","12.05","600.74K","+1.26%"
"01/16/2013","11.95","12.15","12.20","11.95","199.55K","-1.24%"
"01/15/2013","12.10","12.20","12.20","12.10","142.15K","-0.41%"
"01/14/2013","12.15","12.15","12.20","12.05","204.60K","+0.83%"
"01/11/2013","12.05","12.35","12.35","12.00","289.39K","-1.63%"
"01/10/2013","12.25","12.35","12.45","12.25","200.31K","+0.00%"
"01/09/2013","12.25","12.40","12.55","12.25","362.73K","-0.81%"
"01/08/2013","12.35","12.40","12.45","12.30","163.13K","-0.40%"
"01/07/2013","12.40","12.50","12.70","12.25","315.94K","+0.40%"
"01/04/2013","12.35","12.50","12.50","12.30","379.52K","-0.80%"
"01/03/2013","12.45","12.45","12.60","12.35","278.87K","+0.40%"
"01/02/2013","12.40","12.45","12.65","12.40","604.27K","+0.81%"
"01/01/2013","12.30","12.40","12.40","12.25","515.82K","+0.82%"
"12/31/2012","12.20","12.20","12.45","12.15","234.04K","-0.41%"
"12/28/2012","12.25","12.20","12.45","12.00","315.76K","-0.41%"
"12/27/2012","12.30","12.45","12.50","12.25","205.71K","-1.20%"
"12/26/2012","12.45","12.55","12.60","12.40","262.48K","-0.40%"
"12/24/2012","12.50","12.60","12.80","12.45","414.67K","-1.19%"
"12/21/2012","12.65","12.80","12.90","12.55","1.48M","+2.02%"
"12/20/2012","12.40","12.45","12.60","12.35","228.57K","-0.80%"
"12/19/2012","12.50","12.55","12.65","12.45","355.82K","-0.40%"
"12/18/2012","12.55","12.50","12.70","12.45","185.59K","+0.00%"
"12/17/2012","12.55","12.50","12.70","12.45","224.09K","+0.00%"
"12/14/2012","12.55","12.90","13.10","12.45","2.83M","-1.18%"
"12/13/2012","12.70","12.50","12.85","12.35","1.20M","+2.83%"
"12/12/2012","12.35","12.55","12.65","12.35","174.40K","-0.80%"
"12/11/2012","12.45","12.70","12.75","12.35","576.45K","-1.58%"
"12/10/2012","12.65","12.75","12.75","12.55","373.89K","+0.00%"
"12/07/2012","12.65","12.90","13.00","12.55","413.20K","+0.40%"
"12/06/2012","12.60","12.95","12.95","12.55","508.57K","-1.56%"
"12/05/2012","12.80","12.80","13.60","12.70","3.18M","+0.39%"
"12/04/2012","12.75","12.55","13.05","12.50","662.99K","+2.00%"
"12/03/2012","12.50","12.15","12.60","12.15","373.95K","+2.04%"
"11/30/2012","12.25","12.30","12.40","12.15","148.32K","+0.00%"
"11/29/2012","12.25","12.25","12.40","12.15","361.38K","+1.66%"
"11/27/2012","12.05","12.20","12.35","12.00","214.11K","+0.00%"
"11/26/2012","12.05","12.35","12.45","11.80","436.43K","-1.23%"
"11/23/2012","12.20","11.90","12.35","11.75","371.77K","+3.39%"
"11/22/2012","11.80","11.90","11.90","11.75","100.64K","+0.00%"
"11/21/2012","11.80","12.00","12.00","11.75","114.82K","-0.42%"
"11/20/2012","11.85","12.30","12.35","11.75","290.06K","-2.47%"
"11/19/2012","12.15","12.50","12.65","12.00","170.59K","-2.02%"
"11/16/2012","12.40","12.65","12.75","12.35","124.19K","-1.20%"
"11/15/2012","12.55","12.75","12.95","12.45","256.79K","-2.33%"
"11/13/2012","12.85","12.80","13.35","12.80","137.74K","+0.39%"
"11/12/2012","12.80","12.90","13.00","12.70","151.84K","-0.39%"
"11/09/2012","12.85","13.15","13.30","12.75","457.50K","-2.65%"
"11/08/2012","13.20","13.20","13.40","12.85","1.75M","+1.15%"
"11/07/2012","13.05","13.00","13.15","12.85","334.86K","+0.77%"
"11/06/2012","12.95","12.75","13.15","12.65","272.53K","+1.17%"
"11/05/2012","12.80","12.85","12.85","12.75","84.31K","+0.39%"
"11/02/2012","12.75","12.85","13.00","12.75","142.51K","-0.39%"
"11/01/2012","12.80","12.85","12.90","12.75","170.76K","-0.78%"
"10/31/2012","12.90","12.85","13.10","12.65","260.06K","+0.00%"
"10/30/2012","12.90","13.15","13.45","12.75","292.92K","-1.53%"
"10/29/2012","13.10","13.05","13.60","12.95","1.09M","+2.75%"
"10/26/2012","12.75","12.95","13.05","12.70","126.88K","-1.92%"
"10/25/2012","13.00","12.90","13.25","12.90","391.89K","+1.17%"
"10/23/2012","12.85","12.95","12.95","12.75","85.95K","+0.00%"
"10/22/2012","12.85","12.55","13.10","12.50","134.00K","-0.39%"
"10/19/2012","12.90","12.90","13.05","12.65","306.37K","+1.18%"
"10/18/2012","12.75","12.65","12.85","12.65","131.69K","+1.59%"
"10/17/2012","12.55","12.70","12.80","12.45","152.15K","+0.00%"
"10/16/2012","12.55","12.90","12.95","12.55","224.31K","-1.18%"
"10/15/2012","12.70","12.85","13.00","12.65","163.84K","-1.17%"
"10/12/2012","12.85","12.85","13.20","12.75","286.03K","-0.39%"
"10/11/2012","12.90","12.55","13.00","12.55","196.00K","+0.39%"
"10/10/2012","12.85","13.15","13.15","12.80","267.53K","-1.91%"
"10/09/2012","13.10","13.10","13.50","13.05","238.13K","+0.38%"
"10/08/2012","13.05","13.55","13.65","12.95","590.01K","-2.97%"
"10/05/2012","13.45","13.95","14.25","13.25","1.78M","-1.82%"
"10/04/2012","13.70","12.95","13.95","12.95","4.00M","+6.20%"
"10/03/2012","12.90","12.85","13.15","12.75","698.57K","+0.39%"
"10/01/2012","12.85","12.50","13.05","12.50","608.92K","+2.39%"
"09/28/2012","12.55","12.55","12.75","12.50","158.84K","+0.40%"
"09/27/2012","12.50","12.75","13.10","12.45","487.42K","-1.57%"
"09/26/2012","12.70","12.25","13.00","12.15","1.52M","+3.25%"
"09/25/2012","12.30","12.05","12.55","12.05","764.64K","+2.93%"
"09/24/2012","11.95","12.05","12.15","11.90","164.96K","+0.00%"
"09/21/2012","11.95","12.10","12.20","11.65","428.95K","+0.42%"
"09/20/2012","11.90","12.00","12.10","11.85","120.03K","-0.83%"
"09/18/2012","12.00","12.10","12.30","11.95","234.34K","-0.41%"
"09/17/2012","12.05","12.30","12.30","11.95","196.71K","+0.00%"
"09/14/2012","12.05","12.50","12.65","11.95","814.99K","-0.82%"
"09/13/2012","12.15","12.15","12.30","12.05","111.88K","-0.41%"
"09/12/2012","12.20","12.20","12.30","12.05","121.92K","+0.41%"
"09/11/2012","12.15","12.25","12.55","12.05","145.38K","-2.02%"
"09/10/2012","12.40","11.90","12.75","11.80","932.84K","+5.08%"
"09/07/2012","11.80","11.85","12.05","11.45","123.24K","-0.42%"
"09/06/2012","11.85","12.20","12.35","11.70","342.30K","+0.42%"
"09/05/2012","11.80","11.45","12.00","11.45","328.51K","+3.06%"
"09/04/2012","11.45","11.60","11.60","11.35","110.78K","+0.44%"
"09/03/2012","11.40","11.55","11.65","11.40","154.07K","-0.87%"
"08/31/2012","11.50","11.55","11.70","11.45","73.29K","-0.43%"
"08/30/2012","11.55","11.75","11.75","11.45","104.08K","-1.28%"
"08/29/2012","11.70","11.90","11.90","11.45","144.84K","-0.85%"
"08/28/2012","11.80","12.10","12.45","11.75","592.10K","-2.48%"
"08/27/2012","12.10","12.55","12.60","12.05","151.50K","-3.97%"
"08/24/2012","12.60","12.35","12.90","12.15","1.07M","+1.20%"
"08/23/2012","12.45","11.25","12.65","11.20","1.59M","+11.66%"
"08/22/2012","11.15","11.15","11.20","11.05","137.84K","+0.45%"
"08/21/2012","11.10","11.25","11.65","11.05","282.64K","-3.48%"
"08/17/2012","11.50","11.90","11.90","11.50","108.64K","+0.44%"
"08/16/2012","11.45","11.35","11.60","11.35","109.67K","-0.43%"
"08/14/2012","11.50","11.65","11.65","11.20","85.39K","+0.44%"
"08/13/2012","11.45","11.85","11.85","11.25","288.92K","-2.55%"
"08/10/2012","11.75","12.10","12.10","11.70","172.22K","-1.26%"
"08/09/2012","11.90","12.15","12.25","11.80","548.55K","+2.59%"
"08/08/2012","11.60","11.35","11.70","11.35","87.20K","+0.00%"
"08/07/2012","11.60","11.35","11.70","11.35","73.61K","+0.43%"
"08/06/2012","11.55","11.35","11.80","11.35","114.06K","-1.28%"
"08/03/2012","11.70","11.40","11.90","11.40","83.63K","-0.43%"
"08/02/2012","11.75","11.55","11.80","11.55","39.66K","-0.84%"
"08/01/2012","11.85","11.30","11.90","11.30","83.66K","+3.04%"
"07/31/2012","11.50","11.35","11.55","11.35","50.27K","+0.44%"
"07/30/2012","11.45","10.75","11.50","10.75","59.44K","+2.69%"
"07/27/2012","11.15","11.25","11.65","10.95","182.79K","-2.19%"
"07/26/2012","11.40","11.40","12.00","11.35","103.86K","-2.56%"
"07/25/2012","11.70","11.55","11.90","11.55","174.75K","-1.68%"
"07/24/2012","11.90","11.75","12.05","11.75","101.04K","-0.83%"
"07/23/2012","12.00","12.10","12.30","11.95","109.41K","-4.00%"
"07/20/2012","12.50","12.50","12.55","12.25","114.05K","+0.00%"
"07/19/2012","12.50","12.25","12.65","12.25","145.49K","+1.21%"
"07/18/2012","12.35","11.95","12.40","11.95","159.97K","+2.92%"
"07/17/2012","12.00","12.05","12.45","11.95","192.49K","-1.23%"
"07/16/2012","12.15","12.60","12.70","12.00","201.72K","-3.57%"
"07/13/2012","12.60","12.95","13.05","12.55","234.91K","-2.33%"
"07/12/2012","12.90","12.75","13.30","12.75","414.63K","-5.84%"
"07/11/2012","13.70","13.35","13.90","13.35","445.45K","+0.37%"
"07/10/2012","13.65","13.15","13.70","13.15","335.67K","+1.49%"
"07/09/2012","13.45","13.55","13.95","13.35","597.00K","-4.27%"
"07/06/2012","14.05","14.30","14.50","13.60","5.18M","+4.85%"
"07/05/2012","13.40","11.85","13.65","11.85","1.39M","+6.35%"
"07/04/2012","12.60","11.55","12.75","11.55","171.46K","-0.40%"
"07/03/2012","12.65","11.85","12.80","11.85","273.56K","+1.61%"
"07/02/2012","12.45","12.00","12.50","12.00","280.63K","+2.05%"
"06/29/2012","12.20","12.20","12.35","12.15","295.48K","+0.41%"
"06/28/2012","12.15","11.90","12.35","11.90","373.01K","+2.10%"
"06/27/2012","11.90","11.75","11.95","11.75","182.27K","+1.28%"
"06/26/2012","11.75","11.45","11.75","11.45","65.02K","+0.00%"
"06/25/2012","11.75","11.55","11.85","11.55","178.48K","+1.73%"
"06/22/2012","11.55","10.95","11.65","10.95","102.20K","+0.87%"
"06/21/2012","11.45","11.15","11.55","11.15","142.67K","-0.43%"
"06/20/2012","11.50","10.95","11.75","10.95","129.92K","-0.86%"
"06/19/2012","11.60","11.85","11.85","11.35","76.75K","+0.87%"
"06/18/2012","11.50","12.05","12.05","11.40","533.01K","-0.43%"
"06/15/2012","11.55","11.15","11.65","11.15","95.29K","+1.76%"
"06/14/2012","11.35","10.95","11.55","10.95","87.97K","-1.30%"
"06/13/2012","11.50","11.55","11.70","11.45","90.70K","-0.43%"
"06/12/2012","11.55","11.25","11.60","11.25","68.18K","+0.00%"
"06/11/2012","11.55","11.45","11.75","11.45","89.71K","+0.00%"
"06/08/2012","11.55","11.55","11.65","11.50","57.05K","-0.43%"
"06/07/2012","11.60","10.80","11.95","10.80","118.70K","+0.43%"
"06/06/2012","11.55","11.35","11.60","11.35","61.70K","+1.32%"
"06/05/2012","11.40","11.35","11.60","11.35","30.22K","-0.87%"
"06/04/2012","11.50","11.55","11.55","11.40","46.32K","-0.43%"
"06/01/2012","11.55","11.60","11.90","11.55","215.75K","-0.43%"
"05/31/2012","11.60","11.20","11.65","11.20","63.80K","+0.00%"
"05/30/2012","11.60","10.95","11.80","10.95","51.70K","+0.00%"
"05/29/2012","11.60","11.75","12.05","11.55","293.93K","-1.28%"
"05/28/2012","11.75","11.35","11.85","11.35","127.45K","+2.17%"
"05/25/2012","11.50","11.25","11.65","11.25","73.06K","-0.43%"
"05/24/2012","11.55","10.65","11.75","10.65","142.69K","+0.87%"
"05/23/2012","11.45","9.95","11.60","9.95","165.94K","-1.29%"
"05/22/2012","11.60","11.55","12.55","11.55","407.19K","+1.31%"
"05/21/2012","11.45","11.05","11.55","11.05","242.28K","+2.69%"
"05/18/2012","11.15","10.75","11.20","10.70","309.68K","+0.45%"
"05/17/2012","11.10","10.65","11.25","10.65","192.53K","+2.30%"
"05/16/2012","10.85","10.60","10.90","10.60","167.04K","-0.46%"
"05/15/2012","10.90","10.35","11.05","10.35","662.49K","+1.40%"
"05/14/2012","10.75","9.95","11.50","9.95","307.44K","-4.87%"
"05/11/2012","11.30","11.40","11.50","11.20","371.00K","-1.31%"
"05/10/2012","11.45","11.15","11.50","11.15","312.43K","+1.33%"
"05/09/2012","11.30","11.40","11.50","11.25","204.77K","-1.74%"
"05/08/2012","11.50","11.60","11.90","11.45","684.92K","-0.86%"
"05/07/2012","11.60","11.00","11.70","11.00","444.09K","+2.65%"
"05/04/2012","11.30","11.50","11.55","11.25","547.51K","-0.88%"
"05/03/2012","11.40","11.55","11.65","11.30","314.51K","-1.72%"
"05/02/2012","11.60","11.85","11.85","11.40","939.23K","-0.85%"
"04/30/2012","11.70","11.20","12.45","11.00","8.80M","+7.34%"
"04/27/2012","10.90","11.35","11.35","10.65","435.71K","-1.80%"
"04/26/2012","11.10","11.10","11.25","11.00","1.91M","+1.83%"
"04/25/2012","10.90","10.35","11.00","10.35","1.25M","+5.31%"
"04/24/2012","10.35","10.05","10.40","10.00","432.48K","+2.48%"
"04/23/2012","10.10","10.10","10.25","9.95","228.56K","+1.00%"
"04/20/2012","10.00","9.95","10.10","9.95","133.19K","+0.50%"
"04/19/2012","9.95","10.00","10.25","9.90","485.86K","+0.00%"
"04/18/2012","9.95","9.95","10.10","9.85","450.82K","+1.02%"
"04/17/2012","9.85","9.75","9.90","9.75","119.31K","+0.51%"
"04/16/2012","9.80","9.60","9.90","9.55","287.13K","+2.08%"
"04/13/2012","9.60","10.10","10.15","9.55","1.88M","-3.52%"
"04/12/2012","9.95","9.95","10.25","9.90","178.53K","-0.50%"
"04/11/2012","10.00","9.95","10.05","9.85","60.93K","+0.50%"
"04/10/2012","9.95","10.10","10.10","9.85","53.99K","+0.00%"
"04/09/2012","9.95","9.95","10.25","9.80","148.75K","+0.00%"
"04/04/2012","9.95","10.20","10.40","9.85","492.10K","-2.93%"
"04/03/2012","10.25","10.25","10.45","10.25","75.36K","+0.00%"
"04/02/2012","10.25","10.00","10.30","9.95","204.07K","+2.50%"
"03/30/2012","10.00","9.95","10.10","9.85","111.86K","+0.00%"
"03/29/2012","10.00","9.90","10.35","9.40","666.47K","+2.56%"
"03/28/2012","9.75","9.65","10.05","9.65","446.86K","+0.52%"
"03/27/2012","9.70","9.90","10.15","9.60","113.52K","-2.02%"
"03/26/2012","9.90","9.80","10.05","9.75","1.18M","+1.54%"
"03/23/2012","9.75","9.80","9.90","9.20","664.11K","+0.00%"
"03/22/2012","9.75","9.95","10.30","9.70","527.40K","-3.94%"
"03/21/2012","10.15","10.15","10.30","10.00","231.19K","+1.50%"
"03/20/2012","10.00","10.10","10.15","9.95","84.45K","+0.00%"
"03/19/2012","10.00","10.10","10.25","9.95","148.53K","-0.99%"
"03/16/2012","10.10","10.45","10.45","10.05","599.49K","-1.46%"
"03/15/2012","10.25","10.55","10.75","10.15","478.56K","-2.84%"
"03/14/2012","10.55","11.00","11.05","10.45","338.85K","-1.40%"
"03/13/2012","10.70","10.80","10.90","10.60","197.02K","+0.00%"
"03/12/2012","10.70","10.45","10.75","10.45","220.25K","+2.39%"
"03/09/2012","10.45","10.50","10.60","10.35","459.05K","+0.48%"
"03/07/2012","10.40","10.50","10.70","10.35","237.32K","-0.95%"
"03/06/2012","10.50","10.85","10.85","10.45","335.99K","-2.33%"
"03/05/2012","10.75","11.00","11.15","10.65","142.09K","-1.83%"
"03/02/2012","10.95","11.15","11.35","10.90","348.91K","-2.67%"
"03/01/2012","11.25","11.20","11.45","11.15","74.20K","-0.44%"
"02/29/2012","11.30","11.20","11.55","11.20","288.48K","+0.00%"
"02/28/2012","11.30","10.90","11.35","10.90","384.42K","+3.67%"
"02/27/2012","10.90","11.35","11.60","10.85","418.61K","-4.80%"
"02/24/2012","11.45","11.70","11.70","11.30","124.94K","-0.87%"
"02/23/2012","11.55","11.45","11.60","11.20","134.11K","+1.32%"
"02/22/2012","11.40","11.85","12.30","11.20","404.94K","-3.39%"
"02/21/2012","11.80","11.65","11.85","11.65","203.44K","+0.43%"
"02/17/2012","11.75","11.90","12.05","11.65","425.82K","+0.43%"
"02/16/2012","11.70","11.60","11.85","11.60","136.53K","-0.43%"
"02/15/2012","11.75","11.65","11.95","11.65","306.89K","+0.86%"
"02/14/2012","11.65","11.80","11.80","11.55","152.38K","-0.43%"
"02/13/2012","11.70","11.35","11.90","11.35","299.21K","+1.74%"
"02/10/2012","11.50","11.55","11.70","11.35","210.96K","-0.43%"
"02/09/2012","11.55","11.25","11.65","11.20","274.00K","+2.67%"
"02/08/2012","11.25","11.15","11.45","11.15","179.36K","+1.35%"
"02/07/2012","11.10","11.50","11.50","11.05","254.97K","-0.89%"
"02/06/2012","11.20","11.35","11.70","10.60","1.45M","-1.32%"
"02/03/2012","11.35","11.10","11.40","11.10","484.79K","+3.18%"
"02/02/2012","11.00","11.10","11.35","10.95","546.99K","+0.92%"
"02/01/2012","10.90","10.75","10.95","10.65","456.05K","+2.83%"
"01/31/2012","10.60","10.60","10.65","10.45","88.06K","+1.44%"
"01/30/2012","10.45","10.55","10.75","10.40","173.44K","-1.42%"
"01/27/2012","10.60","10.55","10.75","10.35","451.88K","+0.95%"
"01/25/2012","10.50","10.65","10.70","10.45","270.63K","+0.48%"
"01/24/2012","10.45","10.65","10.65","10.40","274.27K","-0.48%"
"01/23/2012","10.50","10.70","10.70","10.35","89.16K","-0.47%"
"01/20/2012","10.55","10.30","11.00","10.25","517.66K","+2.43%"
"01/19/2012","10.30","10.20","10.50","10.15","181.75K","+0.98%"
"01/18/2012","10.20","10.50","10.60","10.00","163.78K","-2.86%"
"01/17/2012","10.50","10.45","10.60","10.35","197.25K","+1.45%"
"01/16/2012","10.35","10.35","10.60","10.25","171.68K","-0.96%"
"01/13/2012","10.45","10.55","10.60","10.40","351.44K","+0.97%"
"01/12/2012","10.35","10.30","10.65","10.25","595.65K","+1.47%"
"01/11/2012","10.20","10.10","10.35","10.05","268.22K","+1.49%"
"01/10/2012","10.05","9.85","10.25","9.80","418.80K","+3.08%"
"01/09/2012","9.75","9.75","10.05","9.55","229.12K","+2.63%"
"01/06/2012","9.50","9.45","9.60","9.35","24.84K","-1.04%"
"01/05/2012","9.60","9.35","9.80","9.35","143.59K","+1.05%"
"01/04/2012","9.50","9.25","9.60","9.25","111.89K","+2.70%"
"01/03/2012","9.25","9.05","9.35","9.05","47.91K","+2.21%"
"01/02/2012","9.05","9.05","9.20","8.95","55.75K","-0.55%"
"12/30/2011","9.10","9.15","9.35","9.00","86.32K","-1.09%"
"12/29/2011","9.20","9.25","9.40","9.15","67.25K","-0.54%"
"12/28/2011","9.25","9.70","9.70","9.15","46.38K","-1.60%"
"12/27/2011","9.40","9.35","9.55","9.35","72.62K","-1.05%"
"12/26/2011","9.50","9.30","9.65","9.15","141.62K","+2.70%"
"12/23/2011","9.25","8.85","9.55","8.75","243.79K","+4.52%"
"12/22/2011","8.85","8.70","8.95","8.55","174.21K","+3.51%"
"12/21/2011","8.55","8.50","8.65","8.45","387.42K","+2.40%"
"12/20/2011","8.35","8.70","8.85","8.35","82.33K","-4.57%"
"12/19/2011","8.75","8.75","9.00","8.60","79.86K","+0.00%"
"12/16/2011","8.75","8.70","9.10","8.55","221.34K","-1.13%"
"12/15/2011","8.85","8.75","8.95","8.65","544.90K","-0.56%"
"12/14/2011","8.90","8.90","9.00","8.80","212.94K","+0.00%"
"12/13/2011","8.90","9.00","9.15","8.85","345.34K","-1.11%"
"12/12/2011","9.00","9.40","9.45","8.95","254.63K","-3.74%"
"12/09/2011","9.35","9.40","9.55","9.30","199.79K","-1.58%"
"12/08/2011","9.50","9.85","9.90","9.40","192.09K","-3.55%"
"12/07/2011","9.85","9.95","10.00","9.80","226.58K","+0.00%"
"12/05/2011","9.85","10.25","10.25","9.80","118.70K","+0.51%"
"12/02/2011","9.80","9.95","9.95","9.75","169.99K","+0.51%"
"12/01/2011","9.75","9.80","10.25","9.70","873.11K","+0.00%"
"11/30/2011","9.75","10.55","10.70","9.60","629.20K","-8.02%"
"11/29/2011","10.60","10.95","11.10","10.60","119.35K","-0.93%"
"11/28/2011","10.70","11.15","11.35","10.65","87.94K","-0.47%"
"11/25/2011","10.75","10.90","10.95","10.65","54.80K","-1.38%"
"11/24/2011","10.90","10.55","11.00","10.25","259.80K","+2.35%"
"11/23/2011","10.65","10.75","11.45","10.40","144.25K","+0.47%"
"11/22/2011","10.60","11.15","11.35","10.55","251.91K","-5.36%"
"11/21/2011","11.20","11.45","11.80","11.10","144.23K","-3.45%"
"11/18/2011","11.60","11.55","11.75","11.35","133.44K","+0.00%"
"11/17/2011","11.60","11.95","12.10","11.55","68.80K","-2.52%"
"11/16/2011","11.90","11.75","12.00","11.45","229.84K","+1.28%"
"11/15/2011","11.75","12.25","12.45","11.40","529.99K","-4.86%"
"11/14/2011","12.35","12.55","12.70","12.25","48.88K","-1.98%"
"11/11/2011","12.60","12.45","12.70","12.35","214.16K","+0.40%"
"11/09/2011","12.55","12.65","12.85","12.45","111.41K","-1.57%"
"11/08/2011","12.75","12.95","12.95","12.45","38.59K","+1.19%"
"11/04/2011","12.60","12.75","12.85","12.60","73.39K","+0.00%"
"11/03/2011","12.60","12.55","12.80","12.45","72.17K","+0.40%"
"11/02/2011","12.55","12.60","12.75","12.45","72.02K","-1.18%"
"11/01/2011","12.70","12.75","12.85","12.50","195.45K","-1.17%"
"10/31/2011","12.85","12.55","12.90","12.45","86.35K","+0.78%"
"10/28/2011","12.75","12.55","12.80","12.45","121.52K","+4.51%"
"10/25/2011","12.20","12.20","12.35","12.10","49.38K","+0.41%"
"10/24/2011","12.15","12.40","12.65","12.05","111.73K","-1.22%"
"10/21/2011","12.30","12.80","13.10","12.20","559.18K","-3.91%"
"10/20/2011","12.80","12.95","12.95","12.65","101.60K","-1.54%"
"10/19/2011","13.00","12.55","13.10","12.55","173.96K","+2.36%"
"10/18/2011","12.70","12.85","12.85","12.45","63.72K","+0.40%"
"10/17/2011","12.65","12.95","13.05","12.65","137.72K","-0.78%"
"10/14/2011","12.75","12.80","12.85","12.65","58.38K","+0.00%"
"10/13/2011","12.75","12.90","12.95","12.70","83.28K","+0.00%"
"10/12/2011","12.75","12.75","12.95","12.55","42.14K","+0.00%"
"10/11/2011","12.75","12.85","12.85","12.60","92.35K","+0.79%"
"10/10/2011","12.65","12.35","12.70","12.25","74.64K","+2.02%"
"10/07/2011","12.40","12.60","12.80","12.25","77.95K","+2.06%"
"10/05/2011","12.15","12.55","12.65","12.05","183.97K","-1.62%"
"10/04/2011","12.35","12.45","12.85","12.25","138.66K","-1.59%"
"10/03/2011","12.55","12.55","12.75","12.50","65.97K","-0.40%"
"09/30/2011","12.60","12.85","13.05","12.55","116.50K","-1.95%"
"09/29/2011","12.85","12.75","13.00","12.55","81.68K","+0.00%"
"09/28/2011","12.85","12.95","13.15","12.75","39.06K","-0.77%"
"09/27/2011","12.95","13.05","13.15","12.95","83.89K","+2.78%"
"09/26/2011","12.60","12.95","12.95","12.45","178.49K","-1.56%"
"09/23/2011","12.80","12.85","13.25","12.75","143.53K","-0.78%"
"09/22/2011","12.90","13.35","13.60","12.85","241.75K","-4.80%"
"09/21/2011","13.55","13.70","13.70","13.40","114.66K","+0.00%"
"09/20/2011","13.55","13.60","13.65","13.25","95.23K","+1.88%"
"09/19/2011","13.30","13.50","13.50","13.25","60.73K","+0.38%"
"09/16/2011","13.25","13.60","13.70","13.25","86.33K","+0.38%"
"09/15/2011","13.20","13.50","13.50","13.15","118.67K","+0.76%"
"09/14/2011","13.10","13.15","13.30","12.95","217.92K","+0.38%"
"09/13/2011","13.05","13.70","13.70","12.85","233.94K","-1.51%"
"09/12/2011","13.25","13.75","13.95","13.20","347.89K","-5.02%"
"09/09/2011","13.95","14.05","14.30","13.85","110.18K","-1.06%"
"09/08/2011","14.10","14.10","14.35","13.95","191.79K","+1.08%"
"09/07/2011","13.95","13.90","14.10","13.70","596.62K","+1.09%"
"09/06/2011","13.80","13.80","14.10","13.65","169.34K","+0.00%"
"09/05/2011","13.80","13.70","14.00","13.50","61.76K","-0.36%"
"09/02/2011","13.85","14.20","14.20","13.70","99.19K","-0.36%"
"08/30/2011","13.90","13.55","14.10","13.55","1.34M","+1.09%"
"08/29/2011","13.75","13.40","13.80","13.40","85.48K","+4.96%"
"08/26/2011","13.10","13.45","13.90","12.95","160.59K","-5.42%"
"08/25/2011","13.85","13.65","14.10","13.65","661.25K","+0.00%"
"08/24/2011","13.85","13.70","14.00","13.55","182.50K","+2.21%"
"08/23/2011","13.55","13.45","13.60","13.35","154.21K","+1.12%"
"08/22/2011","13.40","12.95","13.50","12.95","1.17M","+3.88%"
"08/19/2011","12.90","12.45","13.00","12.25","639.59K","+3.61%"
"08/18/2011","12.45","12.65","12.65","12.45","119.65K","-1.19%"
"08/17/2011","12.60","12.95","13.00","12.55","166.06K","-3.82%"
"08/16/2011","13.10","13.35","13.50","12.85","80.98K","+0.38%"
"08/12/2011","13.05","13.30","13.30","13.05","110.64K","-0.76%"
"08/11/2011","13.15","12.95","13.40","12.95","184.04K","-0.75%"
"08/10/2011","13.25","13.35","13.70","13.25","246.43K","+1.92%"
"08/09/2011","13.00","12.75","13.50","12.65","559.65K","+0.00%"
"08/08/2011","13.00","13.25","13.25","12.65","310.04K","-1.89%"
"08/05/2011","13.25","13.35","13.50","12.80","545.71K","-2.57%"
"08/04/2011","13.60","13.90","13.95","13.40","585.49K","+0.37%"
"08/03/2011","13.55","13.50","14.10","13.35","356.68K","-1.09%"
"08/02/2011","13.70","14.20","14.20","13.60","173.05K","-2.84%"
"08/01/2011","14.10","15.40","15.50","14.00","282.94K","-2.76%"
"07/29/2011","14.50","15.25","15.60","14.40","420.21K","-4.92%"
"07/28/2011","15.25","15.10","15.80","15.00","222.84K","-0.33%"
"07/27/2011","15.30","15.15","15.45","15.15","71.64K","+0.00%"
"07/26/2011","15.30","15.35","15.55","15.20","177.26K","-1.61%"
"07/25/2011","15.55","15.20","15.75","15.20","195.68K","+0.97%"
"07/22/2011","15.40","15.35","15.60","15.25","225.67K","+0.00%"
"07/21/2011","15.40","15.35","15.65","15.30","106.14K","+0.00%"
"07/20/2011","15.40","15.50","15.60","15.35","265.00K","+0.00%"
"07/19/2011","15.40","15.40","15.60","15.35","100.73K","-0.32%"
"07/18/2011","15.45","15.40","15.55","15.35","61.08K","-0.32%"
"07/15/2011","15.50","15.70","15.70","15.40","99.19K","-0.96%"
"07/14/2011","15.65","15.30","15.80","15.30","469.63K","+1.62%"
"07/13/2011","15.40","15.15","15.50","15.15","147.53K","+0.00%"
"07/12/2011","15.40","15.35","15.55","15.30","247.00K","+0.33%"
"07/11/2011","15.35","15.45","15.75","15.30","383.00K","-0.32%"
"07/08/2011","15.40","15.70","15.80","15.35","178.13K","-1.91%"
"07/07/2011","15.70","15.40","15.80","15.40","535.22K","+1.29%"
"07/06/2011","15.50","15.35","15.55","15.15","231.54K","+0.00%"
"07/05/2011","15.50","15.45","15.60","15.15","671.89K","+1.31%"
"07/04/2011","15.30","15.00","15.40","15.00","351.00K","+1.32%"
"07/01/2011","15.10","14.95","15.20","14.95","299.57K","+1.34%"
"06/30/2011","14.90","14.95","15.50","14.85","182.06K","-0.33%"
"06/29/2011","14.95","14.90","15.05","14.75","277.49K","-2.61%"
"06/28/2011","15.35","15.60","15.60","15.25","398.95K","-0.32%"
"06/27/2011","15.40","15.30","15.65","15.25","271.80K","+1.32%"
"06/24/2011","15.20","14.65","15.30","14.65","1.37M","+4.11%"
"06/23/2011","14.60","14.40","14.75","14.05","186.56K","+1.39%"
"06/22/2011","14.40","14.70","14.95","14.30","310.72K","-1.71%"
"06/21/2011","14.65","15.15","15.30","14.50","327.00K","-2.66%"
"06/20/2011","15.05","15.55","15.70","14.95","332.42K","-2.90%"
"06/17/2011","15.50","15.70","15.85","15.30","312.11K","-0.32%"
"06/16/2011","15.55","15.90","16.10","15.45","246.35K","-2.20%"
"06/15/2011","15.90","16.30","16.35","15.85","118.52K","-1.85%"
"06/14/2011","16.20","16.45","16.45","15.95","203.99K","+0.93%"
"06/13/2011","16.05","16.20","16.20","15.90","68.18K","+0.00%"
"06/10/2011","16.05","16.50","16.65","16.00","190.54K","-1.83%"
"06/09/2011","16.35","16.50","16.80","16.30","142.53K","+0.00%"
"06/08/2011","16.35","16.70","16.70","16.30","81.93K","-0.91%"
"06/07/2011","16.50","16.50","16.75","16.45","115.47K","+0.61%"
"06/06/2011","16.40","16.80","16.80","16.30","68.15K","+0.31%"
"06/03/2011","16.35","16.90","17.05","16.25","334.50K","-2.39%"
"06/02/2011","16.75","16.95","17.10","16.60","225.38K","-1.47%"
"06/01/2011","17.00","16.75","17.25","16.65","389.56K","+2.10%"
"05/31/2011","16.65","16.60","16.80","16.50","201.96K","+0.91%"
"05/30/2011","16.50","16.40","16.90","16.30","89.88K","+0.00%"
"05/27/2011","16.50","16.55","16.60","16.45","82.82K","+0.30%"
"05/26/2011","16.45","16.50","16.60","16.35","97.56K","+0.61%"
"05/25/2011","16.35","16.50","16.55","16.25","113.00K","-0.91%"
"05/24/2011","16.50","16.30","16.60","16.20","94.30K","+1.54%"
"05/23/2011","16.25","16.50","16.60","16.15","67.70K","-2.40%"
"05/20/2011","16.65","16.50","16.70","16.50","84.16K","+0.60%"
"05/19/2011","16.55","16.75","16.95","16.35","98.97K","-1.19%"
"05/18/2011","16.75","16.90","17.10","16.70","126.13K","-0.30%"
"05/17/2011","16.80","17.15","17.45","16.75","140.27K","-1.47%"
"05/16/2011","17.05","17.30","17.30","16.95","76.65K","-1.16%"
"05/13/2011","17.25","16.90","18.00","16.75","240.31K","+0.00%"
"05/12/2011","17.25","17.50","17.90","17.05","175.84K","-1.43%"
"05/11/2011","17.50","17.70","18.20","17.30","337.77K","+0.00%"
"05/10/2011","17.50","17.50","18.25","17.25","245.95K","+0.57%"
"05/09/2011","17.40","16.95","17.60","16.50","85.64K","+0.87%"
"05/06/2011","17.25","17.50","17.70","17.15","144.96K","+0.88%"
"05/05/2011","17.10","17.50","17.75","16.95","230.06K","-1.16%"
"05/04/2011","17.30","17.45","17.80","17.15","340.45K","-1.98%"
"05/03/2011","17.65","18.55","18.55","17.50","367.62K","-3.55%"
"05/02/2011","18.30","20.10","20.30","18.10","1.35M","-10.51%"
"04/29/2011","20.45","20.70","20.80","20.30","449.76K","-1.21%"
"04/28/2011","20.70","20.80","21.15","20.60","192.53K","-0.72%"
"04/27/2011","20.85","20.95","21.25","20.70","232.41K","-0.24%"
"04/26/2011","20.90","20.75","21.10","20.40","450.45K","+0.72%"
"04/25/2011","20.75","20.40","21.15","20.35","628.86K","+2.98%"
"04/21/2011","20.15","20.95","21.05","20.10","340.39K","-3.13%"
"04/20/2011","20.80","20.10","21.35","20.10","1.40M","+4.00%"
"04/19/2011","20.00","19.90","20.30","19.75","237.25K","-0.25%"
"04/18/2011","20.05","21.20","21.30","19.90","851.87K","-4.52%"
"04/15/2011","21.00","19.65","21.25","19.30","2.88M","+7.97%"
"04/13/2011","19.45","18.45","19.60","18.45","552.37K","+4.85%"
"04/11/2011","18.55","19.05","19.15","18.45","126.55K","-1.85%"
"04/08/2011","18.90","19.30","19.75","18.80","290.16K","-2.07%"
"04/07/2011","19.30","19.35","19.75","19.10","388.94K","-0.26%"
"04/06/2011","19.35","18.80","21.05","18.80","1.10M","+2.38%"
"04/05/2011","18.90","19.15","19.35","18.65","885.50K","-1.31%"
"04/04/2011","19.15","17.90","19.25","17.55","842.82K","+7.89%"
"04/01/2011","17.75","17.40","17.85","17.25","597.67K","+2.31%"
"03/31/2011","17.35","17.25","17.85","17.10","431.08K","+1.17%"
"03/30/2011","17.15","16.85","17.30","16.65","310.40K","+3.63%"
"03/29/2011","16.55","17.20","17.25","16.35","669.78K","-2.65%"
"03/28/2011","17.00","17.15","17.30","16.95","121.81K","-0.87%"
"03/25/2011","17.15","17.10","17.40","16.95","107.47K","+0.29%"
"03/24/2011","17.10","16.90","17.90","16.90","540.70K","+1.48%"
"03/23/2011","16.85","16.35","17.05","16.35","562.35K","+2.74%"
"03/22/2011","16.40","16.40","16.70","16.20","101.45K","+0.92%"
"03/21/2011","16.25","16.65","16.80","16.20","122.46K","-2.11%"
"03/18/2011","16.60","16.75","16.90","16.30","118.06K","-0.90%"
"03/17/2011","16.75","16.70","17.10","16.70","96.34K","-0.30%"
"03/16/2011","16.80","16.90","17.40","16.70","206.99K","-0.30%"
"03/15/2011","16.85","17.10","17.10","16.75","117.23K","-2.03%"
"03/14/2011","17.20","16.95","17.50","16.90","62.99K","-0.29%"
"03/11/2011","17.25","17.45","17.80","17.20","95.65K","-2.27%"
"03/10/2011","17.65","17.50","18.25","17.40","385.32K","+0.28%"
"03/09/2011","17.60","17.65","18.05","17.55","151.40K","-0.56%"
"03/08/2011","17.70","18.30","18.30","17.60","98.39K","-1.67%"
"03/07/2011","18.00","17.85","18.25","17.15","302.54K","+0.84%"
"03/04/2011","17.85","18.40","18.50","17.75","217.26K","-1.65%"
"03/03/2011","18.15","17.90","18.70","16.80","949.68K","+4.61%"
"03/01/2011","17.35","16.55","17.90","16.15","669.45K","+4.52%"
"02/28/2011","16.60","16.40","16.85","16.25","199.93K","+1.22%"
"02/25/2011","16.40","16.70","17.00","16.30","165.38K","-1.80%"
"02/24/2011","16.70","16.85","17.30","16.60","175.03K","-1.18%"
"02/23/2011","16.90","16.75","17.05","16.75","129.43K","-0.88%"
"02/22/2011","17.05","17.05","17.30","16.55","185.69K","-0.58%"
"02/21/2011","17.15","17.20","17.60","16.95","249.36K","+0.00%"
"02/18/2011","17.15","17.80","18.00","17.00","215.50K","-2.00%"
"02/17/2011","17.50","17.30","18.05","17.10","434.98K","+1.74%"
"02/16/2011","17.20","17.05","17.25","16.90","152.23K","+1.78%"
"02/15/2011","16.90","16.85","17.00","16.30","239.44K","+2.11%"
"02/14/2011","16.55","16.30","16.90","16.20","669.64K","+3.12%"
"02/11/2011","16.05","16.35","16.35","15.55","679.71K","-1.83%"
"02/10/2011","16.35","15.10","16.50","14.95","1.31M","+8.28%"
"02/09/2011","15.10","15.10","15.80","15.00","399.67K","-2.89%"
"02/08/2011","15.55","16.20","16.50","15.40","267.51K","-4.60%"
"02/07/2011","16.30","16.35","16.40","16.10","158.49K","+0.93%"
"02/04/2011","16.15","16.50","17.30","16.05","1.13M","-5.00%"
"02/03/2011","17.00","16.85","17.20","16.70","188.02K","+1.19%"
"02/02/2011","16.80","16.95","17.10","16.75","91.22K","-0.59%"
"02/01/2011","16.90","17.10","17.45","16.80","134.40K","-1.74%"
"01/31/2011","17.20","17.10","17.30","16.75","164.48K","-1.15%"
"01/28/2011","17.40","18.05","18.70","17.15","695.97K","-4.92%"
"01/27/2011","18.30","18.10","18.80","17.55","566.21K","+0.00%"
"01/25/2011","18.30","18.30","19.10","18.20","152.52K","-3.17%"
"01/24/2011","18.90","18.25","19.05","17.70","301.12K","+1.34%"
"01/21/2011","18.65","19.00","19.05","18.55","99.31K","-1.32%"
"01/20/2011","18.90","18.30","19.05","18.05","226.07K","+2.72%"
"01/19/2011","18.40","17.55","18.55","17.55","304.00K","+3.95%"
"01/18/2011","17.70","16.95","18.00","16.95","165.56K","+1.43%"
"01/17/2011","17.45","17.95","18.30","17.35","305.27K","-3.32%"
"01/14/2011","18.05","18.30","18.80","17.90","226.96K","-0.82%"
"01/13/2011","18.20","18.65","18.90","18.10","143.81K","-2.67%"
"01/12/2011","18.70","18.50","18.85","18.20","390.88K","+2.19%"
"01/11/2011","18.30","18.10","18.90","18.10","741.25K","+0.55%"
"01/10/2011","18.20","19.00","19.00","18.10","672.60K","-3.45%"
"01/07/2011","18.85","20.30","20.40","18.65","698.76K","-6.91%"
"01/06/2011","20.25","20.30","20.95","20.05","1.86M","-0.25%"
"01/05/2011","20.30","19.30","21.00","19.30","2.15M","+3.31%"
"01/04/2011","19.65","19.50","20.60","19.50","820.70K","-2.96%"
"01/03/2011","20.25","19.60","20.45","19.45","727.33K","+4.65%"
"12/31/2010","19.35","19.40","20.05","19.15","323.51K","+0.00%"
"12/30/2010","19.35","20.30","20.30","19.20","295.45K","-1.53%"
"12/29/2010","19.65","18.70","20.00","18.50","867.82K","+5.36%"
"12/28/2010","18.65","18.50","18.80","18.50","77.31K","+0.54%"
"12/27/2010","18.55","18.70","18.85","18.50","138.88K","-0.54%"
"12/24/2010","18.65","18.75","18.75","18.30","125.34K","+0.54%"
"12/23/2010","18.55","18.60","18.85","18.50","148.94K","-0.27%"
"12/22/2010","18.60","18.80","19.30","18.50","331.82K","+0.00%"
"12/21/2010","18.60","18.10","19.10","18.10","412.61K","-0.27%"
"12/20/2010","18.65","18.90","19.50","18.55","563.62K","+0.54%"
"12/16/2010","18.55","18.60","19.05","18.35","311.19K","-0.80%"
"12/15/2010","18.70","18.90","19.35","18.55","296.56K","-1.58%"
"12/14/2010","19.00","19.00","19.30","18.70","247.41K","+0.53%"
"12/13/2010","18.90","18.95","19.45","18.65","512.09K","-0.26%"
"12/10/2010","18.95","18.70","19.25","18.30","413.59K","+0.53%"
"12/09/2010","18.85","19.90","19.90","18.60","743.78K","-2.33%"
"12/08/2010","19.30","20.10","20.10","19.10","665.95K","-4.46%"
"12/07/2010","20.20","20.60","20.70","19.95","235.12K","-1.94%"
"12/06/2010","20.60","20.90","21.40","20.50","261.68K","-0.72%"
"12/03/2010","20.75","21.30","21.80","20.70","372.24K","-2.35%"
"12/02/2010","21.25","21.30","21.45","21.20","221.10K","+0.00%"
"12/01/2010","21.25","20.90","21.70","20.90","634.64K","+2.41%"
"11/30/2010","20.75","20.05","21.05","19.50","495.41K","+4.27%"
"11/29/2010","19.90","20.00","20.20","18.95","451.25K","+0.00%"
"11/26/2010","19.90","20.50","20.70","18.45","1.30M","-2.21%"
"11/25/2010","20.35","20.90","21.05","20.15","308.46K","-1.69%"
"11/24/2010","20.70","21.05","21.55","20.40","591.60K","-1.66%"
"11/23/2010","21.05","22.10","22.15","20.00","2.23M","-5.39%"
"11/22/2010","22.25","22.50","22.80","21.95","727.05K","-1.55%"
"11/19/2010","22.60","23.35","23.40","22.20","1.84M","-3.42%"
"11/18/2010","23.40","22.90","23.55","22.15","999.70K","+2.41%"
"11/16/2010","22.85","23.25","23.60","22.35","857.68K","-1.30%"
"11/15/2010","23.15","23.65","23.80","22.90","488.00K","-0.43%"
"11/12/2010","23.25","24.55","24.55","22.90","808.67K","-3.73%"
"11/11/2010","24.15","24.75","24.75","23.85","626.20K","-2.23%"
"11/10/2010","24.70","25.25","25.45","24.50","1.14M","-2.56%"
"11/09/2010","25.35","23.90","25.50","23.55","3.67M","+6.29%"
"11/08/2010","23.85","24.25","24.40","23.40","952.34K","-1.45%"
"11/05/2010","24.20","23.65","24.40","23.65","1.30M","+3.86%"
"11/04/2010","23.30","22.90","23.55","22.90","755.72K","+1.08%"
"11/03/2010","23.05","22.40","23.25","22.20","1.00M","+3.60%"
"11/02/2010","22.25","22.85","22.90","22.10","803.75K","-2.41%"
"11/01/2010","22.80","23.15","23.40","22.70","1.02M","-1.30%"
"10/29/2010","23.10","23.45","23.85","22.90","907.91K","-1.49%"
"10/28/2010","23.45","23.05","23.65","22.70","1.23M","+1.74%"
"10/27/2010","23.05","23.00","23.65","22.95","1.62M","+0.00%"
"10/26/2010","23.05","22.55","23.20","22.50","1.26M","+2.22%"
"10/25/2010","22.55","22.90","23.45","22.35","2.44M","-1.53%"
"10/22/2010","22.90","24.85","25.10","22.15","6.14M","-7.66%"
"10/21/2010","24.80","24.55","24.90","24.25","804.38K","+2.48%"
"10/20/2010","24.20","24.75","25.00","24.05","699.64K","-2.22%"
"10/19/2010","24.75","23.90","25.25","23.90","1.09M","+2.06%"
"10/18/2010","24.25","24.55","24.60","23.55","1.13M","-1.02%"
"10/15/2010","24.50","24.60","25.55","24.35","2.16M","+0.00%"
"10/14/2010","24.50","24.85","25.10","23.90","1.81M","-1.41%"
"10/13/2010","24.85","25.60","25.60","24.75","1.19M","-1.97%"
"10/12/2010","25.35","24.60","25.55","23.75","3.67M","+2.84%"
"10/11/2010","24.65","24.20","24.95","24.05","3.03M","+3.35%"
"10/08/2010","23.85","22.70","24.15","22.55","3.80M","+5.07%"
"10/07/2010","22.70","22.95","23.45","22.45","2.13M","-0.44%"
"10/06/2010","22.80","22.10","23.25","22.00","5.22M","+4.11%"
"10/05/2010","21.90","21.00","22.15","21.00","4.16M","+3.06%"
"10/04/2010","21.25","21.35","21.70","21.00","838.93K","+0.47%"
"10/01/2010","21.15","21.30","21.75","21.10","703.39K","-0.24%"
"09/30/2010","21.20","20.90","21.55","20.90","455.78K","-0.93%"
"09/29/2010","21.40","21.50","22.15","21.30","1.61M","-0.93%"
"09/28/2010","21.60","21.00","21.75","20.90","1.65M","+2.61%"
"09/27/2010","21.05","21.70","21.80","21.00","1.14M","-2.77%"
"09/24/2010","21.65","21.40","22.20","21.25","4.06M","+1.88%"
"09/23/2010","21.25","20.00","21.80","20.00","5.25M","+6.25%"
"09/22/2010","20.00","20.30","20.75","19.90","996.73K","-0.99%"
"09/21/2010","20.20","20.65","20.75","20.00","1.08M","-1.70%"
"09/20/2010","20.55","20.50","21.00","20.50","637.58K","+0.24%"
"09/17/2010","20.50","20.65","20.85","20.50","502.32K","-0.49%"
"09/16/2010","20.60","20.90","21.25","20.40","816.55K","-2.14%"
"09/15/2010","21.05","20.50","21.25","20.50","1.49M","+2.68%"
"09/14/2010","20.50","20.55","20.95","20.20","1.30M","+0.00%"
"09/13/2010","20.50","20.90","21.45","20.35","1.25M","-2.84%"
"09/09/2010","21.10","21.30","21.55","20.90","1.21M","-0.94%"
"09/08/2010","21.30","21.00","21.60","20.90","2.66M","+1.43%"
"09/07/2010","21.00","21.95","21.95","20.60","2.87M","-3.23%"
"09/06/2010","21.70","21.50","22.00","21.20","7.79M","+1.88%"
"09/03/2010","21.30","19.90","21.55","19.90","7.63M","+7.04%"
"09/02/2010","19.90","20.30","20.50","19.80","1.23M","-1.00%"
"09/01/2010","20.10","19.85","20.25","19.60","1.25M","+2.03%"
"08/31/2010","19.70","19.70","20.00","19.55","1.63M","+0.00%"
"08/30/2010","19.70","19.90","20.55","19.55","2.62M","+0.77%"
"08/27/2010","19.55","20.40","20.65","19.50","4.19M","-3.46%"
"08/26/2010","20.25","19.70","20.85","19.50","6.83M","+4.11%"
"08/25/2010","19.45","19.50","20.10","19.15","4.75M","-1.02%"
"08/24/2010","19.65","18.90","20.05","18.80","7.29M","+3.42%"
"08/23/2010","19.00","18.65","19.30","18.50","3.68M","+2.43%"
"08/20/2010","18.55","17.50","19.35","17.00","8.95M","+5.40%"
"08/19/2010","17.60","15.90","17.80","15.80","5.61M","+11.39%"
"08/18/2010","15.80","16.00","16.30","15.75","501.31K","-1.56%"
"08/17/2010","16.05","16.40","16.50","15.95","781.12K","-1.53%"
"08/16/2010","16.30","15.55","16.50","15.50","3.71M","+4.49%"
"08/13/2010","15.60","17.55","17.95","15.45","7.81M","-9.83%"
"08/12/2010","17.30","17.25","17.40","17.10","530.87K","-0.57%"
"08/11/2010","17.40","17.45","17.85","17.30","881.37K","+0.00%"
"08/10/2010","17.40","17.20","17.65","17.05","1.46M","+1.46%"
"08/09/2010","17.15","17.60","17.60","16.95","455.45K","+0.00%"
"08/06/2010","17.15","17.55","17.65","17.15","565.53K","-2.00%"
"08/05/2010","17.50","16.75","17.60","16.75","2.10M","+3.86%"
"08/04/2010","16.85","16.70","17.00","16.65","503.63K","+0.60%"
"08/03/2010","16.75","16.70","17.05","16.50","462.40K","+0.00%"
"08/02/2010","16.75","17.10","17.20","16.65","459.14K","-1.47%"
"07/30/2010","17.00","17.05","17.25","16.90","519.40K","-0.29%"
"07/29/2010","17.05","17.45","17.45","16.95","911.29K","-4.75%"
"07/28/2010","17.90","17.75","18.20","17.65","1.53M","+1.13%"
"07/27/2010","17.70","17.70","17.85","17.60","544.38K","-0.28%"
"07/26/2010","17.75","17.95","17.95","17.55","641.40K","+0.28%"
"07/23/2010","17.70","17.90","18.05","17.65","729.68K","-1.12%"
"07/22/2010","17.90","17.90","18.20","17.55","919.63K","+0.28%"
"07/21/2010","17.85","17.90","17.95","17.60","956.97K","+1.42%"
"07/20/2010","17.60","17.95","18.25","17.50","1.12M","-2.76%"
"07/19/2010","18.10","17.95","18.25","17.95","823.01K","-0.55%"
"07/16/2010","18.20","18.20","18.30","18.00","1.30M","+0.28%"
"07/15/2010","18.15","18.60","18.60","18.10","1.47M","-1.89%"
"07/14/2010","18.50","18.70","19.10","18.40","3.55M","-0.27%"
"07/13/2010","18.55","18.10","18.80","17.90","8.64M","+4.80%"
"07/12/2010","17.70","17.05","17.90","16.90","4.38M","+3.81%"
"07/09/2010","17.05","16.90","17.25","16.85","1.34M","+1.19%"
"07/08/2010","16.85","16.90","17.15","16.75","703.31K","+0.60%"
"07/07/2010","16.75","16.90","17.05","16.70","882.17K","-0.89%"
"07/06/2010","16.90","17.20","17.25","16.75","903.07K","-1.17%"
"07/05/2010","17.10","16.70","17.15","16.70","1.38M","+3.32%"
"07/02/2010","16.55","16.85","16.95","16.50","748.13K","-1.49%"
"07/01/2010","16.80","16.50","17.05","16.50","1.32M","+1.51%"
"06/30/2010","16.55","16.50","16.80","16.40","1.39M","-1.19%"
"06/29/2010","16.75","16.50","17.25","16.35","4.10M","+0.30%"
"06/28/2010","16.70","16.55","17.20","16.55","4.47M","+1.52%"
"06/25/2010","16.45","15.70","16.95","15.60","5.11M","+5.45%"
"06/24/2010","15.60","15.90","16.05","15.55","370.42K","-1.27%"
"06/23/2010","15.80","15.70","16.15","15.40","2.23M","+0.64%"
"06/22/2010","15.70","15.90","16.05","15.50","601.27K","-1.88%"
"06/21/2010","16.00","16.25","16.40","15.90","783.46K","+0.00%"
"06/18/2010","16.00","16.15","16.40","15.90","1.52M","-0.93%"
"06/17/2010","16.15","15.90","16.40","15.75","1.59M","+0.94%"
"06/16/2010","16.00","16.40","16.45","15.85","2.38M","-0.62%"
"06/15/2010","16.10","15.90","16.35","15.30","3.48M","+2.55%"
"06/14/2010","15.70","14.70","16.00","14.55","4.70M","+7.17%"
"06/11/2010","14.65","13.70","14.90","13.65","4.43M","+6.93%"
"06/10/2010","13.70","13.45","13.75","13.45","212.94K","+1.86%"
"06/09/2010","13.45","13.45","13.75","13.30","360.38K","+0.75%"
"06/08/2010","13.35","13.50","13.80","13.25","322.21K","-1.84%"
"06/07/2010","13.60","13.45","13.65","13.45","244.76K","-2.51%"
"06/04/2010","13.95","13.85","14.00","13.55","441.44K","+1.45%"
"06/03/2010","13.75","13.90","14.00","13.60","400.60K","+1.10%"
"06/02/2010","13.60","13.55","13.80","13.50","242.67K","+1.12%"
"06/01/2010","13.45","13.95","14.20","13.40","459.44K","-4.27%"
"05/31/2010","14.05","13.80","14.30","13.70","743.88K","+1.81%"
"05/28/2010","13.80","13.70","13.90","13.60","420.32K","+1.85%"
"05/27/2010","13.55","13.15","13.70","13.05","523.12K","+1.88%"
"05/26/2010","13.30","13.15","13.45","12.95","250.84K","+2.70%"
"05/25/2010","12.95","13.00","13.50","12.85","488.13K","-4.78%"
"05/24/2010","13.60","14.10","14.10","13.35","485.38K","-1.09%"
"05/21/2010","13.75","13.50","13.90","12.95","1.02M","+0.36%"
"05/20/2010","13.70","13.70","14.10","13.55","757.83K","+0.00%"
"05/19/2010","13.70","14.25","14.50","13.55","800.88K","-5.52%"
"05/18/2010","14.50","14.30","14.80","14.05","1.33M","+2.84%"
"05/17/2010","14.10","13.95","14.30","13.55","1.60M","-0.70%"
"05/14/2010","14.20","14.40","14.60","14.10","1.13M","-2.07%"
"05/13/2010","14.50","14.80","14.90","14.45","866.43K","-0.34%"
"05/12/2010","14.55","14.60","15.10","14.45","795.94K","-1.36%"
"05/11/2010","14.75","15.35","15.35","14.60","755.15K","-3.59%"
"05/10/2010","15.30","15.30","15.40","15.05","1.12M","+2.68%"
"05/07/2010","14.90","15.20","15.70","14.65","3.14M","-4.18%"
"05/06/2010","15.55","16.05","16.35","15.40","2.65M","-1.89%"
"05/05/2010","15.85","15.20","15.90","15.10","3.04M","+1.60%"
"05/04/2010","15.60","16.55","16.80","15.50","3.12M","-4.88%"
"05/03/2010","16.40","15.75","16.50","15.70","3.70M","+1.86%"
"04/30/2010","16.10","15.85","16.30","15.80","4.12M","+2.88%"
"04/29/2010","15.65","15.60","15.85","15.25","2.88M","+1.29%"
"04/28/2010","15.45","14.95","16.25","14.85","7.81M","+0.65%"
"04/27/2010","15.35","15.75","16.25","15.20","4.43M","-1.29%"
"04/26/2010","15.55","14.95","15.95","14.95","7.14M","+6.51%"
"04/23/2010","14.60","13.70","14.75","13.50","6.89M","+7.75%"
"04/22/2010","13.55","13.70","13.90","13.40","530.50K","-1.09%"
"04/21/2010","13.70","13.95","14.20","13.55","1.34M","-0.36%"
"04/20/2010","13.75","12.95","13.85","12.95","1.59M","+7.00%"
"04/19/2010","12.85","12.75","13.00","12.75","422.79K","-2.65%"
"04/16/2010","13.20","13.15","13.50","13.05","413.95K","+0.38%"
"04/15/2010","13.15","13.80","13.80","13.05","576.91K","-2.95%"
"04/13/2010","13.55","13.60","13.90","13.45","1.22M","+0.00%"
"04/12/2010","13.55","13.30","14.00","13.15","1.60M","+3.83%"
"04/09/2010","13.05","13.20","13.35","12.95","540.79K","+0.77%"
"04/08/2010","12.95","13.20","13.65","12.75","1.29M","-3.72%"
"04/07/2010","13.45","14.10","14.20","13.35","2.92M","-1.47%"
"04/06/2010","13.65","14.00","14.00","13.45","1.53M","-1.80%"
"04/05/2010","13.90","12.95","14.50","12.70","8.40M","+8.17%"
"04/01/2010","12.85","13.15","13.15","12.40","1.81M","-1.15%"
"03/31/2010","13.00","11.75","13.20","11.55","7.42M","+11.11%"
"03/30/2010","11.70","12.30","12.30","11.60","744.38K","-1.68%"
"03/29/2010","11.90","12.35","12.70","11.75","4.36M","-2.46%"
"03/26/2010","12.20","10.80","12.50","10.70","4.03M","+14.02%"
"03/25/2010","10.70","10.75","10.85","10.65","243.72K","-0.93%"
"03/23/2010","10.80","10.85","10.90","10.60","533.08K","+0.47%"
"03/22/2010","10.75","10.75","10.90","10.70","246.16K","-0.92%"
"03/19/2010","10.85","10.85","11.05","10.80","285.53K","+0.00%"
"03/18/2010","10.85","10.75","11.10","10.75","146.53K","-0.91%"
"03/17/2010","10.95","10.85","11.15","10.85","160.50K","-0.45%"
"03/16/2010","11.00","10.35","11.05","10.35","181.28K","+0.46%"
"03/15/2010","10.95","11.00","11.05","10.80","175.84K","-0.45%"
"03/12/2010","11.00","11.15","11.45","11.00","188.44K","-2.22%"
"03/11/2010","11.25","11.25","11.45","11.05","544.50K","+0.00%"
"03/10/2010","11.25","10.90","11.35","10.80","807.08K","+2.74%"
"03/09/2010","10.95","11.00","11.10","10.90","202.47K","-1.35%"
"03/08/2010","11.10","10.95","11.35","10.95","290.83K","+0.45%"
"03/05/2010","11.05","11.10","11.25","11.00","260.11K","+0.45%"
"03/04/2010","11.00","10.75","11.10","10.75","239.45K","+0.00%"
"03/03/2010","11.00","10.80","11.05","10.80","232.00K","+0.92%"
"03/02/2010","10.90","10.60","11.05","10.60","510.01K","+2.83%"
"02/26/2010","10.60","10.60","10.90","10.45","409.82K","+0.00%"
"02/25/2010","10.60","10.55","10.70","10.55","266.88K","+0.47%"
"02/24/2010","10.55","10.40","10.65","10.40","234.19K","-0.94%"
"02/23/2010","10.65","10.75","10.80","10.55","273.35K","-0.93%"
"02/22/2010","10.75","10.95","11.15","10.75","389.00K","+0.00%"
"02/19/2010","10.75","11.25","11.30","10.65","1.29M","-2.27%"
"02/18/2010","11.00","10.90","11.10","10.80","523.13K","+0.46%"
"02/17/2010","10.95","11.00","11.10","10.90","627.50K","+0.00%"
"02/16/2010","10.95","11.20","11.30","10.85","399.82K","-2.23%"
"02/15/2010","11.20","11.40","11.50","11.05","249.85K","-2.61%"
"02/11/2010","11.50","11.45","11.65","11.20","356.25K","+0.88%"
"02/10/2010","11.40","10.90","11.65","10.90","1.06M","+4.59%"
"02/09/2010","10.90","10.65","11.05","10.65","232.97K","+1.87%"
"02/08/2010","10.70","10.90","11.00","10.65","206.37K","-0.93%"
"02/05/2010","10.80","10.40","11.05","10.40","410.17K","-3.14%"
"02/04/2010","11.15","11.25","11.50","11.10","330.86K","-2.19%"
"02/03/2010","11.40","11.50","11.50","11.35","218.81K","+0.44%"
"02/02/2010","11.35","11.70","12.00","11.25","739.20K","-0.87%"
"02/01/2010","11.45","11.35","11.60","11.20","888.20K","+0.88%"
"01/29/2010","11.35","11.05","11.50","10.85","538.24K","+0.44%"
"01/28/2010","11.30","11.70","11.90","11.15","545.84K","-3.00%"
"01/27/2010","11.65","12.25","12.30","11.30","935.89K","-4.90%"
"01/25/2010","12.25","12.05","12.40","11.95","597.62K","+1.66%"
"01/22/2010","12.05","12.15","12.25","11.55","1.05M","-2.43%"
"01/21/2010","12.35","12.35","13.15","12.15","1.75M","-1.20%"
"01/20/2010","12.50","12.75","12.80","12.45","508.35K","-1.57%"
"01/19/2010","12.70","12.75","13.05","12.55","921.33K","+0.00%"
"01/18/2010","12.70","12.95","12.95","12.55","982.39K","-3.05%"
"01/15/2010","13.10","13.90","13.90","13.00","2.84M","-4.03%"
"01/14/2010","13.65","11.85","14.20","11.85","6.54M","+1.49%"
"01/13/2010","13.45","13.15","13.50","12.85","2.28M","+1.51%"
"01/12/2010","13.25","13.35","13.65","12.80","3.63M","+0.00%"
"01/11/2010","13.25","12.35","13.55","12.35","7.75M","+8.16%"
"01/08/2010","12.25","11.60","12.95","11.60","7.88M","+7.93%"
"01/07/2010","11.35","11.35","11.40","11.20","466.00K","+1.34%"
"01/06/2010","11.20","11.55","11.55","11.15","430.63K","-0.88%"
"01/05/2010","11.30","11.40","11.65","11.30","819.08K","-0.44%"
"01/04/2010","11.35","11.25","11.40","11.00","531.14K","+1.34%"
"12/31/2009","11.20","11.40","11.40","11.15","387.37K","+0.00%"
"12/30/2009","11.20","11.20","11.40","11.15","438.39K","+0.00%"
"12/29/2009","11.20","11.20","11.40","11.15","806.04K","+1.36%"
"12/24/2009","11.05","10.85","11.20","10.85","1.63M","+2.79%"
"12/23/2009","10.75","10.95","11.20","10.60","985.95K","-0.46%"
"12/22/2009","10.80","10.45","11.10","10.30","2.28M","+3.85%"
"12/21/2009","10.40","10.60","10.60","10.35","171.94K","+0.00%"
"12/18/2009","10.40","10.45","10.60","10.30","276.00K","-0.48%"
"12/17/2009","10.45","10.60","10.80","10.40","307.06K","-1.88%"
"12/16/2009","10.65","10.50","10.80","10.30","818.53K","+2.90%"
"12/15/2009","10.35","10.15","10.45","10.15","329.25K","+1.47%"
"12/14/2009","10.20","10.45","10.85","10.15","223.96K","-1.92%"
"12/11/2009","10.40","10.65","10.75","10.35","223.25K","-1.42%"
"12/10/2009","10.55","10.55","10.65","10.35","309.94K","+1.44%"
"12/09/2009","10.40","10.25","10.60","10.25","142.15K","+0.48%"
"12/08/2009","10.35","10.35","10.45","10.25","161.85K","+0.00%"
"12/07/2009","10.35","10.60","10.65","10.30","336.67K","-1.43%"
"12/04/2009","10.50","10.40","10.85","10.30","644.61K","+0.96%"
"12/03/2009","10.40","10.80","10.80","10.35","635.37K","-2.35%"
"12/02/2009","10.65","10.50","10.95","10.45","1.15M","+3.90%"
"12/01/2009","10.25","9.80","10.50","9.65","1.02M","+6.22%"
"11/30/2009","9.65","9.80","9.80","9.60","273.32K","+0.52%"
"11/27/2009","9.60","9.75","9.75","9.35","223.84K","-2.54%"
"11/26/2009","9.85","9.75","9.90","9.55","234.95K","+0.00%"
"11/25/2009","9.85","9.75","10.05","9.75","205.96K","+1.03%"
"11/24/2009","9.75","9.75","9.90","9.60","187.72K","+0.00%"
"11/23/2009","9.75","9.70","9.80","9.55","225.57K","+0.52%"
"11/20/2009","9.70","9.70","9.80","9.60","173.71K","-0.51%"
"11/19/2009","9.75","9.75","9.90","9.70","106.44K","-0.51%"
"11/18/2009","9.80","9.80","10.00","9.70","150.19K","-0.51%"
"11/17/2009","9.85","9.95","9.95","9.75","155.34K","-0.51%"
"11/16/2009","9.90","10.10","10.15","9.85","202.31K","+0.51%"
"11/13/2009","9.85","9.80","10.35","9.75","366.71K","+0.51%"
"11/12/2009","9.80","9.75","10.05","9.75","194.80K","-0.51%"
"11/11/2009","9.85","9.65","10.00","9.55","238.91K","+2.07%"
"11/10/2009","9.65","9.90","10.10","9.60","235.06K","+0.00%"
"11/09/2009","9.65","9.75","9.85","9.60","151.78K","+0.52%"
"11/06/2009","9.60","9.70","9.85","9.50","294.00K","+1.59%"
"11/05/2009","9.45","9.25","9.55","9.10","216.51K","+3.28%"
"11/04/2009","9.15","9.10","9.25","8.95","253.97K","+0.55%"
"11/03/2009","9.10","9.50","9.50","9.05","224.88K","-4.21%"
"10/30/2009","9.50","9.95","10.00","9.40","279.48K","-1.55%"
"10/29/2009","9.65","9.75","9.95","9.60","211.75K","-2.03%"
"10/28/2009","9.85","10.00","10.15","9.65","412.40K","-1.50%"
"10/27/2009","10.00","10.55","10.75","9.95","385.58K","-4.76%"
"10/26/2009","10.50","10.85","11.00","10.35","232.78K","-2.78%"
"10/23/2009","10.80","11.10","11.25","10.75","368.38K","-1.37%"
"10/22/2009","10.95","10.95","11.60","10.85","1.01M","-0.45%"
"10/21/2009","11.00","11.05","11.25","10.95","307.14K","-1.35%"
"10/20/2009","11.15","11.40","11.45","11.10","329.17K","+0.00%"
"10/16/2009","11.15","11.45","11.65","11.05","689.41K","-0.89%"
"10/15/2009","11.25","11.45","11.55","11.20","504.44K","-0.88%"
"10/14/2009","11.35","11.80","11.80","11.25","1.09M","-3.81%"
"10/12/2009","11.80","11.50","11.95","11.50","1.36M","+4.42%"
"10/09/2009","11.30","11.55","11.55","11.15","603.97K","-0.88%"
"10/08/2009","11.40","11.20","11.55","11.05","470.50K","+1.79%"
"10/07/2009","11.20","11.10","11.55","11.10","469.46K","+1.82%"
"10/06/2009","11.00","11.35","11.40","10.80","528.30K","-2.22%"
"10/05/2009","11.25","11.60","11.60","11.20","576.13K","-3.02%"
"10/01/2009","11.60","11.95","12.00","11.55","574.84K","-2.52%"
"09/30/2009","11.90","11.55","12.20","11.55","2.46M","+2.15%"
"09/29/2009","11.65","11.50","11.85","11.40","1.71M","+3.56%"
"09/25/2009","11.25","10.85","11.60","10.85","1.10M","+2.74%"
"09/24/2009","10.95","10.95","11.10","10.85","262.94K","-0.90%"
"09/23/2009","11.05","11.35","11.40","11.00","466.87K","-1.78%"
"09/22/2009","11.25","10.95","11.55","10.95","1.19M","+1.81%"
"09/18/2009","11.05","11.30","11.30","11.00","573.63K","+1.84%"
"09/17/2009","10.85","11.25","11.30","10.75","368.43K","-2.25%"
"09/16/2009","11.10","11.15","11.55","11.00","1.70M","+1.37%"
"09/15/2009","10.95","10.60","11.05","10.45","1.01M","+3.79%"
"09/14/2009","10.55","10.45","10.75","10.35","295.03K","+0.96%"
"09/11/2009","10.45","10.70","10.85","10.35","360.65K","-1.88%"
"09/10/2009","10.65","10.75","11.05","10.60","569.98K","-0.47%"
"09/09/2009","10.70","10.55","10.90","10.55","357.67K","+0.94%"
"09/08/2009","10.60","10.95","11.05","10.45","857.32K","-1.40%"
"09/07/2009","10.75","10.55","11.10","10.55","1.03M","+1.90%"
"09/04/2009","10.55","10.45","10.75","10.45","291.50K","+0.48%"
"09/03/2009","10.50","10.50","10.90","10.45","211.40K","+0.00%"
"09/02/2009","10.50","10.55","10.70","10.45","256.20K","-1.41%"
"09/01/2009","10.65","10.80","11.10","10.55","571.47K","-1.39%"
"08/31/2009","10.80","10.80","10.95","10.65","526.74K","+0.00%"
"08/28/2009","10.80","10.85","10.95","10.70","288.67K","-0.46%"
"08/27/2009","10.85","10.70","11.15","10.65","457.96K","+1.40%"
"08/26/2009","10.70","10.70","10.85","10.65","594.63K","+0.47%"
"08/25/2009","10.65","10.80","10.95","10.65","409.54K","-1.84%"
"08/24/2009","10.85","10.75","11.15","10.60","542.80K","+0.46%"
"08/21/2009","10.80","10.75","10.95","10.70","298.48K","-0.46%"
"08/20/2009","10.85","10.95","11.15","10.75","353.79K","+0.00%"
"08/19/2009","10.85","11.25","11.25","10.60","769.28K","+0.00%"
"08/18/2009","10.85","10.35","10.85","10.15","412.88K","+5.34%"
"08/17/2009","10.30","10.45","10.80","10.30","476.33K","-5.07%"
"08/14/2009","10.85","10.95","11.55","10.75","1.03M","-1.36%"
"08/13/2009","11.00","10.45","11.00","10.45","318.31K","+2.80%"
"08/12/2009","10.70","10.35","10.80","10.20","1.41M","+2.88%"
"08/11/2009","10.40","10.20","10.55","9.95","498.89K","+1.96%"
"08/10/2009","10.20","10.60","10.90","10.15","687.04K","-3.32%"
"08/07/2009","10.55","10.75","11.15","10.45","1.35M","-2.31%"
"08/06/2009","10.80","10.50","11.15","10.50","4.41M","+1.89%"
"08/05/2009","10.60","10.50","10.65","10.35","2.61M","+4.43%"
"08/04/2009","10.15","10.35","10.55","10.00","796.64K","-0.98%"
"08/03/2009","10.25","10.10","10.45","9.95","905.44K","+1.99%"
"07/31/2009","10.05","10.35","10.60","9.60","1.94M","-0.50%"
"07/30/2009","10.10","9.80","10.10","9.55","928.61K","+4.66%"
"07/29/2009","9.65","10.05","10.05","9.50","499.14K","-3.02%"
"07/28/2009","9.95","10.35","10.35","9.85","1.55M","+1.02%"
"07/27/2009","9.85","9.40","9.85","9.30","752.56K","+4.79%"
"07/24/2009","9.40","9.30","9.50","9.00","697.04K","+3.30%"
"07/23/2009","9.10","9.30","9.30","8.85","401.83K","+1.68%"
"07/22/2009","8.95","8.90","9.35","8.75","832.22K","+0.56%"
"07/21/2009","8.90","8.85","9.05","8.55","581.50K","+2.30%"
"07/20/2009","8.70","8.60","8.90","8.55","385.80K","+2.35%"
"07/17/2009","8.50","8.60","8.60","8.40","183.00K","+1.19%"
"07/16/2009","8.40","8.65","8.85","8.35","187.13K","-1.75%"
"07/15/2009","8.55","8.15","8.60","8.15","196.61K","+4.27%"
"07/14/2009","8.20","7.85","8.25","7.85","259.92K","+4.46%"
"07/13/2009","7.85","8.25","8.25","7.85","177.62K","-4.85%"
"07/10/2009","8.25","8.75","8.75","8.15","218.35K","-3.51%"
"07/09/2009","8.55","8.55","8.75","8.45","348.76K","+3.01%"
"07/08/2009","8.30","8.65","8.65","8.30","188.67K","-4.60%"
"07/07/2009","8.70","8.75","8.85","8.55","245.73K","-2.79%"
"07/06/2009","8.95","9.40","9.65","8.95","484.51K","-4.79%"
"07/03/2009","9.40","9.35","9.50","9.25","300.63K","+0.53%"
"07/02/2009","9.35","9.35","9.75","9.20","616.80K","+1.08%"
"07/01/2009","9.25","9.40","9.65","9.20","290.58K","-4.15%"
"06/30/2009","9.65","10.60","10.60","9.60","1.90M","-4.46%"
"06/29/2009","10.10","9.25","10.10","9.10","1.49M","+9.78%"
"06/26/2009","9.20","9.05","9.30","8.80","1.20M","+5.75%"
"06/25/2009","8.70","8.15","8.85","8.15","509.42K","+6.75%"
"06/24/2009","8.15","8.00","8.25","7.90","211.19K","+3.16%"
"06/23/2009","7.90","8.25","8.25","7.75","153.51K","-0.63%"
"06/22/2009","7.95","8.05","8.15","7.90","173.53K","-1.24%"
"06/19/2009","8.05","8.05","8.15","7.75","288.73K","+1.90%"
"06/18/2009","7.90","8.55","8.65","7.80","420.91K","-5.95%"
"06/17/2009","8.40","9.25","9.25","8.30","302.17K","-3.45%"
"06/16/2009","8.70","8.45","8.90","8.40","295.31K","+0.00%"
"06/15/2009","8.70","9.05","9.05","8.65","231.82K","-3.87%"
"06/12/2009","9.05","9.35","9.50","9.00","289.97K","-3.21%"
"06/11/2009","9.35","9.35","9.75","9.00","562.79K","+1.08%"
"06/10/2009","9.25","9.30","9.90","9.15","457.00K","-0.54%"
"06/09/2009","9.30","9.10","9.35","8.75","422.85K","+0.54%"
"06/08/2009","9.25","10.20","10.20","9.10","506.76K","-8.42%"
"06/05/2009","10.10","10.50","10.80","9.95","1.52M","+1.00%"
"06/04/2009","10.00","9.95","10.25","9.65","1.40M","-0.50%"
"06/03/2009","10.05","10.35","10.50","9.80","1.31M","-0.99%"
"06/02/2009","10.15","9.75","10.30","9.55","3.89M","+8.56%"
"06/01/2009","9.35","9.50","9.50","9.10","633.42K","+2.75%"
"05/29/2009","9.10","8.95","9.55","8.85","1.12M","+2.25%"
"05/28/2009","8.90","8.90","9.15","8.80","446.57K","+0.00%"
"05/27/2009","8.90","8.55","9.00","8.55","500.16K","+5.33%"
"05/26/2009","8.45","9.15","9.40","8.40","836.68K","-6.63%"
"05/25/2009","9.05","8.70","9.15","8.35","1.19M","+8.38%"
"05/22/2009","8.35","8.30","8.55","7.95","498.29K","+0.00%"
"05/21/2009","8.35","7.95","9.05","7.90","2.16M","+4.37%"
"05/20/2009","8.00","7.10","8.15","7.10","1.24M","+13.48%"
"05/19/2009","7.05","6.75","7.45","6.50","1.13M","+11.02%"
"05/18/2009","6.35","6.40","6.45","6.30","0","+0.00%"
"05/15/2009","6.35","6.40","6.45","6.30","362.18K","+0.00%"
"05/14/2009","6.35","6.30","6.40","6.25","78.87K","+0.79%"
"05/13/2009","6.30","6.40","6.55","6.30","248.38K","-2.33%"
"05/12/2009","6.45","6.40","6.45","6.30","103.33K","+0.78%"
"05/11/2009","6.40","6.65","6.70","6.30","307.82K","-1.54%"
"05/08/2009","6.50","6.35","6.85","6.35","737.76K","+0.78%"
"05/07/2009","6.45","6.40","6.55","6.40","139.72K","+0.78%"
"05/06/2009","6.40","6.40","6.70","6.35","336.25K","-0.78%"
"05/05/2009","6.45","6.40","6.55","6.35","243.28K","+0.78%"
"05/04/2009","6.40","6.35","6.45","6.30","128.78K","+3.23%"
"04/29/2009","6.20","6.35","6.35","6.20","84.50K","+0.00%"
"04/28/2009","6.20","6.25","6.35","6.20","72.14K","-1.59%"
"04/27/2009","6.30","6.30","6.60","6.25","277.33K","-0.79%"
"04/24/2009","6.35","6.45","6.50","6.10","243.69K","-1.55%"
"04/23/2009","6.45","6.40","6.60","6.35","194.38K","+0.00%"
"04/22/2009","6.45","6.55","6.80","6.35","145.79K","-2.27%"
"04/21/2009","6.60","6.60","6.65","6.40","69.52K","+0.00%"
"04/20/2009","6.60","6.80","6.80","6.55","210.64K","-2.22%"
"04/17/2009","6.75","6.95","6.95","6.65","201.22K","+0.75%"
"04/16/2009","6.70","7.00","7.25","6.60","397.37K","-5.63%"
"04/15/2009","7.10","6.75","7.25","6.75","587.82K","+3.65%"
"04/13/2009","6.85","6.50","7.00","6.45","525.97K","+6.20%"
"04/09/2009","6.45","6.35","6.55","6.25","402.31K","+3.20%"
"04/08/2009","6.25","5.95","6.40","5.85","372.14K","+2.46%"
"04/06/2009","6.10","6.00","6.15","6.00","155.80K","+3.39%"
"04/02/2009","5.90","5.75","6.10","5.75","464.64K","+3.51%"
"04/01/2009","5.70","5.60","5.75","5.55","104.59K","+1.79%"
"03/31/2009","5.60","5.50","5.65","5.50","32.13K","+2.75%"
"03/30/2009","5.45","5.60","5.60","5.40","92.17K","-2.68%"
"03/27/2009","5.60","5.85","5.85","5.50","139.74K","+0.90%"
"03/26/2009","5.55","5.55","5.65","5.50","62.81K","+0.00%"
"03/25/2009","5.55","5.50","5.65","5.50","58.42K","-0.89%"
"03/24/2009","5.60","5.60","5.70","5.55","127.08K","+0.00%"
"03/23/2009","5.60","5.50","5.65","5.35","157.46K","+0.90%"
"03/20/2009","5.55","5.40","5.55","5.40","83.50K","+2.78%"
"03/19/2009","5.40","5.50","5.50","5.35","90.35K","-0.92%"
"03/18/2009","5.45","5.45","5.50","5.35","69.75K","+1.87%"
"03/17/2009","5.35","5.20","5.45","5.20","97.80K","+0.94%"
"03/16/2009","5.30","5.15","5.30","5.15","76.08K","+1.92%"
"03/13/2009","5.20","5.55","5.55","5.05","52.21K","+2.97%"
"03/12/2009","5.05","5.15","5.25","5.00","37.06K","-0.98%"
"03/09/2009","5.10","5.50","5.50","5.00","72.92K","+0.99%"
"03/06/2009","5.05","5.30","5.30","4.95","156.45K","-2.88%"
"03/05/2009","5.20","5.25","5.35","5.15","73.50K","-0.95%"
"03/04/2009","5.25","5.45","5.45","5.20","84.05K","-0.94%"
"03/03/2009","5.30","5.25","5.40","5.25","50.72K","-0.93%"
"03/02/2009","5.35","5.35","5.45","5.15","58.93K","-0.93%"
"02/27/2009","5.40","5.45","5.50","5.35","66.22K","-0.92%"
"02/26/2009","5.45","5.35","5.55","5.35","49.21K","+0.00%"
"02/25/2009","5.45","5.35","5.60","5.35","49.83K","+0.93%"
"02/24/2009","5.40","5.35","5.50","5.30","65.87K","+0.00%"
"02/20/2009","5.40","5.45","5.60","5.35","69.05K","-1.82%"
"02/19/2009","5.50","5.65","5.65","5.40","34.63K","+0.00%"
"02/18/2009","5.50","5.40","5.60","5.40","49.78K","-0.90%"
"02/17/2009","5.55","5.60","5.65","5.50","68.49K","-0.89%"
"02/16/2009","5.60","5.95","5.95","5.60","184.37K","-2.61%"
"02/13/2009","5.75","5.75","5.85","5.15","106.20K","+0.00%"
"02/12/2009","5.75","5.75","5.80","5.65","47.03K","+0.88%"
"02/11/2009","5.70","5.65","5.75","5.50","64.64K","-0.87%"
"02/10/2009","5.75","5.60","5.95","5.60","239.36K","+2.68%"
"02/09/2009","5.60","5.55","5.70","5.50","79.29K","+1.82%"
"02/06/2009","5.50","5.55","5.55","5.45","60.84K","+0.00%"
"02/05/2009","5.50","5.40","5.55","5.40","56.23K","+0.00%"
"02/04/2009","5.50","5.50","5.65","5.45","44.10K","+0.00%"
"02/03/2009","5.50","5.50","5.55","5.45","73.20K","+0.00%"
"02/02/2009","5.50","5.40","5.60","5.40","136.06K","-1.79%"
"01/30/2009","5.60","5.45","5.75","5.40","122.54K","-0.88%"
"01/29/2009","5.65","5.55","5.70","5.55","95.84K","+0.00%"
"01/28/2009","5.65","5.55","5.70","5.55","91.89K","+0.89%"
"01/27/2009","5.60","5.65","5.75","5.50","43.73K","+0.00%"
"01/23/2009","5.60","5.75","5.75","5.55","66.89K","+0.00%"
"01/22/2009","5.60","5.80","5.85","5.55","217.01K","-3.45%"
"01/21/2009","5.80","5.85","5.95","5.75","44.59K","-1.69%"
"01/20/2009","5.90","5.85","5.95","5.85","72.72K","+0.00%"
"01/19/2009","5.90","5.85","6.00","5.80","89.59K","+0.85%"
"01/16/2009","5.85","5.85","6.00","5.75","201.41K","-1.68%"
"01/15/2009","5.95","5.80","6.00","5.65","125.37K","+0.00%"
"01/14/2009","5.95","5.95","6.00","5.90","39.91K","+0.00%"
"01/13/2009","5.95","5.80","6.15","5.80","84.28K","+0.85%"
"01/12/2009","5.90","5.85","6.05","5.75","124.33K","+0.85%"
"01/09/2009","5.85","6.00","6.05","5.75","248.56K","-4.10%"
"01/07/2009","6.10","6.55","6.55","6.10","375.06K","-6.87%"
"01/06/2009","6.55","6.50","6.70","6.45","341.56K","+0.77%"
"01/05/2009","6.50","6.60","6.60","6.45","214.34K","+1.56%"
"01/02/2009","6.40","6.25","6.50","6.25","208.27K","+3.23%"
"01/01/2009","6.20","6.00","6.35","6.00","272.33K","+3.33%"
"12/31/2008","6.00","6.10","6.15","5.95","203.37K","+0.84%"
"12/30/2008","5.95","5.85","6.05","5.85","76.81K","+0.85%"
"12/29/2008","5.90","5.85","6.05","5.75","104.91K","+0.85%"
"12/26/2008","5.85","6.15","6.15","5.85","66.86K","-1.68%"
"12/24/2008","5.95","6.10","6.15","5.95","87.33K","-2.46%"
"12/23/2008","6.10","6.20","6.30","6.00","118.14K","-3.17%"
"12/22/2008","6.30","6.35","6.45","6.25","125.44K","+0.00%"
"12/19/2008","6.30","6.45","6.45","6.25","186.43K","-0.79%"
"12/18/2008","6.35","6.30","6.40","6.20","117.67K","+0.00%"
"12/17/2008","6.35","6.50","6.65","6.25","273.25K","-2.31%"
"12/16/2008","6.50","6.40","6.70","6.35","331.40K","+0.00%"
"12/15/2008","6.50","6.65","6.85","6.40","384.32K","+1.56%"
"12/12/2008","6.40","5.95","6.55","5.90","462.61K","+6.67%"
"12/11/2008","6.00","5.70","6.15","5.70","186.35K","+3.45%"
"12/10/2008","5.80","5.80","5.90","5.75","154.79K","+1.75%"
"12/08/2008","5.70","6.00","6.05","5.65","179.47K","-2.56%"
"12/05/2008","5.85","5.95","6.00","5.80","63.79K","+0.00%"
"12/04/2008","5.85","5.80","6.00","5.75","90.06K","+0.86%"
"12/03/2008","5.80","5.90","6.00","5.65","93.92K","+0.87%"
"12/02/2008","5.75","5.95","5.95","5.70","92.47K","-3.36%"
"12/01/2008","5.95","5.60","6.10","5.50","324.30K","+6.25%"
"11/28/2008","5.60","5.45","5.75","5.20","95.83K","+1.82%"
"11/26/2008","5.50","5.55","5.75","5.40","142.19K","-2.65%"
"11/25/2008","5.65","6.00","6.75","5.55","198.14K","-4.24%"
"11/24/2008","5.90","5.95","6.05","5.85","62.59K","-0.84%"
"11/21/2008","5.95","5.90","6.00","5.80","46.83K","+1.71%"
"11/20/2008","5.85","5.95","5.95","5.70","119.45K","-2.50%"
"11/19/2008","6.00","6.00","6.20","5.90","87.19K","-0.83%"
"11/18/2008","6.05","6.05","6.20","5.95","85.86K","+0.00%"
"11/17/2008","6.05","6.15","6.25","6.00","81.57K","-3.20%"
"11/14/2008","6.25","6.35","6.50","6.20","88.39K","-0.79%"
"11/12/2008","6.30","6.35","6.60","6.15","130.40K","-3.08%"
"11/11/2008","6.50","6.55","6.65","6.45","91.22K","-2.99%"
"11/10/2008","6.70","6.75","6.75","6.50","95.14K","+1.52%"
"11/07/2008","6.60","6.45","6.65","6.35","67.28K","+0.76%"
"11/06/2008","6.55","6.45","6.60","6.35","60.70K","-2.24%"
"11/05/2008","6.70","6.75","7.05","6.65","227.57K","-0.74%"
"11/04/2008","6.75","6.55","6.80","6.45","101.88K","+0.75%"
"11/03/2008","6.70","6.55","7.35","6.50","325.24K","+4.69%"
"10/31/2008","6.40","6.25","6.45","6.15","345.49K","+2.40%"
"10/29/2008","6.25","6.70","6.70","6.05","148.18K","-2.34%"
"10/28/2008","6.40","6.05","6.50","6.05","178.56K","+6.67%"
"10/27/2008","6.00","6.20","6.35","5.80","281.47K","-1.64%"
"10/24/2008","6.10","6.15","6.35","5.95","456.19K","-3.17%"
"10/23/2008","6.30","6.40","6.55","5.95","415.58K","-3.82%"
"10/22/2008","6.55","6.60","6.80","6.55","181.94K","-3.68%"
"10/21/2008","6.80","6.55","7.05","6.55","260.22K","+3.82%"
"10/20/2008","6.55","7.55","7.55","6.45","532.31K","-9.66%"
"10/17/2008","7.25","7.45","7.50","7.05","148.37K","+0.69%"
"10/16/2008","7.20","7.35","7.35","6.65","277.71K","-1.37%"
"10/15/2008","7.30","7.55","7.65","7.25","107.63K","-3.95%"
"10/14/2008","7.60","7.85","7.95","7.50","228.68K","+0.00%"
"10/13/2008","7.60","7.25","7.90","7.25","260.13K","+7.04%"
"10/10/2008","7.10","6.90","7.15","6.65","378.70K","-1.39%"
"10/08/2008","7.20","7.35","7.55","6.10","929.79K","-5.88%"
"10/07/2008","7.65","8.55","8.70","7.45","503.68K","-8.93%"
"10/06/2008","8.40","8.70","8.85","8.35","209.40K","-5.08%"
"10/03/2008","8.85","9.05","9.55","8.80","108.06K","-3.28%"
"10/01/2008","9.15","9.70","9.90","9.00","88.06K","-1.08%"
"09/30/2008","9.25","8.75","9.55","8.15","171.46K","+2.21%"
"09/29/2008","9.05","9.35","9.55","8.95","166.26K","-4.23%"
"09/26/2008","9.45","9.75","10.15","9.35","193.81K","-4.06%"
"09/25/2008","9.85","9.75","10.00","9.75","45.29K","-1.01%"
"09/24/2008","9.95","9.95","10.10","9.75","84.78K","+1.02%"
"09/23/2008","9.85","9.95","10.10","9.75","122.85K","-1.99%"
"09/22/2008","10.05","10.10","10.15","9.95","91.67K","+0.00%"
"09/19/2008","10.05","10.00","10.35","9.95","188.06K","+2.55%"
"09/18/2008","9.80","9.95","10.15","9.65","305.74K","-4.85%"
"09/17/2008","10.30","10.55","10.55","9.95","186.63K","-0.96%"
"09/16/2008","10.40","10.35","10.50","10.10","195.57K","-0.95%"
"09/15/2008","10.50","10.70","11.55","10.35","416.00K","-2.78%"
"09/12/2008","10.80","10.95","10.95","10.80","75.56K","+0.00%"
"09/11/2008","10.80","10.95","11.05","10.75","111.56K","-1.82%"
"09/10/2008","11.00","10.95","11.20","10.95","48.67K","-1.35%"
"09/09/2008","11.15","10.45","11.25","10.45","77.05K","+0.00%"
"09/08/2008","11.15","11.15","11.25","10.90","144.99K","+0.90%"
"09/05/2008","11.05","11.05","11.20","10.95","66.09K","-0.45%"
"09/04/2008","11.10","11.05","11.30","11.05","101.81K","-0.45%"
"09/02/2008","11.15","10.85","11.30","10.85","158.90K","+1.36%"
"09/01/2008","11.00","10.35","11.35","10.35","88.08K","+0.92%"
"08/29/2008","10.90","10.75","11.00","10.75","94.44K","+1.40%"
"08/28/2008","10.75","10.75","10.90","10.70","73.15K","-1.83%"
"08/27/2008","10.95","11.25","11.25","10.95","87.39K","-2.23%"
"08/26/2008","11.20","10.75","11.30","10.70","170.41K","+4.19%"
"08/25/2008","10.75","10.90","11.05","10.70","156.12K","-1.38%"
"08/22/2008","10.90","11.00","11.00","10.65","136.78K","-0.91%"
"08/21/2008","11.00","11.10","11.20","10.90","129.82K","-0.90%"
"08/20/2008","11.10","11.25","11.35","11.05","117.02K","+0.45%"
"08/19/2008","11.05","11.30","11.30","10.95","95.98K","-1.78%"
"08/18/2008","11.25","11.35","11.40","11.15","110.97K","+0.45%"
"08/14/2008","11.20","11.55","11.55","11.15","199.84K","-3.03%"
"08/13/2008","11.55","11.75","11.85","11.50","141.90K","-0.86%"
"08/12/2008","11.65","11.85","11.85","11.60","161.47K","-1.69%"
"08/11/2008","11.85","11.80","12.05","11.70","665.80K","+3.95%"
"08/08/2008","11.40","11.75","11.75","11.35","377.56K","-2.56%"
"08/07/2008","11.70","12.10","12.10","11.60","253.81K","-2.09%"
"08/06/2008","11.95","12.75","12.75","11.80","672.47K","-5.91%"
"08/05/2008","12.70","12.60","12.85","12.25","910.92K","+3.67%"
"08/04/2008","12.25","11.90","12.35","11.90","432.29K","+3.81%"
"08/01/2008","11.80","13.90","13.90","11.50","231.22K","+1.72%"
"07/31/2008","11.60","11.65","11.70","11.55","151.06K","+0.43%"
"07/30/2008","11.55","11.60","12.15","11.45","305.64K","+0.43%"
"07/29/2008","11.50","11.55","11.75","11.35","276.56K","-1.71%"
"07/28/2008","11.70","11.65","11.90","11.45","344.73K","+2.18%"
"07/25/2008","11.45","11.15","11.95","10.90","715.81K","+0.88%"
"07/24/2008","11.35","10.80","11.45","10.80","608.68K","+5.58%"
"07/23/2008","10.75","10.65","11.10","10.60","402.66K","+1.90%"
"07/22/2008","10.55","10.45","10.55","10.35","74.44K","+1.44%"
"07/21/2008","10.40","10.50","10.50","10.30","52.95K","+0.00%"
"07/18/2008","10.40","10.35","10.50","10.35","82.25K","+1.46%"
"07/17/2008","10.25","10.20","10.55","10.20","73.33K","+0.49%"
"07/16/2008","10.20","10.15","10.75","10.15","96.60K","-1.45%"
"07/15/2008","10.35","10.65","10.65","10.30","97.70K","-2.82%"
"07/14/2008","10.65","10.75","10.85","10.55","57.70K","-2.29%"
"07/11/2008","10.90","11.25","11.30","10.80","87.31K","-0.46%"
"07/10/2008","10.95","10.95","11.35","10.85","59.37K","-0.45%"
"07/09/2008","11.00","11.00","11.20","10.85","132.37K","+3.29%"
"07/08/2008","10.65","10.45","10.95","10.15","333.11K","-4.91%"
"07/07/2008","11.20","10.15","11.40","10.15","462.02K","+8.21%"
"07/04/2008","10.35","10.15","10.40","10.05","171.76K","+1.97%"
"07/03/2008","10.15","10.25","10.25","10.00","157.58K","-0.98%"
"07/02/2008","10.25","10.10","10.40","9.90","498.82K","+1.99%"
"07/01/2008","10.05","11.25","11.25","9.95","641.76K","-9.05%"
"06/30/2008","11.05","13.70","13.70","11.00","172.97K","-3.91%"
"06/27/2008","11.50","11.40","11.75","11.35","110.46K","-2.13%"
"06/26/2008","11.75","11.75","12.10","11.60","149.60K","+1.73%"
"06/25/2008","11.55","11.55","11.70","11.20","241.16K","+0.87%"
"06/24/2008","11.45","11.70","11.80","11.35","135.41K","-1.29%"
"06/23/2008","11.60","11.60","11.90","11.50","247.05K","-2.52%"
"06/20/2008","11.90","12.45","12.50","11.80","342.82K","-3.64%"
"06/19/2008","12.35","12.50","12.55","12.25","175.88K","-2.76%"
"06/18/2008","12.70","12.55","13.05","12.55","448.70K","+2.83%"
"06/17/2008","12.35","12.35","12.50","12.25","252.56K","+0.00%"
"06/16/2008","12.35","12.05","12.60","12.05","382.19K","+4.22%"
"06/13/2008","11.85","12.35","12.50","11.75","706.42K","-2.47%"
"06/12/2008","12.15","12.15","12.35","12.00","776.90K","-1.22%"
"06/11/2008","12.30","12.45","12.70","12.25","308.06K","-1.20%"
"06/10/2008","12.45","12.10","12.65","12.10","181.24K","+1.63%"
"06/09/2008","12.25","12.35","12.45","11.95","315.61K","-2.39%"
"06/06/2008","12.55","13.10","13.30","12.45","364.89K","-3.09%"
"06/05/2008","12.95","12.80","13.15","12.75","161.81K","+0.00%"
"06/04/2008","12.95","13.35","13.45","12.95","116.58K","-1.52%"
"06/03/2008","13.15","13.15","13.30","12.95","130.63K","-1.87%"
"06/02/2008","13.40","13.90","13.90","13.35","105.48K","-3.60%"
"05/30/2008","13.90","13.70","14.10","13.25","450.40K","+2.96%"
"05/29/2008","13.50","14.85","14.90","13.45","198.57K","-0.37%"
"05/28/2008","13.55","13.55","13.80","13.50","131.18K","-0.37%"
"05/27/2008","13.60","13.95","14.00","13.55","364.38K","-1.09%"
"05/26/2008","13.75","12.45","14.00","12.45","314.64K","-2.83%"
"05/23/2008","14.15","14.15","14.30","13.95","196.54K","+0.35%"
"05/22/2008","14.10","14.10","14.60","14.00","226.76K","-0.70%"
"05/21/2008","14.20","14.05","14.35","14.05","211.66K","-0.35%"
"05/20/2008","14.25","14.10","14.40","14.05","174.55K","-0.35%"
"05/16/2008","14.30","14.10","14.50","14.10","290.82K","-0.35%"
"05/15/2008","14.35","14.05","14.50","13.75","496.92K","+3.61%"
"05/14/2008","13.85","13.70","14.05","13.55","240.54K","+0.36%"
"05/13/2008","13.80","14.00","14.30","13.70","274.54K","-1.08%"
"05/12/2008","13.95","13.95","14.00","13.65","369.70K","-1.06%"
"05/09/2008","14.10","14.40","14.65","14.00","303.22K","-1.74%"
"05/08/2008","14.35","14.50","14.65","14.25","365.66K","-3.04%"
"05/07/2008","14.80","15.35","15.45","14.65","793.51K","-3.27%"
"05/06/2008","15.30","14.90","15.95","14.90","4.69M","+6.99%"
"05/05/2008","14.30","14.25","14.80","14.15","445.55K","+0.35%"
"05/02/2008","14.25","14.35","14.45","14.20","101.73K","+0.00%"
"04/30/2008","14.25","14.40","14.55","14.15","125.56K","-1.04%"
"04/29/2008","14.40","14.40","14.70","14.15","336.80K","+0.00%"
"04/28/2008","14.40","14.15","14.75","13.95","806.76K","+3.60%"
"04/25/2008","13.90","14.30","14.30","13.75","238.51K","-0.36%"
"04/24/2008","13.95","14.40","14.65","13.70","616.30K","-3.13%"
"04/23/2008","14.40","14.50","14.85","14.30","308.71K","-0.35%"
"04/22/2008","14.45","14.30","14.70","14.30","328.93K","+0.00%"
"04/21/2008","14.45","14.30","14.70","13.95","467.32K","+3.21%"
"04/17/2008","14.00","14.15","14.30","13.80","300.50K","+0.00%"
"04/16/2008","14.00","13.65","14.10","13.55","598.21K","+4.09%"
"04/15/2008","13.45","13.35","13.65","13.35","133.09K","-1.10%"
"04/11/2008","13.60","13.55","13.70","13.45","218.27K","+0.74%"
"04/10/2008","13.50","13.25","13.70","13.25","264.35K","+0.75%"
"04/09/2008","13.40","13.25","13.50","13.15","128.25K","+0.37%"
"04/08/2008","13.35","13.00","13.40","12.95","158.03K","+1.52%"
"04/07/2008","13.15","13.25","13.35","12.95","195.15K","-0.38%"
"04/04/2008","13.20","12.95","13.45","12.80","317.11K","+0.00%"
"04/03/2008","13.20","13.45","13.50","13.05","143.07K","-1.12%"
"04/02/2008","13.35","13.70","13.90","13.25","310.41K","+0.38%"
"04/01/2008","13.30","13.20","13.45","12.95","197.22K","+1.92%"
"03/31/2008","13.05","12.95","13.70","12.85","476.97K","+0.00%"
"03/28/2008","13.05","12.45","13.20","12.35","682.80K","+7.41%"
"03/27/2008","12.15","12.05","12.60","12.05","625.32K","-0.82%"
"03/26/2008","12.25","12.65","12.80","12.15","430.61K","+0.41%"
"03/25/2008","12.20","11.85","12.35","11.65","588.15K","+5.63%"
"03/24/2008","11.55","12.90","12.90","11.25","1.99M","-4.55%"
"03/19/2008","12.10","13.90","13.90","11.95","388.45K","+0.83%"
"03/18/2008","12.00","11.75","12.35","11.75","421.38K","-1.23%"
"03/17/2008","12.15","12.55","12.90","12.00","480.24K","-5.81%"
"03/14/2008","12.90","12.95","13.20","12.55","404.38K","+1.57%"
"03/13/2008","12.70","13.15","13.50","12.55","3.80M","-7.64%"
"03/12/2008","13.75","14.30","15.65","13.70","379.51K","+0.73%"
"03/11/2008","13.65","13.45","13.90","13.30","361.18K","+3.41%"
"03/10/2008","13.20","13.20","13.50","12.75","1.25M","-3.30%"
"03/07/2008","13.65","14.10","14.30","13.60","535.63K","-5.86%"
"03/05/2008","14.50","14.40","14.70","14.10","329.33K","-0.34%"
"03/04/2008","14.55","14.90","15.05","14.40","432.21K","-1.69%"
"03/03/2008","14.80","14.70","15.20","14.70","763.22K","-2.95%"
"02/29/2008","15.25","15.50","16.30","15.05","1.98M","-0.97%"
"02/28/2008","15.40","15.30","15.50","15.15","425.40K","+0.65%"
"02/27/2008","15.30","15.30","15.80","15.15","861.85K","+2.34%"
"02/26/2008","14.95","14.90","15.60","14.75","1.08M","+1.70%"
"02/25/2008","14.70","14.90","14.95","14.45","293.15K","+0.34%"
"02/22/2008","14.65","15.00","15.10","14.60","570.28K","-1.35%"
"02/21/2008","14.85","15.55","15.55","14.75","493.99K","-1.66%"
"02/20/2008","15.10","15.50","15.50","14.95","293.88K","-1.95%"
"02/19/2008","15.40","15.90","16.00","15.30","431.06K","-0.32%"
"02/18/2008","15.45","15.50","16.05","15.30","479.59K","+0.65%"
"02/15/2008","15.35","14.90","15.45","14.65","284.94K","+3.37%"
"02/14/2008","14.85","14.90","15.05","14.40","526.18K","+4.58%"
"02/13/2008","14.20","15.10","15.30","14.05","549.19K","-3.40%"
"02/12/2008","14.70","15.20","15.80","14.50","1.51M","-3.29%"
"02/11/2008","15.20","16.35","16.50","14.95","427.37K","-6.75%"
"02/08/2008","16.30","16.50","17.10","16.15","294.50K","-3.83%"
"02/07/2008","16.95","17.25","17.80","16.80","415.83K","-1.17%"
"02/06/2008","17.15","16.25","17.40","15.90","467.49K","+1.48%"
"02/05/2008","16.90","16.75","17.10","16.55","349.21K","+1.50%"
"02/04/2008","16.65","16.60","17.30","16.40","1.02M","+1.22%"
"02/01/2008","16.45","16.85","16.90","15.80","793.04K","+0.00%"
"01/31/2008","16.45","17.20","17.40","15.90","602.35K","-4.08%"
"01/30/2008","17.15","17.30","17.90","17.00","561.73K","-1.72%"
"01/29/2008","17.45","17.95","17.95","16.85","402.77K","+1.75%"
"01/28/2008","17.15","17.30","17.40","16.10","665.65K","-1.72%"
"01/25/2008","17.45","15.80","17.90","15.80","1.08M","+13.68%"
"01/24/2008","15.35","15.70","16.30","15.10","2.20M","+2.68%"
"01/23/2008","14.95","15.70","16.30","14.50","3.03M","+4.18%"
"01/22/2008","14.35","14.00","16.10","13.00","1.04M","-11.69%"
"01/21/2008","16.25","19.70","19.75","15.80","1.49M","-17.51%"
"01/18/2008","19.70","21.65","21.85","19.40","1.80M","-9.01%"
"01/17/2008","21.65","22.00","22.75","21.20","1.71M","+0.46%"
"01/16/2008","21.55","22.10","22.60","20.90","2.74M","-4.86%"
"01/15/2008","22.65","20.95","24.25","20.90","5.51M","+9.16%"
"01/14/2008","20.75","21.05","21.05","19.90","853.02K","+5.33%"
"01/11/2008","19.70","20.50","20.75","19.20","2.51M","-3.43%"
"01/10/2008","20.40","22.30","22.75","19.90","1.44M","-7.48%"
"01/09/2008","22.05","22.65","22.90","21.90","1.11M","-2.86%"
"01/08/2008","22.70","24.15","24.15","22.30","1.58M","-5.02%"
"01/07/2008","23.90","24.00","24.45","23.00","1.61M","-0.42%"
"01/04/2008","24.00","24.75","24.80","23.60","2.29M","-1.44%"
"01/03/2008","24.35","23.45","25.15","23.25","5.62M","+4.73%"
"01/02/2008","23.25","24.00","24.00","22.80","1.63M","-1.90%"
"01/01/2008","23.70","24.00","24.30","22.95","2.13M","+0.00%"
"12/31/2007","23.70","23.80","24.65","23.10","4.81M","+1.28%"
"12/28/2007","23.40","22.90","23.75","22.40","2.71M","+2.18%"
"12/27/2007","22.90","23.25","24.15","22.75","4.81M","-1.72%"
"12/26/2007","23.30","21.65","23.65","21.50","6.73M","+8.37%"
"12/24/2007","21.50","20.65","21.90","20.30","1.85M","+5.65%"
"12/20/2007","20.35","21.50","21.60","20.20","1.70M","-4.24%"
"12/19/2007","21.25","21.55","22.25","20.35","4.06M","+1.19%"
"12/18/2007","21.00","20.85","21.65","19.55","5.20M","+1.69%"
"12/17/2007","20.65","21.80","22.70","20.00","8.48M","-5.06%"
"12/14/2007","21.75","19.65","22.00","19.50","12.06M","+11.83%"
"12/13/2007","19.45","20.40","20.80","19.20","4.47M","-3.47%"
"12/12/2007","20.15","18.70","20.35","18.60","6.27M","+6.33%"
"12/11/2007","18.95","18.50","19.70","18.50","6.94M","+4.70%"
"12/10/2007","18.10","19.30","19.30","17.45","1.23M","+2.84%"
"12/07/2007","17.60","18.30","18.65","17.35","1.27M","-1.40%"
"12/06/2007","17.85","17.65","18.70","17.50","3.95M","+2.00%"
"12/05/2007","17.50","17.45","17.70","17.15","1.01M","+1.74%"
"12/04/2007","17.20","17.50","17.90","17.05","1.30M","+0.29%"
"12/03/2007","17.15","17.10","17.50","16.70","788.49K","+3.00%"
"11/30/2007","16.65","19.50","19.50","16.15","737.11K","+1.52%"
"11/29/2007","16.40","17.05","17.50","16.25","1.05M","-2.67%"
"11/28/2007","16.85","16.75","17.60","16.60","1.58M","+1.51%"
"11/27/2007","16.60","16.95","16.95","16.45","351.56K","-1.48%"
"11/26/2007","16.85","17.20","17.45","16.10","1.50M","+3.69%"
"11/23/2007","16.25","15.65","16.65","15.65","525.26K","+1.88%"
"11/22/2007","15.95","16.10","16.45","15.30","1.36M","-1.24%"
"11/21/2007","16.15","17.40","17.50","15.70","1.52M","-6.65%"
"11/20/2007","17.30","17.75","18.35","17.15","2.78M","-2.54%"
"11/19/2007","17.75","17.90","18.45","17.55","4.07M","+2.90%"
"11/16/2007","17.25","16.30","18.20","15.90","7.49M","+6.48%"
"11/15/2007","16.20","16.10","16.65","15.85","2.58M","+1.89%"
"11/14/2007","15.90","14.60","16.70","14.50","3.55M","+10.42%"
"11/13/2007","14.40","16.50","16.50","14.30","401.89K","+1.05%"
"11/12/2007","14.25","14.20","14.35","14.05","219.03K","-1.04%"
"11/09/2007","14.40","14.30","14.50","14.20","103.15K","+1.05%"
"11/08/2007","14.25","14.20","14.50","14.20","346.56K","-1.38%"
"11/07/2007","14.45","14.90","14.90","14.35","360.90K","-0.69%"
"11/06/2007","14.55","14.70","15.00","14.45","776.07K","+0.69%"
"11/05/2007","14.45","14.35","14.90","14.35","394.23K","+0.70%"
"11/02/2007","14.35","14.30","14.50","14.25","489.44K","-0.35%"
"11/01/2007","14.40","14.90","14.90","14.25","554.60K","-2.37%"
"10/31/2007","14.75","15.00","15.00","14.70","381.54K","-1.01%"
"10/30/2007","14.90","15.50","15.50","14.85","406.96K","-2.30%"
"10/29/2007","15.25","15.90","15.90","15.15","1.13M","+1.33%"
"10/26/2007","15.05","16.90","16.90","14.80","1.03M","+1.01%"
"10/25/2007","14.90","15.90","15.90","14.50","1.01M","+1.02%"
"10/24/2007","14.75","14.90","15.10","14.55","800.51K","-0.67%"
"10/23/2007","14.85","14.60","15.30","14.50","1.18M","+3.48%"
"10/22/2007","14.35","14.40","14.50","14.25","221.68K","+0.00%"
"10/19/2007","14.35","14.30","14.75","14.10","958.10K","-2.05%"
"10/18/2007","14.65","15.30","15.50","14.45","641.75K","-1.68%"
"10/17/2007","14.90","13.50","15.10","12.40","638.47K","-3.87%"
"10/16/2007","15.50","14.60","16.00","14.50","2.30M","+6.53%"
"10/15/2007","14.55","14.35","14.80","14.35","634.18K","+1.39%"
"10/12/2007","14.35","14.80","14.80","14.30","356.39K","-0.69%"
"10/11/2007","14.45","14.60","14.75","14.30","420.34K","-1.03%"
"10/10/2007","14.60","14.75","14.85","14.55","476.35K","-0.68%"
"10/09/2007","14.70","14.30","14.85","14.15","629.94K","+1.73%"
"10/08/2007","14.45","15.10","15.50","14.30","654.95K","-3.67%"
"10/05/2007","15.00","15.30","15.35","14.90","654.08K","-1.32%"
"10/04/2007","15.20","15.40","15.40","15.00","478.12K","-1.30%"
"10/03/2007","15.40","15.70","16.05","14.95","970.21K","-1.28%"
"10/01/2007","15.60","15.50","15.70","15.50","413.71K","-0.32%"
"09/28/2007","15.65","16.10","16.15","15.50","558.72K","+0.32%"
"09/27/2007","15.60","16.30","16.30","15.55","1.15M","-0.95%"
"09/26/2007","15.75","15.50","16.50","15.50","2.10M","+1.61%"
"09/25/2007","15.50","15.25","15.65","15.20","692.62K","+1.64%"
"09/24/2007","15.25","15.35","15.65","15.15","619.51K","-0.33%"
"09/21/2007","15.30","15.50","15.80","15.20","1.46M","-0.65%"
"09/20/2007","15.40","15.90","15.90","15.25","749.93K","-1.28%"
"09/19/2007","15.60","15.65","16.05","15.40","2.11M","+0.97%"
"09/18/2007","15.45","15.00","15.70","15.00","1.95M","+1.98%"
"09/17/2007","15.15","15.00","15.60","14.85","1.49M","+2.36%"
"09/14/2007","14.80","15.00","15.20","14.75","844.66K","-1.00%"
"09/13/2007","14.95","14.70","15.30","14.70","1.75M","+2.40%"
"09/12/2007","14.60","14.70","14.85","14.55","995.89K","+0.00%"
"09/11/2007","14.60","14.60","15.15","14.55","2.24M","+0.69%"
"09/10/2007","14.50","14.45","14.60","14.45","302.69K","-0.68%"
"09/07/2007","14.60","14.65","14.85","14.55","544.38K","+0.00%"
"09/06/2007","14.60","14.50","14.70","14.50","435.13K","-0.34%"
"09/05/2007","14.65","14.70","14.80","14.55","458.90K","+0.34%"
"09/04/2007","14.60","14.60","14.80","14.60","405.58K","-0.34%"
"09/03/2007","14.65","14.45","14.90","14.45","472.82K","+0.69%"
"08/31/2007","14.55","14.40","14.70","14.30","370.73K","+1.75%"
"08/30/2007","14.30","14.40","14.45","14.30","498.25K","+0.00%"
"08/29/2007","14.30","14.30","14.40","14.30","350.44K","-0.35%"
"08/28/2007","14.35","14.55","14.60","14.30","614.58K","-1.03%"
"08/27/2007","14.50","14.50","14.60","14.35","227.95K","+1.40%"
"08/24/2007","14.30","14.30","14.50","14.15","211.26K","+0.00%"
"08/23/2007","14.30","14.35","14.85","14.20","343.58K","-0.69%"
"08/22/2007","14.40","14.40","14.70","14.25","247.68K","+0.35%"
"08/21/2007","14.35","14.70","15.05","14.30","465.58K","-2.05%"
"08/20/2007","14.65","14.90","14.90","14.55","247.62K","+0.69%"
"08/17/2007","14.55","15.30","15.30","14.35","1.05M","-1.36%"
"08/16/2007","14.75","14.55","15.05","14.55","258.95K","-3.59%"
"08/14/2007","15.30","15.40","15.45","15.15","238.19K","-0.65%"
"08/13/2007","15.40","14.95","15.55","14.75","470.80K","+4.05%"
"08/10/2007","14.80","15.00","15.00","14.55","325.83K","-2.63%"
"08/09/2007","15.20","15.10","15.95","15.00","4.49M","+1.33%"
"08/08/2007","15.00","14.95","15.05","14.90","294.44K","+1.69%"
"08/07/2007","14.75","15.00","15.00","14.75","620.60K","-1.01%"
"08/06/2007","14.90","14.60","15.00","14.60","477.94K","-1.65%"
"08/03/2007","15.15","15.30","15.35","15.05","533.08K","+0.66%"
"08/02/2007","15.05","15.15","15.40","14.90","454.62K","-0.66%"
"08/01/2007","15.15","15.40","15.50","15.10","859.92K","-2.26%"
"07/31/2007","15.50","17.70","17.70","15.35","399.81K","+0.65%"
"07/30/2007","15.40","15.25","15.60","15.20","1.10M","-0.32%"
"07/27/2007","15.45","15.90","16.30","15.35","770.09K","-3.74%"
"07/26/2007","16.05","16.10","16.20","15.90","200.46K","+0.00%"
"07/25/2007","16.05","16.10","16.50","15.95","655.33K","-0.31%"
"07/24/2007","16.10","16.70","16.70","16.10","686.55K","-2.13%"
"07/23/2007","16.45","16.60","16.70","16.40","492.61K","-0.60%"
"07/20/2007","16.55","16.80","17.40","16.45","1.08M","-0.90%"
"07/19/2007","16.70","16.70","17.05","16.55","662.83K","+0.91%"
"07/18/2007","16.55","17.70","17.70","16.40","783.84K","-0.90%"
"07/17/2007","16.70","17.30","17.50","16.65","1.47M","-2.91%"
"07/16/2007","17.20","17.90","18.30","17.10","3.26M","-0.86%"
"07/13/2007","17.35","17.50","17.70","17.00","2.48M","+0.29%"
"07/12/2007","17.30","16.90","17.65","16.80","3.05M","+5.49%"
"07/11/2007","16.40","16.45","16.65","16.35","264.13K","-0.30%"
"07/10/2007","16.45","16.70","17.00","16.40","419.45K","-1.50%"
"07/09/2007","16.70","16.70","16.90","16.60","479.80K","+0.00%"
"07/06/2007","16.70","16.60","16.90","16.50","599.72K","+0.00%"
"07/05/2007","16.70","16.75","16.80","16.30","528.58K","-0.30%"
"07/04/2007","16.75","16.80","17.05","16.65","595.77K","-0.89%"
"07/03/2007","16.90","17.00","17.00","16.75","630.16K","+0.60%"
"07/02/2007","16.80","16.10","17.10","15.85","1.76M","+4.67%"
"06/29/2007","16.05","16.25","16.45","16.00","1.28M","+0.31%"
"06/28/2007","16.00","16.40","16.50","15.95","369.23K","-0.62%"
"06/27/2007","16.10","16.30","16.45","16.05","336.41K","-1.23%"
"06/26/2007","16.30","16.60","16.75","16.25","701.10K","-0.91%"
"06/25/2007","16.45","16.90","17.10","16.40","897.39K","-3.52%"
"06/22/2007","17.05","16.90","18.20","16.90","6.23M","+2.40%"
"06/21/2007","16.65","16.65","17.10","16.55","1.12M","-0.60%"
"06/20/2007","16.75","16.90","17.05","16.65","1.36M","-0.59%"
"06/19/2007","16.85","16.80","17.20","16.55","3.68M","+0.60%"
"06/18/2007","16.75","15.60","16.90","15.45","4.65M","+8.41%"
"06/15/2007","15.45","15.60","15.80","15.35","377.97K","-0.64%"
"06/14/2007","15.55","15.75","15.85","15.55","344.39K","-0.96%"
"06/13/2007","15.70","15.80","15.85","15.50","753.38K","-2.79%"
"06/12/2007","16.15","16.10","16.60","15.95","900.43K","+0.62%"
"06/11/2007","16.05","16.40","16.40","15.95","309.33K","+0.00%"
"06/08/2007","16.05","15.55","16.45","15.35","2.21M","+1.90%"
"06/07/2007","15.75","15.90","16.20","15.65","481.00K","-1.87%"
"06/06/2007","16.05","16.50","16.50","15.95","572.27K","-0.93%"
"06/05/2007","16.20","16.50","16.50","16.10","608.98K","-0.31%"
"06/04/2007","16.25","16.30","16.55","16.20","618.12K","-0.31%"
"06/01/2007","16.30","14.70","16.50","14.70","741.49K","+0.00%"
"05/31/2007","16.30","16.10","16.50","16.10","774.23K","+1.56%"
"05/30/2007","16.05","16.50","16.65","15.95","1.16M","-3.60%"
"05/29/2007","16.65","16.50","16.90","16.45","2.07M","+1.22%"
"05/28/2007","16.45","16.50","16.70","16.40","2.23M","+0.30%"
"05/25/2007","16.40","15.65","16.50","15.60","5.02M","+4.46%"
"05/24/2007","15.70","15.70","16.05","15.50","2.04M","+0.00%"
"05/23/2007","15.70","14.80","15.85","14.80","3.13M","+4.67%"
"05/22/2007","15.00","15.25","15.25","14.95","488.43K","-0.99%"
"05/21/2007","15.15","14.70","15.45","14.65","1.18M","+3.41%"
"05/18/2007","14.65","14.80","14.90","14.60","284.19K","-1.01%"
"05/17/2007","14.80","15.10","15.20","14.70","559.62K","-1.33%"
"05/16/2007","15.00","15.10","15.25","14.95","1.08M","+1.01%"
"05/15/2007","14.85","14.45","14.95","14.35","1.27M","+3.48%"
"05/14/2007","14.35","14.30","14.70","14.30","337.75K","+0.35%"
"05/11/2007","14.30","15.65","15.65","14.20","366.48K","-0.69%"
"05/10/2007","14.40","14.55","14.70","14.40","233.34K","-0.35%"
"05/09/2007","14.45","14.70","14.70","14.40","216.01K","-1.70%"
"05/08/2007","14.70","14.90","15.00","14.60","347.55K","-0.68%"
"05/07/2007","14.80","14.70","15.10","14.65","1.18M","+0.68%"
"05/04/2007","14.70","14.90","15.00","14.60","2.49M","-0.34%"
"05/03/2007","14.75","14.60","15.05","14.55","787.26K","+1.72%"
"04/30/2007","14.50","14.45","14.65","14.30","243.53K","+1.05%"
"04/27/2007","14.35","14.50","14.60","14.30","282.31K","-1.03%"
"04/26/2007","14.50","14.35","14.70","14.35","381.86K","+0.35%"
"04/25/2007","14.45","14.35","14.60","14.10","472.68K","+0.00%"
"04/24/2007","14.45","14.30","14.70","14.00","344.40K","+0.00%"
"04/23/2007","14.45","14.75","14.90","14.40","568.33K","-1.70%"
"04/20/2007","14.70","15.00","15.00","14.70","705.36K","+0.00%"
"04/19/2007","14.70","14.45","14.90","14.30","764.38K","-0.34%"
"04/18/2007","14.75","14.30","14.90","14.20","1.25M","+1.37%"
"04/17/2007","14.55","14.80","14.80","14.50","704.29K","-0.68%"
"04/16/2007","14.65","14.90","15.20","14.60","1.28M","+0.00%"
"04/13/2007","14.65","14.90","15.30","14.55","861.31K","-2.33%"
"04/12/2007","15.00","14.90","15.35","14.65","997.15K","+0.67%"
"04/11/2007","14.90","14.40","15.00","14.40","854.25K","+4.20%"
"04/10/2007","14.30","14.30","14.60","14.10","368.96K","+0.70%"
"04/09/2007","14.20","13.65","14.30","13.65","716.66K","+4.80%"
"04/05/2007","13.55","13.45","13.70","13.35","559.54K","+1.50%"
"04/04/2007","13.35","13.65","13.80","13.20","546.21K","-0.74%"
"04/03/2007","13.45","13.50","13.65","13.45","199.50K","-0.37%"
"04/02/2007","13.50","13.60","13.65","13.45","194.91K","-1.82%"
"03/30/2007","13.75","13.55","14.00","13.50","290.78K","+1.85%"
"03/29/2007","13.50","13.60","13.70","13.40","221.42K","+0.37%"
"03/28/2007","13.45","13.60","13.65","13.35","345.38K","-1.47%"
"03/26/2007","13.65","13.95","13.95","13.55","279.62K","-1.44%"
"03/23/2007","13.85","14.10","14.20","13.75","427.00K","-0.36%"
"03/22/2007","13.90","13.70","14.15","13.70","2.29M","+1.09%"
"03/21/2007","13.75","13.65","13.90","13.55","233.26K","+1.10%"
"03/20/2007","13.60","13.40","13.90","13.40","272.13K","+1.12%"
"03/19/2007","13.45","13.65","13.70","13.40","251.09K","-1.47%"
"03/16/2007","13.65","13.90","13.90","13.50","219.77K","+0.00%"
"03/15/2007","13.65","13.90","15.00","13.60","589.68K","-0.73%"
"03/14/2007","13.75","13.45","13.90","13.45","220.81K","-2.48%"
"03/13/2007","14.10","14.10","14.30","13.80","450.56K","+1.08%"
"03/12/2007","13.95","14.10","14.30","13.65","343.57K","-0.71%"
"03/09/2007","14.05","14.50","14.50","13.70","354.16K","+1.08%"
"03/08/2007","13.90","13.00","14.30","12.75","737.91K","+7.34%"
"03/07/2007","12.95","14.05","14.05","12.85","645.70K","-5.82%"
"03/06/2007","13.75","13.70","14.25","13.15","427.75K","+1.48%"
"03/05/2007","13.55","13.90","14.05","13.40","537.88K","-5.90%"
"03/02/2007","14.40","14.70","14.90","14.25","392.69K","-0.35%"
"03/01/2007","14.45","14.90","15.10","14.40","543.17K","-2.36%"
"02/28/2007","14.80","14.30","15.45","14.10","1.34M","-0.67%"
"02/27/2007","14.90","15.05","15.15","14.75","292.06K","-0.33%"
"02/26/2007","14.95","15.10","15.15","14.70","328.63K","+0.34%"
"02/23/2007","14.90","15.40","15.60","14.80","987.46K","-3.87%"
"02/22/2007","15.50","15.90","15.90","15.20","223.11K","-0.32%"
"02/21/2007","15.55","15.90","16.05","15.45","355.75K","-2.20%"
"02/20/2007","15.90","16.20","16.55","15.80","514.39K","-1.85%"
"02/19/2007","16.20","15.90","16.35","15.90","368.12K","+1.89%"
"02/15/2007","15.90","15.80","16.10","15.80","550.36K","+1.60%"
"02/14/2007","15.65","15.80","15.95","15.10","340.87K","-0.63%"
"02/13/2007","15.75","16.05","16.35","15.65","844.25K","+0.00%"
"02/12/2007","15.75","15.95","16.45","15.65","684.10K","-3.67%"
"02/09/2007","16.35","17.00","17.10","16.25","547.27K","-3.25%"
"02/08/2007","16.90","17.30","17.30","16.80","590.45K","-1.46%"
"02/07/2007","17.15","17.40","17.40","17.10","480.64K","-0.58%"
"02/06/2007","17.25","17.45","17.75","17.10","940.77K","-0.86%"
"02/05/2007","17.40","18.00","18.05","17.35","820.62K","-3.06%"
"02/02/2007","17.95","17.50","18.45","17.50","4.24M","+3.46%"
"02/01/2007","17.35","17.30","17.70","17.15","596.77K","+1.17%"
"01/31/2007","17.15","17.90","17.90","17.05","851.40K","-2.83%"
"01/29/2007","17.65","17.50","17.90","17.05","2.36M","+2.92%"
"01/25/2007","17.15","17.35","17.70","17.05","530.38K","-0.87%"
"01/24/2007","17.30","17.35","18.00","17.25","619.51K","+0.58%"
"01/23/2007","17.20","17.60","17.60","17.15","338.49K","-1.71%"
"01/22/2007","17.50","17.90","17.90","17.30","481.08K","-0.85%"
"01/19/2007","17.65","18.30","18.35","17.50","1.32M","-2.75%"
"01/18/2007","18.15","16.95","18.95","16.95","6.01M","+7.08%"
"01/17/2007","16.95","17.50","17.50","16.90","382.37K","-1.74%"
"01/16/2007","17.25","17.70","17.70","17.10","324.23K","-1.15%"
"01/15/2007","17.45","17.15","17.85","17.00","1.20M","+2.95%"
"01/12/2007","16.95","17.40","17.60","16.85","860.53K","-0.29%"
"01/11/2007","17.00","17.05","17.20","16.80","228.24K","+1.19%"
"01/10/2007","16.80","16.95","17.15","16.55","322.98K","-0.88%"
"01/09/2007","16.95","17.00","17.60","16.85","412.04K","-2.31%"
"01/08/2007","17.35","17.85","17.85","17.25","355.63K","-1.14%"
"01/05/2007","17.55","17.00","18.00","17.00","1.28M","+2.63%"
"01/04/2007","17.10","17.20","17.25","16.90","331.17K","+0.29%"
"01/03/2007","17.05","16.85","17.15","16.65","441.65K","+2.10%"
"01/02/2007","16.70","16.45","17.20","16.45","223.16K","-0.60%"
"12/29/2006","16.80","16.70","17.20","16.70","578.51K","+0.90%"
"12/28/2006","16.65","17.15","17.15","16.55","181.56K","-0.89%"
"12/27/2006","16.80","17.20","17.20","16.70","206.48K","-1.75%"
"12/26/2006","17.10","16.90","17.25","16.90","444.40K","+1.48%"
"12/22/2006","16.85","16.15","17.10","16.00","1.16M","+5.64%"
"12/21/2006","15.95","16.10","16.20","15.95","190.59K","-0.93%"
"12/20/2006","16.10","16.30","16.40","15.95","204.41K","-0.31%"
"12/19/2006","16.15","16.45","16.60","15.95","303.00K","-2.42%"
"12/18/2006","16.55","16.70","16.75","16.25","215.41K","-0.60%"
"12/15/2006","16.65","16.65","16.90","16.50","304.80K","+0.91%"
"12/14/2006","16.50","16.00","16.60","16.00","484.88K","+3.77%"
"12/13/2006","15.90","15.75","16.05","15.30","655.74K","+1.27%"
"12/12/2006","15.70","17.05","17.05","15.35","810.42K","-7.10%"
"12/11/2006","16.90","17.60","17.60","16.60","547.41K","-3.70%"
"12/08/2006","17.55","18.05","18.10","17.45","710.79K","-1.96%"
"12/07/2006","17.90","18.10","18.30","17.80","427.82K","-0.28%"
"12/06/2006","17.95","18.30","18.30","17.90","426.24K","-0.55%"
"12/05/2006","18.05","18.30","18.40","18.00","438.18K","-0.55%"
"12/04/2006","18.15","18.40","18.40","18.05","597.53K","-0.55%"
"12/01/2006","18.25","18.40","18.85","18.20","822.68K","+0.55%"
"11/30/2006","18.15","18.55","18.80","18.10","781.47K","-1.09%"
"11/29/2006","18.35","18.70","18.85","18.30","555.85K","-0.54%"
"11/28/2006","18.45","18.70","18.85","18.30","834.77K","-1.34%"
"11/27/2006","18.70","19.10","19.30","18.60","1.15M","-1.84%"
"11/24/2006","19.05","18.50","19.55","18.35","6.24M","+3.25%"
"11/23/2006","18.45","18.70","18.95","18.30","1.17M","-0.54%"
"11/22/2006","18.55","18.70","18.85","18.55","656.08K","-0.80%"
"11/21/2006","18.70","18.80","19.15","18.65","1.02M","-0.27%"
"11/20/2006","18.75","17.80","18.90","17.80","2.22M","+1.08%"
"11/17/2006","18.55","18.60","19.00","18.05","4.83M","+0.82%"
"11/16/2006","18.40","17.90","18.60","17.75","2.39M","+3.37%"
"11/15/2006","17.80","17.95","18.25","17.70","583.62K","-1.39%"
"11/14/2006","18.05","18.20","18.70","17.95","1.23M","+0.28%"
"11/13/2006","18.00","18.00","18.40","17.70","1.27M","+0.56%"
"11/10/2006","17.90","17.90","18.25","17.80","828.50K","+0.56%"
"11/09/2006","17.80","18.20","18.35","17.70","807.00K","-0.84%"
"11/08/2006","17.95","18.40","18.55","17.80","1.07M","-1.64%"
"11/07/2006","18.25","19.00","19.05","18.10","2.04M","-3.18%"
"11/06/2006","18.85","19.50","19.50","18.75","1.20M","-2.84%"
"11/03/2006","19.40","19.40","19.90","19.30","6.25M","+1.04%"
"11/02/2006","19.20","18.60","19.35","18.50","4.65M","+4.35%"
"11/01/2006","18.40","18.15","18.65","18.10","922.20K","+1.94%"
"10/31/2006","18.05","18.40","18.60","17.90","1.03M","-1.37%"
"10/30/2006","18.30","18.55","18.70","18.20","738.80K","-1.35%"
"10/27/2006","18.55","18.50","18.95","18.45","1.03M","+0.00%"
"10/26/2006","18.55","18.50","18.75","18.40","710.82K","+0.27%"
"10/23/2006","18.50","18.75","18.75","18.35","439.19K","-1.33%"
"10/20/2006","18.75","18.90","19.20","18.60","1.22M","+0.27%"
"10/19/2006","18.70","18.70","19.35","18.45","2.06M","+1.08%"
"10/18/2006","18.50","18.35","18.75","18.10","574.77K","-0.80%"
"10/17/2006","18.65","19.10","19.10","18.45","1.07M","-1.58%"
"10/16/2006","18.95","19.25","19.80","18.90","2.49M","-0.26%"
"10/13/2006","19.00","19.05","19.45","18.80","2.08M","+0.53%"
"10/12/2006","18.90","18.75","19.05","18.60","819.05K","+1.07%"
"10/11/2006","18.70","19.45","19.45","18.50","1.23M","-3.11%"
"10/10/2006","19.30","19.70","19.85","19.15","2.70M","-0.52%"
"10/09/2006","19.40","18.70","19.60","18.55","5.23M","+2.65%"
"10/06/2006","18.90","18.85","19.20","18.75","1.39M","+0.80%"
"10/05/2006","18.75","18.95","19.05","18.65","1.06M","+0.00%"
"10/04/2006","18.75","18.50","19.00","18.50","1.69M","+1.90%"
"10/03/2006","18.40","19.15","19.30","18.30","2.23M","-3.92%"
"09/29/2006","19.15","19.00","19.55","18.90","2.60M","+1.59%"
"09/28/2006","18.85","19.30","19.45","18.75","1.29M","-2.08%"
"09/27/2006","19.25","19.20","19.75","19.10","4.22M","+0.52%"
"09/26/2006","19.15","19.70","19.85","19.00","2.18M","-2.54%"
"09/25/2006","19.65","19.60","20.45","19.40","9.99M","+1.55%"
"09/22/2006","19.35","18.90","19.55","18.50","3.69M","+1.57%"
"09/21/2006","19.05","19.70","20.00","18.90","5.28M","-2.81%"
"09/20/2006","19.60","18.50","19.80","18.40","6.20M","+4.81%"
"09/19/2006","18.70","19.90","20.55","18.40","12.31M","-5.56%"
"09/18/2006","19.80","18.45","20.05","18.15","19.42M","+7.90%"
"09/15/2006","18.35","18.30","18.80","17.70","4.20M","+1.10%"
"09/14/2006","18.15","18.60","18.60","17.95","1.95M","-1.36%"
"09/13/2006","18.40","18.50","19.15","18.30","6.00M","+0.55%"
"09/12/2006","18.30","17.70","18.55","17.30","6.74M","+3.98%"
"09/11/2006","17.60","18.30","19.20","17.30","12.01M","-3.56%"
"09/08/2006","18.25","17.00","18.55","17.00","10.54M","+7.67%"
"09/07/2006","16.95","17.30","17.40","16.85","1.69M","-2.59%"
"09/06/2006","17.40","17.80","18.00","17.20","5.59M","-1.42%"
"09/05/2006","17.65","16.30","17.80","16.30","6.85M","+8.95%"
"09/04/2006","16.20","16.70","16.70","16.15","906.31K","-1.82%"
"09/01/2006","16.50","15.20","16.85","14.65","1.47M","+3.77%"
"08/31/2006","15.90","16.50","16.70","15.85","535.23K","-2.45%"
"08/30/2006","16.30","16.55","16.60","16.20","669.08K","-0.61%"
"08/29/2006","16.40","16.55","16.90","16.35","962.48K","-1.20%"
"08/28/2006","16.60","16.15","17.05","16.15","1.26M","+0.91%"
"08/25/2006","16.45","16.40","16.65","16.10","1.22M","+1.86%"
"08/24/2006","16.15","14.65","16.25","14.65","930.10K","+2.54%"
"08/23/2006","15.75","16.10","16.35","15.60","893.87K","-2.78%"
"08/22/2006","16.20","16.30","16.70","16.10","903.50K","-0.61%"
"08/21/2006","16.30","16.15","16.45","15.95","1.03M","+1.24%"
"08/18/2006","16.10","15.90","16.45","15.85","1.36M","+0.63%"
"08/17/2006","16.00","16.85","16.85","15.85","1.60M","-4.19%"
"08/16/2006","16.70","16.90","17.25","16.55","3.21M","-0.30%"
"08/14/2006","16.75","16.15","17.10","15.85","6.10M","+5.35%"
"08/11/2006","15.90","15.60","16.10","15.35","3.44M","+3.58%"
"08/10/2006","15.35","14.70","15.60","14.60","2.45M","+5.14%"
"08/09/2006","14.60","14.55","14.95","14.30","892.87K","+0.34%"
"08/08/2006","14.55","14.70","14.70","14.45","215.41K","+0.69%"
"08/07/2006","14.45","14.90","14.90","14.10","201.09K","+0.00%"
"08/04/2006","14.45","15.10","15.15","14.25","645.16K","-3.67%"
"08/03/2006","15.00","15.10","15.30","14.75","1.51M","+1.35%"
"08/02/2006","14.80","14.25","14.90","14.20","1.13M","+4.23%"
"08/01/2006","14.20","14.50","14.60","14.10","305.38K","-2.41%"
"07/31/2006","14.55","14.70","14.90","14.45","413.57K","+0.00%"
"07/28/2006","14.55","14.15","14.90","13.95","2.56M","+4.30%"
"07/27/2006","13.95","13.95","14.30","13.90","919.80K","+0.36%"
"07/26/2006","13.90","14.10","14.15","13.85","555.34K","+0.36%"
"07/25/2006","13.85","14.05","14.25","13.80","466.81K","+1.09%"
"07/24/2006","13.70","14.00","14.20","13.55","605.14K","-2.14%"
"07/21/2006","14.00","14.10","14.30","13.85","399.27K","-2.44%"
"07/20/2006","14.35","14.30","14.55","13.90","929.70K","+3.61%"
"07/19/2006","13.85","14.40","14.40","13.60","605.11K","-2.12%"
"07/18/2006","14.15","13.90","14.35","13.80","1.07M","+1.80%"
"07/17/2006","13.90","14.80","15.10","13.75","1.22M","-6.08%"
"07/14/2006","14.80","15.05","15.10","14.35","811.92K","-2.63%"
"07/13/2006","15.20","15.80","16.00","15.00","946.86K","-4.10%"
"07/12/2006","15.85","14.70","16.20","14.70","2.70M","+2.59%"
"07/11/2006","15.45","15.15","15.90","14.90","1.39M","+3.00%"
"07/10/2006","15.00","14.70","15.30","14.70","486.99K","-0.99%"
"07/07/2006","15.15","15.50","16.25","15.00","1.05M","-0.98%"
"07/06/2006","15.30","15.35","15.50","15.15","277.87K","-1.29%"
"07/05/2006","15.50","15.45","15.65","15.30","296.63K","+0.65%"
"07/04/2006","15.40","16.25","16.25","15.15","645.78K","-3.14%"
"07/03/2006","15.90","16.25","16.30","15.60","801.13K","-1.24%"
"06/30/2006","16.10","15.80","16.20","15.80","1.25M","+3.87%"
"06/29/2006","15.50","15.75","16.35","15.30","4.07M","+0.65%"
"06/28/2006","15.40","14.15","15.85","13.20","2.72M","+6.57%"
"06/27/2006","14.45","15.00","15.00","14.00","582.93K","-2.36%"
"06/26/2006","14.80","15.55","15.90","14.65","904.05K","-5.13%"
"06/23/2006","15.60","14.90","15.90","14.90","1.14M","-0.32%"
"06/22/2006","15.65","15.85","16.80","15.55","2.66M","+0.97%"
"06/21/2006","15.50","14.20","16.00","14.20","2.47M","+6.90%"
"06/20/2006","14.50","14.00","15.00","14.00","757.33K","+1.05%"
"06/19/2006","14.35","14.45","14.85","14.10","706.45K","-2.05%"
"06/16/2006","14.65","14.40","15.40","14.40","1.61M","+2.81%"
"06/15/2006","14.25","13.90","14.40","13.60","1.23M","+6.34%"
"06/14/2006","13.40","13.90","14.50","13.35","1.58M","-1.47%"
"06/13/2006","13.60","13.70","13.95","13.25","918.83K","-5.88%"
"06/12/2006","14.45","15.50","15.50","14.30","1.18M","-6.17%"
"06/09/2006","15.40","14.15","15.85","13.55","2.06M","+12.00%"
"06/08/2006","13.75","14.30","14.60","13.15","1.69M","-7.72%"
"06/07/2006","14.90","16.20","16.65","14.55","1.75M","-8.87%"
"06/06/2006","16.35","16.10","16.85","15.55","1.11M","-2.39%"
"06/05/2006","16.75","17.65","17.65","16.45","1.22M","-2.90%"
"06/02/2006","17.25","17.70","17.70","15.65","3.03M","-0.86%"
"06/01/2006","17.40","18.40","18.95","17.15","2.67M","-4.13%"
"05/31/2006","18.15","18.00","19.00","17.60","2.76M","-6.20%"
"05/30/2006","19.35","18.40","20.35","18.10","8.12M","+5.16%"
"05/29/2006","18.40","18.30","18.85","17.90","1.48M","+1.66%"
"05/26/2006","18.10","17.80","18.95","17.80","2.42M","+2.26%"
"05/25/2006","17.70","17.30","18.10","17.30","1.06M","-2.21%"
"05/24/2006","18.10","18.90","19.10","17.90","2.03M","-1.09%"
"05/23/2006","18.30","16.50","18.60","15.20","2.18M","+10.57%"
"05/22/2006","16.55","18.90","18.90","14.90","2.72M","-6.76%"
"05/19/2006","17.75","19.70","20.30","17.20","3.83M","-8.03%"
"05/18/2006","19.30","21.50","21.50","18.95","3.74M","-11.47%"
"05/17/2006","21.80","20.85","22.55","20.70","8.53M","+6.08%"
"05/16/2006","20.55","20.30","21.65","19.15","4.25M","+0.49%"
"05/15/2006","20.45","21.60","22.80","20.10","5.05M","-5.10%"
"05/12/2006","21.55","22.15","22.85","21.30","4.27M","-2.49%"
"05/11/2006","22.10","23.35","23.55","21.90","3.19M","-4.95%"
"05/10/2006","23.25","23.55","24.35","22.95","8.17M","-0.43%"
"05/09/2006","23.35","23.25","24.45","22.60","11.07M","+1.30%"
"05/08/2006","23.05","24.80","25.05","22.50","13.03M","-6.30%"
"05/05/2006","24.60","21.70","25.75","21.50","30.83M","+13.63%"
"05/04/2006","21.65","20.70","22.75","20.15","15.75M","+6.65%"
"05/03/2006","20.30","19.90","21.00","18.95","9.08M","+1.75%"
"05/02/2006","19.95","19.15","20.65","19.10","11.75M","+13.35%"
"04/28/2006","17.60","16.50","18.15","15.50","5.98M","-0.85%"
"04/27/2006","17.75","18.60","19.25","17.60","11.61M","-3.79%"
"04/26/2006","18.45","15.80","18.90","15.70","16.20M","+17.52%"
"04/25/2006","15.70","16.55","16.55","15.65","1.76M","-3.98%"
"04/24/2006","16.35","15.30","16.70","14.90","7.98M","+7.21%"
"04/21/2006","15.25","15.65","15.85","15.05","2.41M","-1.61%"
"04/20/2006","15.50","14.80","16.00","14.65","5.38M","+6.53%"
"04/19/2006","14.55","14.75","14.85","14.45","1.42M","-0.34%"
"04/18/2006","14.60","14.30","14.70","14.25","1.38M","+4.66%"
"04/17/2006","13.95","13.35","14.10","13.35","465.04K","+1.45%"
"04/13/2006","13.75","14.15","14.15","13.70","485.12K","-2.14%"
"04/12/2006","14.05","14.20","14.30","14.00","501.26K","-0.35%"
"04/10/2006","14.10","14.15","14.30","14.05","229.78K","-0.35%"
"04/07/2006","14.15","14.50","14.50","14.10","702.00K","-1.39%"
"04/05/2006","14.35","14.20","14.40","14.20","487.08K","+1.41%"
"04/04/2006","14.15","14.45","14.60","14.00","1.03M","-1.39%"
"04/03/2006","14.35","13.95","14.50","13.95","800.16K","+3.99%"
"03/31/2006","13.80","13.50","14.20","13.50","811.54K","+1.85%"
"03/30/2006","13.55","13.35","13.70","13.35","1.11M","+1.50%"
"03/29/2006","13.35","13.50","13.70","13.35","472.85K","+0.00%"
"03/28/2006","13.35","13.75","13.85","13.30","849.60K","-2.91%"
"03/27/2006","13.75","13.50","13.95","13.50","871.22K","+2.61%"
"03/24/2006","13.40","13.45","13.50","13.25","445.68K","+0.37%"
"03/23/2006","13.35","13.75","13.85","13.20","1.05M","-2.55%"
"03/22/2006","13.70","13.85","14.00","13.55","514.44K","-1.08%"
"03/21/2006","13.85","14.00","14.05","13.80","564.30K","-1.07%"
"03/20/2006","14.00","14.15","14.20","13.95","463.38K","+0.36%"
"03/17/2006","13.95","14.10","14.20","13.90","429.82K","-0.71%"
"03/16/2006","14.05","14.20","14.25","13.90","554.14K","-0.35%"
"03/14/2006","14.10","14.00","14.35","14.00","549.64K","-0.35%"
"03/13/2006","14.15","13.90","14.30","13.90","862.38K","+2.54%"
"03/10/2006","13.80","14.30","14.50","13.75","3.25M","-0.72%"
"03/09/2006","13.90","14.20","14.25","13.75","756.31K","-2.11%"
"03/08/2006","14.20","14.70","14.70","13.90","1.17M","-2.41%"
"03/07/2006","14.55","14.30","14.70","14.00","351.07K","-0.68%"
"03/06/2006","14.65","14.75","14.75","14.60","310.32K","+0.34%"
"03/03/2006","14.60","14.70","14.85","14.50","1.40M","-0.68%"
"03/02/2006","14.70","14.90","15.00","14.60","454.68K","+0.00%"
"03/01/2006","14.70","15.05","15.40","14.65","917.63K","-2.00%"
"02/28/2006","15.00","15.15","15.85","14.95","3.03M","-0.99%"
"02/27/2006","15.15","15.10","15.40","15.05","1.05M","+0.66%"
"02/24/2006","15.05","14.90","15.10","14.80","410.88K","+0.33%"
"02/23/2006","15.00","15.25","15.30","14.85","1.30M","-1.32%"
"02/22/2006","15.20","14.85","15.40","14.70","1.64M","+3.05%"
"02/21/2006","14.75","14.95","15.00","14.75","483.63K","-0.67%"
"02/20/2006","14.85","15.20","15.20","14.75","1.56M","-1.33%"
"02/17/2006","15.05","14.90","15.80","14.65","3.19M","+1.35%"
"02/16/2006","14.85","14.70","15.00","14.55","754.63K","+1.71%"
"02/15/2006","14.60","14.85","15.10","14.45","606.20K","-1.02%"
"02/14/2006","14.75","14.90","15.10","14.70","1.23M","-1.01%"
"02/13/2006","14.90","14.55","15.40","14.55","1.27M","+2.41%"
"02/10/2006","14.55","14.45","14.70","14.45","1.23M","+0.00%"
"02/08/2006","14.55","14.60","14.70","14.40","445.17K","-0.34%"
"02/07/2006","14.60","14.50","14.95","14.40","926.89K","+1.74%"
"02/06/2006","14.35","14.35","14.50","14.20","539.43K","+0.70%"
"02/03/2006","14.25","13.90","14.40","13.75","471.96K","+2.52%"
"02/02/2006","13.90","14.15","14.30","13.85","2.46M","-2.11%"
"02/01/2006","14.20","14.30","14.50","14.10","595.75K","-0.70%"
"01/31/2006","14.30","14.35","14.80","14.20","3.87M","-1.38%"
"01/30/2006","14.50","14.60","14.90","12.95","3.66M","-1.02%"
"01/27/2006","14.65","14.90","15.00","14.40","1.37M","-0.68%"
"01/25/2006","14.75","15.05","15.05","14.70","842.18K","-1.01%"
"01/24/2006","14.90","15.00","15.10","14.85","461.18K","+0.34%"
"01/23/2006","14.85","14.80","15.05","14.75","396.17K","+0.00%"
"01/20/2006","14.85","15.05","15.50","14.75","2.06M","+0.00%"
"01/19/2006","14.85","15.05","15.20","14.80","591.20K","-0.34%"
"01/18/2006","14.90","14.50","15.40","14.50","1.17M","+0.68%"
"01/17/2006","14.80","15.40","15.40","14.70","1.06M","-3.27%"
"01/16/2006","15.30","15.25","15.45","15.15","363.80K","-0.33%"
"01/13/2006","15.35","15.45","15.65","15.25","731.16K","+0.00%"
"01/12/2006","15.35","15.35","15.65","15.20","446.74K","-0.65%"
"01/10/2006","15.45","15.70","15.80","15.40","557.63K","-1.28%"
"01/09/2006","15.65","15.60","16.00","15.60","1.08M","-0.63%"
"01/06/2006","15.75","15.85","16.00","15.60","810.43K","-0.63%"
"01/05/2006","15.85","16.10","16.20","15.75","536.48K","-1.55%"
"01/04/2006","16.10","16.15","16.40","15.95","2.12M","+0.00%"
"01/03/2006","16.10","15.45","16.25","15.45","3.37M","+3.87%"
"01/02/2006","15.50","15.50","15.70","15.40","494.61K","+0.32%"
"12/30/2005","15.45","15.40","15.60","15.35","923.05K","+0.65%"
"12/29/2005","15.35","15.50","15.60","15.20","1.23M","-0.32%"
"12/28/2005","15.40","15.50","15.70","14.95","552.71K","-1.60%"
"12/27/2005","15.65","15.35","15.75","15.25","318.21K","+0.97%"
"12/26/2005","15.50","16.00","16.00","15.45","602.49K","-2.52%"
"12/23/2005","15.90","16.40","16.40","15.80","513.67K","-1.85%"
"12/22/2005","16.20","16.40","16.45","16.15","705.80K","-0.31%"
"12/21/2005","16.25","16.10","16.35","16.05","870.75K","+1.56%"
"12/20/2005","16.00","15.90","16.50","15.70","1.15M","+0.95%"
"12/19/2005","15.85","15.90","16.05","15.75","643.33K","+0.00%"
"12/16/2005","15.85","15.95","16.20","15.75","471.43K","-0.94%"
"12/15/2005","16.00","16.30","16.50","15.95","618.00K","-2.14%"
"12/14/2005","16.35","16.50","17.00","16.15","1.30M","+0.00%"
"12/13/2005","16.35","16.35","16.60","16.10","769.16K","+0.62%"
"12/12/2005","16.25","16.50","16.50","16.15","621.97K","-0.61%"
"12/09/2005","16.35","16.35","16.70","16.30","584.46K","-0.91%"
"12/08/2005","16.50","16.55","16.70","16.25","604.47K","+0.30%"
"12/07/2005","16.45","16.85","16.85","16.35","861.24K","-2.08%"
"12/06/2005","16.80","16.70","17.00","16.40","2.38M","+0.30%"
"12/05/2005","16.75","17.10","17.45","16.35","4.26M","-2.05%"
"12/02/2005","17.10","16.00","17.25","16.00","8.98M","+7.21%"
"12/01/2005","15.95","15.60","16.10","15.50","940.52K","+1.59%"
"11/30/2005","15.70","15.55","16.10","15.50","1.41M","+0.96%"
"11/29/2005","15.55","15.85","15.85","15.35","507.41K","-0.96%"
"11/28/2005","15.70","15.30","15.90","15.30","966.26K","+2.95%"
"11/25/2005","15.25","15.35","15.40","15.15","318.37K","+0.00%"
"11/24/2005","15.25","15.20","15.50","15.05","298.88K","+0.66%"
"11/23/2005","15.15","15.45","15.55","14.95","488.95K","-1.30%"
"11/22/2005","15.35","14.95","15.60","14.95","463.04K","-1.92%"
"11/21/2005","15.65","16.00","16.05","15.45","705.87K","-1.26%"
"11/18/2005","15.85","15.50","16.10","15.50","1.52M","+3.26%"
"11/17/2005","15.35","15.65","15.70","15.30","412.80K","-0.65%"
"11/16/2005","15.45","15.60","15.70","15.40","318.64K","+0.32%"
"11/14/2005","15.40","17.10","17.10","14.95","611.45K","-1.28%"
"11/11/2005","15.60","15.60","15.75","15.45","401.48K","+0.65%"
"11/10/2005","15.50","15.65","15.75","15.35","436.86K","-0.96%"
"11/09/2005","15.65","15.35","16.20","15.35","1.12M","-1.88%"
"11/08/2005","15.95","15.70","16.10","15.45","1.97M","+1.92%"
"11/07/2005","15.65","14.90","15.75","14.70","1.19M","+5.39%"
"11/02/2005","14.85","14.70","15.10","14.25","614.50K","+2.06%"
"11/01/2005","14.55","14.65","14.80","14.45","237.35K","+1.04%"
"10/31/2005","14.40","14.70","14.70","14.25","468.50K","-0.69%"
"10/28/2005","14.50","14.20","14.70","13.90","1.21M","+0.35%"
"10/27/2005","14.45","15.25","15.35","14.30","2.01M","-4.62%"
"10/26/2005","15.15","15.50","15.60","15.00","535.22K","-2.57%"
"10/25/2005","15.55","15.50","15.70","15.20","725.52K","+0.32%"
"10/24/2005","15.50","15.40","15.70","15.25","1.81M","+0.65%"
"10/21/2005","15.40","14.95","15.55","14.75","1.16M","+1.99%"
"10/20/2005","15.10","15.70","16.05","14.95","2.18M","-2.27%"
"10/19/2005","15.45","16.05","16.05","15.30","2.39M","-4.04%"
"10/18/2005","16.10","15.45","16.35","15.35","3.85M","+4.89%"
"10/17/2005","15.35","15.70","15.90","15.20","1.45M","-2.23%"
"10/14/2005","15.70","16.25","16.25","15.60","2.45M","-2.79%"
"10/13/2005","16.15","16.05","16.70","15.75","3.97M","+1.25%"
"10/11/2005","15.95","16.45","16.55","15.70","2.47M","-2.45%"
"10/10/2005","16.35","16.70","16.80","16.30","1.49M","-1.80%"
"10/07/2005","16.65","16.90","17.15","16.45","2.97M","-1.48%"
"10/06/2005","16.90","16.90","17.15","16.05","4.76M","-2.03%"
"10/05/2005","17.25","17.40","18.00","17.10","15.67M","+0.00%"
"10/04/2005","17.25","16.35","17.35","16.35","13.18M","+6.81%"
"10/03/2005","16.15","15.50","16.30","15.30","2.68M","+4.19%"
"09/30/2005","15.50","15.85","15.85","15.20","2.08M","-1.90%"
"09/29/2005","15.80","16.30","16.50","15.70","3.30M","-2.77%"
"09/28/2005","16.25","16.55","16.75","16.15","3.55M","-1.52%"
"09/27/2005","16.50","16.05","17.00","15.80","14.77M","+4.43%"
"09/26/2005","15.80","15.10","16.25","14.80","9.67M","+7.12%"
"09/23/2005","14.75","14.55","15.20","14.55","2.07M","+0.34%"
"09/22/2005","14.70","14.80","15.30","14.55","4.13M","-2.00%"
"09/21/2005","15.00","15.90","15.90","14.20","5.46M","-2.28%"
"09/20/2005","15.35","15.05","15.85","14.75","12.96M","+3.72%"
"09/19/2005","14.80","14.90","15.05","14.40","3.12M","+1.37%"
"09/16/2005","14.60","14.90","14.90","14.35","2.04M","+1.04%"
"09/15/2005","14.45","14.40","14.70","14.30","1.01M","+1.05%"
"09/14/2005","14.30","14.50","14.70","14.25","1.30M","-1.04%"
"09/13/2005","14.45","14.60","14.60","14.40","1.03M","-0.69%"
"09/12/2005","14.55","14.50","14.70","14.50","896.36K","+0.69%"
"09/09/2005","14.45","14.90","14.90","13.25","889.49K","-1.70%"
"09/08/2005","14.70","14.70","14.95","14.55","2.13M","+1.38%"
"09/06/2005","14.50","14.50","14.65","14.30","817.81K","+0.35%"
"09/05/2005","14.45","14.80","14.80","14.40","934.50K","+0.00%"
"09/02/2005","14.45","14.85","15.10","14.35","1.33M","-2.03%"
"09/01/2005","14.75","14.90","15.25","14.65","3.02M","+1.03%"
"08/31/2005","14.60","14.25","14.90","14.10","2.74M","+2.82%"
"08/30/2005","14.20","14.00","14.50","13.95","1.44M","+2.16%"
"08/29/2005","13.90","14.10","14.10","13.75","614.92K","-0.36%"
"08/26/2005","13.95","14.00","14.20","13.90","662.98K","+0.36%"
"08/25/2005","13.90","14.05","14.10","13.85","486.36K","-0.36%"
"08/24/2005","13.95","14.05","14.20","13.75","1.34M","-0.36%"
"08/23/2005","14.00","14.35","14.55","13.90","1.04M","-2.44%"
"08/22/2005","14.35","14.70","14.80","14.20","1.19M","-1.03%"
"08/19/2005","14.50","14.30","14.80","14.25","2.18M","+2.84%"
"08/18/2005","14.10","14.35","14.90","14.05","1.69M","-1.74%"
"08/17/2005","14.35","14.40","14.55","14.30","1.25M","-0.69%"
"08/16/2005","14.45","14.80","14.80","14.30","879.93K","-0.34%"
"08/12/2005","14.50","14.80","14.80","14.35","818.50K","-1.36%"
"08/11/2005","14.70","14.90","15.00","14.60","1.45M","-0.34%"
"08/10/2005","14.75","14.35","14.80","14.35","2.72M","+3.51%"
"08/09/2005","14.25","14.30","14.60","14.05","2.41M","+0.35%"
"08/08/2005","14.20","14.40","15.90","14.00","3.44M","+5.58%"
"08/05/2005","13.45","13.50","13.65","13.45","687.15K","+0.00%"
"08/04/2005","13.45","13.60","13.65","13.40","704.46K","-1.10%"
"08/03/2005","13.60","13.40","13.85","13.40","1.37M","+1.12%"
"08/02/2005","13.45","13.65","13.65","13.40","913.00K","+0.00%"
"08/01/2005","13.45","13.45","13.70","13.30","1.10M","-2.89%"
"07/29/2005","13.85","14.10","14.10","13.25","2.32M","-3.48%"
"07/27/2005","14.35","14.30","14.65","14.15","995.85K","+1.41%"
"07/26/2005","14.15","14.20","14.30","14.00","1.03M","+0.00%"
"07/25/2005","14.15","14.70","14.70","14.10","994.34K","-2.08%"
"07/22/2005","14.45","14.70","14.70","14.35","747.20K","-1.03%"
"07/21/2005","14.60","14.85","15.00","14.50","2.06M","-0.34%"
"07/20/2005","14.65","14.35","15.00","14.25","3.61M","+2.81%"
"07/19/2005","14.25","14.20","14.30","14.15","821.10K","+0.35%"
"07/18/2005","14.20","14.20","14.25","14.10","836.03K","+1.43%"
"07/15/2005","14.00","14.10","14.20","13.95","668.29K","+0.00%"
"07/14/2005","14.00","14.05","14.30","13.90","1.47M","+0.72%"
"07/13/2005","13.90","13.90","14.30","13.75","1.42M","+0.72%"
"07/12/2005","13.80","13.85","13.90","13.70","527.88K","+0.36%"
"07/11/2005","13.75","13.75","14.10","13.70","985.69K","+0.00%"
"07/08/2005","13.75","13.35","13.80","13.35","482.83K","+1.10%"
"07/07/2005","13.60","13.75","13.90","13.55","889.46K","-0.73%"
"07/06/2005","13.70","13.90","13.90","13.65","1.18M","-0.36%"
"07/05/2005","13.75","13.80","14.20","13.65","1.16M","-0.36%"
"07/04/2005","13.80","14.00","14.00","13.70","693.83K","-0.36%"
"07/01/2005","13.85","13.90","13.90","13.55","582.80K","+0.00%"
"06/30/2005","13.85","13.90","14.05","13.70","938.26K","+1.09%"
"06/29/2005","13.70","13.60","13.75","13.40","777.30K","+1.11%"
"06/28/2005","13.55","13.80","13.95","13.45","2.15M","+0.00%"
"06/27/2005","13.55","14.10","14.10","13.50","1.95M","-1.81%"
"06/24/2005","13.80","14.00","14.20","13.75","2.06M","-2.13%"
"06/23/2005","14.10","14.40","14.40","14.00","949.81K","-1.05%"
"06/22/2005","14.25","14.60","14.80","14.20","1.21M","-2.40%"
"06/21/2005","14.60","14.40","14.85","14.20","1.25M","+0.69%"
"06/20/2005","14.50","14.50","14.75","14.35","1.04M","+0.00%"
"06/17/2005","14.50","15.60","15.70","14.05","1.70M","-3.01%"
"06/16/2005","14.95","15.25","15.35","14.90","1.09M","-1.97%"
"06/15/2005","15.25","15.55","15.55","15.15","1.41M","-0.97%"
"06/14/2005","15.40","15.80","16.15","15.35","1.52M","-2.53%"
"06/13/2005","15.80","15.60","16.00","15.25","1.84M","+1.28%"
"06/10/2005","15.60","15.80","15.95","15.55","1.04M","-0.64%"
"06/09/2005","15.70","15.95","16.00","15.60","1.24M","-1.88%"
"06/08/2005","16.00","16.00","16.15","15.80","1.44M","+0.95%"
"06/07/2005","15.85","16.10","16.30","15.70","2.27M","-0.94%"
"06/06/2005","16.00","15.20","16.10","15.20","3.18M","+4.92%"
"06/03/2005","15.25","15.05","15.45","15.00","696.97K","+1.33%"
"06/02/2005","15.05","15.45","15.50","15.00","601.28K","-1.63%"
"06/01/2005","15.30","15.60","15.70","15.25","550.34K","-1.29%"
"05/31/2005","15.50","15.05","15.60","14.90","1.19M","+3.68%"
"05/30/2005","14.95","15.10","15.20","14.75","863.71K","+0.00%"
"05/27/2005","14.95","15.50","15.60","14.90","1.28M","-2.29%"
"05/26/2005","15.30","15.45","15.70","15.15","819.36K","-1.92%"
"05/25/2005","15.60","15.90","15.90","15.55","846.65K","-1.27%"
"05/24/2005","15.80","17.55","17.55","15.60","1.05M","-0.63%"
"05/23/2005","15.90","15.75","16.10","15.55","879.89K","+0.63%"
"05/20/2005","15.80","16.20","16.25","15.70","1.55M","-2.47%"
"05/19/2005","16.20","16.30","16.45","16.10","1.55M","+0.31%"
"05/18/2005","16.15","16.00","16.35","15.95","1.80M","+0.31%"
"05/17/2005","16.10","16.15","16.45","15.90","2.93M","-0.31%"
"05/16/2005","16.15","16.50","16.70","16.00","3.75M","-1.82%"
"05/13/2005","16.45","16.10","16.85","14.70","6.78M","+0.61%"
"05/12/2005","16.35","15.15","16.55","15.15","8.47M","+2.83%"
"05/11/2005","15.90","15.60","16.20","15.30","2.94M","+1.92%"
"05/10/2005","15.60","15.95","16.00","15.55","2.57M","-1.58%"
"05/09/2005","15.85","15.95","16.20","15.75","5.85M","+0.63%"
"05/06/2005","15.75","15.40","15.90","15.00","4.04M","+2.94%"
"05/05/2005","15.30","14.80","15.55","14.70","6.63M","+4.79%"
"05/04/2005","14.60","14.20","14.70","14.20","1.29M","+2.10%"
"05/03/2005","14.30","13.95","14.40","13.90","913.13K","+2.88%"
"05/02/2005","13.90","14.30","14.30","13.60","1.00M","-1.42%"
"04/29/2005","14.10","14.35","14.40","14.00","792.86K","-2.08%"
"04/28/2005","14.40","14.50","14.50","14.30","636.84K","-0.69%"
"04/27/2005","14.50","14.70","14.70","14.45","922.60K","-1.36%"
"04/26/2005","14.70","14.90","15.00","14.45","978.95K","-0.68%"
"04/25/2005","14.80","14.30","15.00","14.30","1.64M","+0.68%"
"04/22/2005","14.70","14.60","14.90","14.40","2.01M","+1.38%"
"04/21/2005","14.50","14.45","14.80","14.05","2.17M","+1.05%"
"04/20/2005","14.35","14.05","14.45","13.70","2.37M","+3.24%"
"04/19/2005","13.90","13.90","14.45","13.85","1.60M","+0.36%"
"04/18/2005","13.85","13.90","13.90","13.35","1.54M","-0.72%"
"04/15/2005","13.95","14.50","14.50","13.80","3.35M","-4.45%"
"04/13/2005","14.60","14.95","15.00","14.50","2.42M","-1.68%"
"04/12/2005","14.85","13.65","15.00","13.65","2.44M","+0.34%"
"04/11/2005","14.80","14.75","15.25","14.60","6.29M","+0.34%"
"04/08/2005","14.75","14.05","14.90","13.95","4.31M","+5.73%"
"04/07/2005","13.95","14.00","14.35","13.90","2.89M","+0.72%"
"04/06/2005","13.85","13.55","14.05","13.50","1.72M","+2.21%"
"04/05/2005","13.55","13.95","14.10","13.45","1.04M","-2.87%"
"04/04/2005","13.95","14.25","14.30","13.85","1.03M","-1.76%"
"04/01/2005","14.20","14.20","14.30","13.95","1.70M","+1.07%"
"03/31/2005","14.05","13.80","14.35","13.65","1.19M","+3.31%"
"03/30/2005","13.60","13.35","13.70","10.60","1.28M","+2.64%"
"03/29/2005","13.25","13.70","13.85","13.15","1.74M","-2.93%"
"03/28/2005","13.65","13.50","13.90","13.50","806.77K","+1.11%"
"03/24/2005","13.50","13.90","14.05","13.35","1.55M","-2.17%"
"03/23/2005","13.80","14.30","14.55","13.65","1.29M","-3.50%"
"03/22/2005","14.30","14.40","14.80","14.20","1.57M","-1.04%"
"03/21/2005","14.45","14.90","14.95","14.35","1.55M","-2.69%"
"03/18/2005","14.85","14.80","15.15","14.45","3.27M","+0.68%"
"03/17/2005","14.75","14.60","15.35","14.35","4.40M","+1.37%"
"03/16/2005","14.55","14.40","15.05","14.35","2.64M","+1.75%"
"03/15/2005","14.30","14.40","14.50","14.20","1.84M","+0.00%"
"03/14/2005","14.30","14.90","14.90","14.20","1.79M","-2.39%"
"03/11/2005","14.65","14.80","15.05","14.50","1.74M","-1.35%"
"03/10/2005","14.85","14.90","15.15","14.70","2.40M","+0.34%"
"03/09/2005","14.80","15.30","15.45","14.60","3.52M","-2.63%"
"03/08/2005","15.20","15.50","15.70","15.15","2.45M","-1.30%"
"03/07/2005","15.40","16.10","16.15","15.20","3.37M","-3.75%"
"03/04/2005","16.00","16.35","16.50","15.85","5.70M","-1.84%"
"03/03/2005","16.30","15.90","16.65","15.80","11.36M","+3.49%"
"03/02/2005","15.75","15.45","16.10","15.20","17.09M","+3.62%"
"03/01/2005","15.20","14.90","15.70","14.50","10.52M","+2.70%"
"02/28/2005","14.80","14.30","15.50","14.30","17.11M","+4.96%"
"02/25/2005","14.10","13.80","14.50","13.75","5.03M","+2.55%"
"02/24/2005","13.75","14.10","14.30","13.60","1.70M","-1.79%"
"02/23/2005","14.00","13.85","14.20","13.65","1.97M","+2.19%"
"02/22/2005","13.70","13.80","13.90","13.60","695.65K","-0.72%"
"02/21/2005","13.80","14.10","14.20","13.70","1.42M","-1.43%"
"02/18/2005","14.00","13.75","14.50","13.70","4.68M","+2.56%"
"02/17/2005","13.65","13.90","13.90","13.45","1.29M","-1.44%"
"02/16/2005","13.85","14.00","14.40","13.65","2.83M","-0.36%"
"02/15/2005","13.90","14.30","14.45","13.80","2.00M","-3.14%"
"02/14/2005","14.35","14.40","14.70","14.00","5.93M","+1.06%"
"02/11/2005","14.20","13.95","14.60","13.70","5.32M","+2.53%"
"02/10/2005","13.85","14.40","14.40","13.60","5.87M","-2.12%"
"02/09/2005","14.15","12.70","14.40","12.55","11.30M","+13.20%"
"02/08/2005","12.50","13.05","13.05","12.40","1.33M","-3.10%"
"02/07/2005","12.90","12.95","13.45","12.70","4.61M","+2.38%"
"02/04/2005","12.60","11.80","13.10","11.75","5.08M","+8.15%"
"02/03/2005","11.65","11.40","11.85","11.35","2.62M","+4.02%"
"02/02/2005","11.20","11.15","11.35","11.15","1.18M","+0.00%"
"02/01/2005","11.20","11.15","11.30","11.10","1.16M","+0.90%"
"01/31/2005","11.10","11.50","11.50","11.05","1.76M","-1.77%"
"01/28/2005","11.30","11.45","11.60","11.25","1.36M","-1.31%"
"01/27/2005","11.45","11.10","11.50","10.95","718.19K","+4.57%"
"01/25/2005","10.95","10.65","11.00","10.45","597.09K","+2.34%"
"01/24/2005","10.70","10.95","10.95","10.60","493.26K","-2.28%"
"01/20/2005","10.95","11.00","11.35","10.80","1.21M","-3.10%"
"01/19/2005","11.30","12.05","12.05","11.25","1.32M","-4.24%"
"01/18/2005","11.80","12.15","12.15","11.60","734.89K","+0.43%"
"01/17/2005","11.75","10.95","12.10","10.60","2.06M","-6.75%"
"01/14/2005","12.60","12.85","12.95","12.55","884.43K","-0.40%"
"01/13/2005","12.65","12.70","13.00","12.55","1.10M","+1.20%"
"01/12/2005","12.50","13.00","13.10","12.35","822.61K","-3.47%"
"01/11/2005","12.95","13.15","13.20","12.85","684.15K","-0.77%"
"01/10/2005","13.05","13.25","13.40","13.05","891.32K","+0.00%"
"01/07/2005","13.05","13.35","13.35","12.90","1.35M","-0.76%"
"01/06/2005","13.15","13.45","13.50","12.95","1.26M","-1.87%"
"01/05/2005","13.40","13.80","13.90","13.15","1.47M","-2.90%"
"01/04/2005","13.80","14.10","14.25","13.75","2.39M","-1.43%"
"01/03/2005","14.00","13.80","14.10","13.60","1.48M","+2.56%"
"12/31/2004","13.65","13.60","13.75","13.60","815.93K","+0.00%"
"12/30/2004","13.65","13.95","13.95","13.55","840.88K","-1.44%"
"12/29/2004","13.85","14.05","14.20","13.75","1.19M","-1.07%"
"12/28/2004","14.00","13.75","14.15","13.75","1.58M","+1.82%"
"12/27/2004","13.75","13.80","13.90","13.70","752.05K","-0.72%"
"12/24/2004","13.85","13.75","14.10","13.70","1.88M","+1.47%"
"12/23/2004","13.65","13.85","13.90","13.60","693.37K","-0.36%"
"12/22/2004","13.70","13.90","14.10","13.55","1.20M","-0.72%"
"12/21/2004","13.80","14.05","14.10","13.75","1.38M","-1.08%"
"12/20/2004","13.95","14.20","14.20","13.85","834.88K","+0.72%"
"12/17/2004","13.85","14.20","14.20","13.80","1.50M","-1.42%"
"12/16/2004","14.05","14.15","14.60","14.00","4.69M","+1.08%"
"12/15/2004","13.90","14.00","14.10","13.85","1.42M","+0.00%"
"12/14/2004","13.90","13.90","14.05","13.85","759.63K","+0.72%"
"12/13/2004","13.80","13.80","13.90","13.65","886.80K","+1.10%"
"12/10/2004","13.65","14.05","14.20","13.60","1.24M","-1.80%"
"12/09/2004","13.90","13.90","14.10","13.75","1.07M","+0.72%"
"12/08/2004","13.80","14.10","14.40","13.75","4.11M","-1.43%"
"12/07/2004","14.00","13.90","14.50","13.70","7.28M","+1.82%"
"12/06/2004","13.75","13.50","13.80","13.50","2.36M","+3.00%"
"12/03/2004","13.35","13.25","13.60","12.95","2.56M","+3.09%"
"12/02/2004","12.95","13.15","13.25","12.95","1.28M","-1.15%"
"12/01/2004","13.10","13.25","13.30","12.95","586.03K","-0.76%"
"11/30/2004","13.20","13.20","13.50","13.15","832.83K","-1.12%"
"11/29/2004","13.35","13.25","13.45","13.20","894.53K","+0.38%"
"11/25/2004","13.30","13.35","13.45","13.20","1.15M","+0.00%"
"11/24/2004","13.30","13.45","13.50","13.25","1.43M","-0.37%"
"11/23/2004","13.35","13.15","13.55","13.15","1.42M","+1.52%"
"11/22/2004","13.15","12.80","13.25","12.80","686.33K","-0.38%"
"11/19/2004","13.20","13.30","13.50","13.15","1.14M","+0.00%"
"11/18/2004","13.20","13.45","13.50","13.10","1.98M","-1.12%"
"11/17/2004","13.35","13.40","13.50","13.25","1.01M","+0.38%"
"11/16/2004","13.30","13.55","13.65","13.25","941.48K","-1.12%"
"11/12/2004","13.45","13.30","13.50","13.30","459.06K","+1.51%"
"11/11/2004","13.25","13.70","13.95","13.15","2.84M","-2.93%"
"11/10/2004","13.65","13.95","14.40","13.55","5.49M","+2.25%"
"11/09/2004","13.35","13.00","13.70","12.75","1.96M","+3.49%"
"11/08/2004","12.90","12.85","13.05","12.80","986.72K","+1.57%"
"11/05/2004","12.70","12.75","12.85","12.65","616.87K","+0.79%"
"11/04/2004","12.60","12.95","13.00","12.55","762.66K","-1.56%"
"11/03/2004","12.80","12.80","13.35","12.70","1.48M","+1.99%"
"11/02/2004","12.55","12.70","12.70","12.55","365.69K","+0.40%"
"11/01/2004","12.50","12.55","12.75","12.50","424.85K","-1.57%"
"10/29/2004","12.70","12.80","12.80","12.65","289.49K","+0.00%"
"10/28/2004","12.70","12.75","12.85","12.60","387.12K","+0.79%"
"10/27/2004","12.60","12.70","12.75","12.55","380.81K","+0.40%"
"10/26/2004","12.55","12.65","12.75","12.45","675.94K","-0.79%"
"10/25/2004","12.65","12.75","12.85","12.60","797.01K","+0.00%"
"10/21/2004","12.65","12.95","12.95","12.55","762.96K","-1.17%"
"10/20/2004","12.80","13.00","13.10","12.75","592.55K","-0.78%"
"10/19/2004","12.90","13.00","13.10","12.85","1.24M","+0.39%"
"10/18/2004","12.85","13.50","13.70","12.75","2.29M","-1.91%"
"10/15/2004","13.10","13.25","13.45","13.10","550.25K","-1.50%"
"10/14/2004","13.30","13.40","13.40","13.10","604.75K","+0.00%"
"10/12/2004","13.30","13.90","13.90","13.20","746.70K","-3.27%"
"10/11/2004","13.75","13.80","14.10","13.70","1.62M","+1.10%"
"10/08/2004","13.60","13.30","13.90","13.30","1.85M","+3.42%"
"10/07/2004","13.15","13.00","13.20","13.00","425.36K","+1.15%"
"10/06/2004","13.00","13.30","13.40","13.00","397.38K","-0.76%"
"10/05/2004","13.10","13.50","13.50","12.95","802.74K","-1.87%"
"10/04/2004","13.35","13.15","13.45","13.00","1.24M","+3.09%"
"10/01/2004","12.95","13.25","13.35","12.85","710.64K","-1.52%"
"09/30/2004","13.15","12.75","13.25","12.75","936.76K","+3.54%"
"09/29/2004","12.70","12.80","12.85","12.65","629.79K","+0.00%"
"09/28/2004","12.70","12.85","12.95","12.70","225.91K","-0.39%"
"09/27/2004","12.75","13.05","13.05","12.70","359.57K","-0.78%"
"09/24/2004","12.85","13.00","13.00","12.80","319.98K","+0.00%"
"09/23/2004","12.85","13.25","13.25","12.85","483.03K","-2.65%"
"09/22/2004","13.20","13.15","13.35","13.15","739.09K","+1.54%"
"09/21/2004","13.00","13.25","13.30","12.95","512.03K","-1.89%"
"09/20/2004","13.25","13.45","13.50","13.20","406.48K","+0.00%"
"09/17/2004","13.25","13.50","13.50","13.20","590.94K","-1.12%"
"09/16/2004","13.40","13.25","13.45","13.25","332.99K","+0.00%"
"09/15/2004","13.40","13.60","13.70","13.30","690.52K","-1.11%"
"09/14/2004","13.55","13.35","13.70","13.15","877.58K","+2.26%"
"09/13/2004","13.25","13.45","13.50","13.20","492.32K","+0.00%"
"09/10/2004","13.25","13.50","13.50","13.15","639.57K","-1.49%"
"09/09/2004","13.45","13.90","13.95","13.25","883.42K","-2.54%"
"09/08/2004","13.80","13.60","14.10","13.45","3.90M","+2.99%"
"09/07/2004","13.40","12.90","13.55","12.90","1.20M","+4.28%"
"09/06/2004","12.85","12.95","13.15","12.85","524.35K","-0.77%"
"09/03/2004","12.95","13.45","13.45","12.85","1.46M","-1.52%"
"09/02/2004","13.15","12.90","13.40","12.85","1.52M","+2.73%"
"09/01/2004","12.80","12.90","13.05","12.75","375.79K","+0.00%"
"08/31/2004","12.80","12.90","13.10","12.75","565.41K","+0.39%"
"08/30/2004","12.75","12.50","12.90","12.50","636.06K","+2.82%"
"08/27/2004","12.40","12.50","12.50","12.25","229.22K","+1.22%"
"08/26/2004","12.25","12.40","12.50","12.20","313.05K","+0.00%"
"08/25/2004","12.25","12.10","12.35","12.10","187.72K","+0.82%"
"08/24/2004","12.15","12.15","12.35","12.05","198.50K","-0.41%"
"08/23/2004","12.20","12.45","12.45","12.15","240.56K","-0.41%"
"08/20/2004","12.25","12.55","12.55","12.15","214.19K","-2.78%"
"08/19/2004","12.60","12.70","12.75","12.55","246.96K","+0.40%"
"08/18/2004","12.55","12.75","12.85","12.50","225.76K","-1.18%"
"08/17/2004","12.70","12.65","12.85","12.65","267.83K","+0.00%"
"08/16/2004","12.70","12.75","12.85","12.60","281.19K","+0.00%"
"08/13/2004","12.70","12.75","12.85","12.60","281.19K","+0.00%"
"08/12/2004","12.70","12.95","13.10","12.60","479.55K","-1.55%"
"08/11/2004","12.90","13.35","13.65","12.75","1.38M","-2.64%"
"08/10/2004","13.25","12.95","13.50","12.80","890.82K","+2.32%"
"08/09/2004","12.95","12.85","13.05","12.70","377.19K","+0.00%"
"08/06/2004","12.95","13.05","13.20","12.85","458.45K","+0.00%"
"08/05/2004","12.95","12.95","13.05","12.90","264.84K","+0.39%"
"08/04/2004","12.90","13.30","13.30","12.80","282.99K","-1.53%"
"08/03/2004","13.10","13.30","13.40","13.05","590.79K","+0.38%"
"08/02/2004","13.05","12.65","13.20","12.65","419.11K","+1.95%"
"07/30/2004","12.80","12.90","13.20","12.75","389.67K","+0.00%"
"07/29/2004","12.80","12.75","12.95","12.75","264.25K","-0.39%"
"07/28/2004","12.85","13.10","13.20","12.85","240.14K","-1.91%"
"07/27/2004","13.10","13.15","13.20","12.85","611.76K","+0.00%"
"07/26/2004","13.10","12.90","13.30","12.85","528.29K","+1.95%"
"07/23/2004","12.85","13.35","13.35","12.75","673.92K","-3.38%"
"07/22/2004","13.30","13.90","13.90","13.20","807.95K","-0.75%"
"07/21/2004","13.40","13.30","13.60","13.25","804.50K","+1.90%"
"07/20/2004","13.15","13.60","13.70","13.15","1.43M","-2.59%"
"07/19/2004","13.50","13.50","13.75","13.15","3.21M","+0.00%"
"07/16/2004","13.50","13.35","13.60","13.00","1.57M","+3.85%"
"07/15/2004","13.00","12.70","13.20","12.55","1.20M","+3.59%"
"07/14/2004","12.55","12.95","13.05","12.35","614.54K","-1.95%"
"07/13/2004","12.80","13.25","13.25","12.75","392.20K","-2.29%"
"07/12/2004","13.10","12.90","13.30","12.90","762.88K","+2.75%"
"07/09/2004","12.75","12.15","13.05","11.95","1.22M","+1.59%"
"07/08/2004","12.55","11.95","13.20","11.95","7.17M","+4.58%"
"07/07/2004","12.00","11.70","12.30","11.70","4.35M","+3.00%"
"07/06/2004","11.65","11.70","11.75","11.50","260.57K","+0.43%"
"07/05/2004","11.60","11.70","11.70","11.55","241.74K","-0.43%"
"07/02/2004","11.65","11.45","11.75","11.35","570.93K","+1.30%"
"07/01/2004","11.50","11.45","11.60","11.40","271.37K","+0.00%"
"06/30/2004","11.50","11.85","11.90","11.45","220.26K","-2.54%"
"06/29/2004","11.80","11.95","12.10","11.65","346.38K","-1.26%"
"06/28/2004","11.95","12.05","12.25","11.95","533.59K","+0.84%"
"06/25/2004","11.85","11.15","11.90","11.15","612.68K","+5.80%"
"06/24/2004","11.20","11.25","11.30","11.00","266.12K","-0.44%"
"06/23/2004","11.25","11.50","11.60","11.15","233.13K","+9.76%"
"05/21/2004","10.25","10.45","10.45","9.95","353.78K","-1.44%"
"05/20/2004","10.40","10.70","11.35","10.35","539.12K","+0.48%"
"05/19/2004","10.35","10.10","10.45","9.95","547.55K","+6.15%"
"05/18/2004","9.75","9.75","10.15","9.55","737.68K","+0.52%"
"05/17/2004","9.70","9.75","9.90","8.95","615.75K","-3.48%"
"05/14/2004","10.05","11.45","11.70","9.95","902.59K","-10.67%"
"05/13/2004","11.25","10.20","11.40","10.20","620.81K","+1.81%"
"05/12/2004","11.05","11.40","11.40","10.95","419.27K","-0.90%"
"05/11/2004","11.15","11.75","11.75","11.00","606.15K","-5.11%"
"05/10/2004","11.75","11.35","11.95","11.35","919.00K","+1.73%"
"05/07/2004","11.55","11.50","11.65","11.20","631.67K","+0.00%"
"05/06/2004","11.55","11.25","11.60","11.15","486.29K","+4.05%"
"05/05/2004","11.10","11.10","11.30","10.95","737.58K","+1.37%"
"05/04/2004","10.95","11.40","11.55","10.95","535.96K","-3.10%"
"05/03/2004","11.30","10.95","11.40","10.85","637.92K","+1.80%"
"04/30/2004","11.10","11.10","11.30","11.05","365.52K","-0.89%"
"04/29/2004","11.20","11.00","11.35","10.85","590.02K","+3.70%"
"04/28/2004","10.80","10.20","11.15","10.20","850.73K","+0.00%"
"04/27/2004","10.80","10.95","11.20","10.75","644.39K","-5.68%"
"04/23/2004","11.45","11.50","11.70","11.40","549.09K","+0.44%"
"04/22/2004","11.40","11.45","12.00","11.30","1.65M","+0.00%"
"04/21/2004","11.40","11.35","11.65","11.35","548.24K","+0.00%"
"04/20/2004","11.40","11.35","11.50","11.10","492.89K","+1.33%"
"04/19/2004","11.25","11.55","11.85","11.15","542.99K","-0.88%"
"04/16/2004","11.35","11.15","11.65","11.15","501.91K","+0.00%"
"04/15/2004","11.35","11.55","11.65","11.35","615.75K","-1.30%"
"04/13/2004","11.50","11.95","12.00","11.35","1.20M","-2.54%"
"04/12/2004","11.80","12.10","12.35","11.35","2.48M","-0.42%"
"04/08/2004","11.85","11.20","11.95","11.15","1.13M","+5.33%"
"04/07/2004","11.25","11.45","11.50","11.15","423.08K","-1.32%"
"04/06/2004","11.40","11.65","11.65","11.10","828.10K","-0.87%"
"04/05/2004","11.50","11.10","11.75","10.90","1.24M","+6.98%"
"04/02/2004","10.75","10.75","11.00","10.50","439.06K","+1.42%"
"04/01/2004","10.60","10.25","10.70","10.15","557.03K","+7.07%"
"03/31/2004","9.90","9.65","10.15","9.50","664.75K","+1.54%"
"03/30/2004","9.75","9.60","10.05","9.60","671.77K","+2.63%"
"03/29/2004","9.50","10.50","10.50","8.95","554.82K","-4.52%"
"03/26/2004","9.95","9.55","10.45","9.35","1.07M","+5.85%"
"03/25/2004","9.40","9.40","9.50","9.20","540.36K","+2.73%"
"03/24/2004","9.15","9.35","9.50","9.05","542.32K","-0.54%"
"03/23/2004","9.20","9.05","9.65","9.05","764.59K","-5.64%"
"03/22/2004","9.75","9.60","9.90","9.50","341.25K","-2.99%"
"03/19/2004","10.05","9.55","10.10","9.25","498.01K","+5.24%"
"03/18/2004","9.55","9.95","9.95","9.55","238.82K","-2.55%"
"03/17/2004","9.80","9.90","10.25","9.70","365.03K","+1.03%"
"03/16/2004","9.70","10.05","10.10","9.65","358.25K","-2.51%"
"03/15/2004","9.95","10.65","10.70","9.95","326.10K","-4.33%"
"03/12/2004","10.40","10.45","10.50","10.15","273.62K","+0.48%"
"03/11/2004","10.35","10.65","10.90","10.25","278.09K","-2.36%"
"03/10/2004","10.60","10.35","10.75","10.35","251.32K","+0.00%"
"03/09/2004","10.60","10.75","10.85","10.55","237.37K","-3.20%"
"03/08/2004","10.95","11.00","11.05","10.65","372.50K","+1.39%"
"03/05/2004","10.80","11.10","11.15","10.70","306.25K","-2.26%"
"03/04/2004","11.05","10.85","11.20","10.75","1.01M","+3.27%"
"03/03/2004","10.70","10.15","10.90","10.15","738.76K","+4.39%"
"03/01/2004","10.25","10.25","10.35","10.20","405.54K","+0.99%"
"02/27/2004","10.15","10.45","10.55","10.05","365.57K","-1.93%"
"02/26/2004","10.35","10.40","10.60","10.15","583.88K","-0.48%"
"02/25/2004","10.40","10.55","10.65","10.35","346.48K","-0.48%"
"02/24/2004","10.45","10.50","10.55","10.20","394.88K","+0.00%"
"02/23/2004","10.45","10.85","10.90","10.35","430.19K","-2.79%"
"02/20/2004","10.75","10.90","11.00","10.65","488.96K","-1.38%"
"02/19/2004","10.90","11.25","11.30","10.85","663.79K","-3.11%"
"02/18/2004","11.25","11.15","11.60","10.95","934.78K","+1.81%"
"02/17/2004","11.05","11.35","11.45","10.95","551.50K","-2.64%"
"02/16/2004","11.35","11.55","11.65","11.30","1.19M","+0.00%"
"02/13/2004","11.35","10.70","11.80","10.55","1.83M","+6.07%"
"02/12/2004","10.70","10.75","10.95","10.60","616.23K","+0.00%"
"02/11/2004","10.70","10.95","10.95","10.55","574.51K","-0.47%"
"02/10/2004","10.75","11.00","11.00","10.65","784.68K","-0.46%"
"02/09/2004","10.80","10.60","10.95","10.50","832.63K","+4.35%"
"02/06/2004","10.35","10.65","10.95","10.15","1.58M","-1.43%"
"02/05/2004","10.50","11.40","11.40","10.45","1.10M","-6.25%"
"02/04/2004","11.20","10.90","11.30","10.65","793.39K","+3.70%"
"02/03/2004","10.80","11.55","11.55","10.75","649.70K","-4.85%"
"01/30/2004","11.35","12.10","12.10","11.30","724.27K","-1.30%"
"01/29/2004","11.50","14.30","14.30","11.40","1.07M","-4.17%"
"01/28/2004","12.00","11.75","12.60","11.75","787.18K","-4.76%"
"01/27/2004","12.60","11.75","12.90","11.10","1.07M","-0.79%"
"01/23/2004","12.70","10.80","12.95","10.80","2.04M","+17.59%"
"01/22/2004","10.80","11.40","12.20","10.65","1.49M","-6.49%"
"01/21/2004","11.55","12.15","13.50","11.35","1.43M","-14.13%"
"01/20/2004","13.45","13.15","14.75","13.15","1.01M","-3.58%"
"01/19/2004","13.95","14.10","14.70","13.75","1.07M","-2.79%"
"01/16/2004","14.35","14.10","15.50","13.95","2.40M","-4.97%"
"01/15/2004","15.10","16.25","16.80","14.90","6.82M","-6.50%"
"01/14/2004","16.15","14.70","16.70","14.60","3.89M","+10.24%"
"01/13/2004","14.65","13.50","15.00","13.50","719.36K","+1.38%"
"01/12/2004","14.45","15.10","15.15","14.35","536.82K","-3.67%"
"01/09/2004","15.00","14.75","15.95","14.75","777.63K","-3.54%"
"01/08/2004","15.55","14.50","16.05","14.50","752.98K","-0.32%"
"01/07/2004","15.60","15.10","16.55","15.00","1.68M","-4.00%"
"01/06/2004","16.25","15.55","16.80","15.55","4.35M","+3.50%"
"01/05/2004","15.70","14.70","15.85","14.70","1.42M","+0.32%"
"01/02/2004","15.65","14.70","16.30","14.70","1.21M","-2.49%"
"01/01/2004","16.05","16.30","16.65","15.95","1.53M","-1.83%"
"12/31/2003","16.35","15.50","16.50","15.15","4.44M","+5.48%"
"12/30/2003","15.50","15.55","16.20","14.75","4.67M","+0.00%"
"12/29/2003","15.50","14.90","15.80","14.90","5.59M","+6.16%"
"12/26/2003","14.60","12.75","14.90","12.75","4.40M","+7.35%"
"12/24/2003","13.60","13.60","13.85","13.40","859.93K","+1.12%"
"12/23/2003","13.45","13.00","14.15","13.00","3.58M","-1.10%"
"12/22/2003","13.60","13.40","14.00","13.40","2.65M","+1.87%"
"12/19/2003","13.35","12.95","13.50","12.95","2.72M","+4.71%"
"12/18/2003","12.75","12.25","12.95","12.25","1.24M","+3.66%"
"12/17/2003","12.30","12.75","12.90","12.25","828.78K","-2.38%"
"12/16/2003","12.60","12.05","12.95","11.85","2.08M","+4.13%"
"12/15/2003","12.10","12.00","12.40","12.00","645.50K","-0.41%"
"12/12/2003","12.15","12.05","12.35","11.85","621.55K","+0.83%"
"12/11/2003","12.05","12.05","12.30","11.95","506.26K","-0.82%"
"12/10/2003","12.15","12.30","12.35","12.05","529.85K","-0.41%"
"12/09/2003","12.20","12.35","12.45","12.00","768.47K","+0.83%"
"12/08/2003","12.10","12.05","12.25","11.80","536.25K","+0.83%"
"12/05/2003","12.00","12.35","12.50","11.85","1.04M","+0.42%"
"12/04/2003","11.95","11.95","12.45","11.85","843.22K","-1.24%"
"12/03/2003","12.10","11.75","12.45","11.75","816.68K","+2.11%"
"12/02/2003","11.85","10.75","12.25","10.75","458.99K","-0.84%"
"12/01/2003","11.95","12.15","12.45","11.90","574.28K","-2.05%"
"11/28/2003","12.20","12.65","12.65","12.00","494.89K","-2.79%"
"11/27/2003","12.55","12.55","12.65","12.45","672.24K","+0.80%"
"11/25/2003","12.45","12.35","12.90","12.15","1.48M","+2.89%"
"11/24/2003","12.10","12.05","12.20","11.90","632.42K","+1.68%"
"11/21/2003","11.90","11.35","12.20","11.35","793.22K","-1.24%"
"11/20/2003","12.05","12.50","12.65","12.00","1.03M","-4.37%"
"11/19/2003","12.60","12.95","13.50","12.45","3.33M","-3.45%"
"11/18/2003","13.05","11.55","13.20","11.55","3.32M","+8.75%"
"11/17/2003","12.00","12.30","12.30","11.75","599.12K","+2.56%"
"11/14/2003","11.70","12.50","12.55","11.65","1.10M","-6.40%"
"11/13/2003","12.50","12.30","13.10","12.25","4.51M","+3.31%"
"11/12/2003","12.10","11.85","12.55","11.80","2.63M","+3.42%"
"11/11/2003","11.70","11.65","12.55","11.60","1.74M","+1.74%"
"11/10/2003","11.50","11.50","11.75","11.25","912.88K","+1.32%"
"11/07/2003","11.35","10.95","11.45","10.45","1.79M","+4.13%"
"11/06/2003","10.90","10.15","11.05","10.15","787.88K","+4.31%"
"11/05/2003","10.45","10.20","10.75","10.10","851.50K","+1.95%"
"11/04/2003","10.25","9.75","10.40","9.75","935.03K","+5.13%"
"11/03/2003","9.75","9.45","10.35","9.45","636.16K","-4.41%"
"10/31/2003","10.20","10.30","10.55","10.05","528.34K","-1.45%"
"10/30/2003","10.35","9.15","10.50","9.15","223.21K","+1.97%"
"10/29/2003","10.15","10.45","10.75","10.00","355.29K","-4.69%"
"10/28/2003","10.65","10.40","10.85","10.40","848.51K","+0.95%"
"10/27/2003","10.55","10.35","10.90","10.15","823.48K","+1.93%"
"10/24/2003","10.35","9.20","10.75","9.20","661.89K","+10.11%"
"10/23/2003","9.40","8.95","9.70","8.95","334.20K","+1.62%"
"10/22/2003","9.25","8.35","9.55","8.35","292.35K","-1.60%"
"10/21/2003","9.40","8.75","9.85","8.75","360.40K","-3.59%"
"10/20/2003","9.75","10.00","10.30","9.75","351.02K","-2.99%"
"10/17/2003","10.05","10.15","10.50","10.00","436.20K","-2.43%"
"10/16/2003","10.30","9.35","10.60","9.35","386.69K","+0.98%"
"10/15/2003","10.20","9.55","10.75","9.55","519.71K","-3.32%"
"10/14/2003","10.55","10.90","11.05","10.45","546.96K","-4.09%"
"10/13/2003","11.00","10.65","11.20","10.55","927.72K","+3.29%"
"10/10/2003","10.65","11.15","11.15","10.55","608.42K","-3.18%"
"10/09/2003","11.00","10.65","11.35","10.65","1.03M","+1.85%"
"10/08/2003","10.80","10.35","11.00","10.35","326.85K","-1.37%"
"10/07/2003","10.95","10.15","11.10","10.15","471.69K","+0.00%"
"10/06/2003","10.95","9.95","11.35","9.95","404.13K","+0.46%"
"10/03/2003","10.90","11.50","11.50","10.75","369.80K","-1.80%"
"10/01/2003","11.10","10.75","11.75","10.75","576.33K","+1.37%"
"09/30/2003","10.95","10.15","11.15","10.15","392.59K","+0.92%"
"09/29/2003","10.85","10.75","11.05","10.70","359.40K","-0.91%"
"09/26/2003","10.95","10.35","11.30","10.35","513.42K","+1.39%"
"09/25/2003","10.80","10.55","11.05","10.55","247.31K","-1.82%"
"09/24/2003","11.00","10.45","11.35","10.45","478.49K","+0.92%"
"09/23/2003","10.90","9.75","11.00","9.75","249.10K","+1.87%"
"09/22/2003","10.70","10.80","11.05","10.65","180.96K","-1.83%"
"09/19/2003","10.90","11.30","11.40","10.65","419.77K","-3.11%"
"09/18/2003","11.25","11.15","11.75","11.15","888.95K","+0.90%"
"09/17/2003","11.15","10.95","11.30","10.95","354.77K","+2.29%"
"09/16/2003","10.90","10.45","11.05","10.45","299.44K","+1.87%"
"09/15/2003","10.70","10.55","11.25","10.55","337.70K","-3.60%"
"09/12/2003","11.10","10.95","11.85","10.55","905.77K","-3.90%"
"09/11/2003","11.55","10.95","11.85","10.95","390.75K","-0.43%"
"09/10/2003","11.60","12.35","12.35","11.50","783.47K","-5.69%"
"09/09/2003","12.30","11.95","12.45","11.95","2.95M","+4.68%"
"09/08/2003","11.75","10.75","11.95","10.75","1.44M","+2.17%"
"09/05/2003","11.50","10.55","11.75","10.55","619.77K","-2.13%"
"09/04/2003","11.75","12.00","12.25","11.15","1.26M","-1.67%"
"09/03/2003","11.95","11.95","12.70","11.70","4.43M","+2.14%"
"09/02/2003","11.70","11.05","12.30","11.05","2.61M","+5.88%"
"09/01/2003","11.05","11.35","11.75","10.95","1.30M","-1.78%"
"08/29/2003","11.25","11.15","11.80","11.15","1.99M","+1.81%"
"08/28/2003","11.05","12.00","12.00","10.95","1.39M","-5.96%"
"08/27/2003","11.75","10.55","12.05","10.45","5.78M","+14.08%"
"08/26/2003","10.30","8.80","10.40","8.80","2.05M","+9.57%"
"08/25/2003","9.40","10.00","10.35","8.55","1.31M","-6.00%"
"08/22/2003","10.00","8.55","10.55","8.55","1.94M","+9.29%"
"08/21/2003","9.15","9.20","9.40","9.10","471.59K","-1.08%"
"08/20/2003","9.25","9.45","9.70","9.15","632.42K","-0.54%"
"08/19/2003","9.30","9.90","10.20","9.00","1.03M","-6.53%"
"08/18/2003","9.95","9.85","10.35","9.80","1.42M","+2.58%"
"08/14/2003","9.70","9.15","10.05","9.10","4.00M","+8.99%"
"08/13/2003","8.90","9.05","9.30","8.75","1.16M","+1.71%"
"08/12/2003","8.75","9.15","9.55","8.65","1.60M","-3.31%"
"08/11/2003","9.05","8.55","9.25","8.40","1.70M","+5.85%"
"08/08/2003","8.55","8.95","9.35","8.45","1.28M","-5.00%"
"08/07/2003","9.00","9.25","9.45","8.75","3.41M","-0.55%"
"08/06/2003","9.05","7.05","9.20","7.05","3.05M","+18.30%"
"08/05/2003","7.65","6.95","7.95","6.95","411.44K","+1.32%"
"08/04/2003","7.55","7.55","7.75","7.50","342.12K","-1.95%"
"08/01/2003","7.70","6.35","7.75","6.35","570.71K","+6.21%"
"07/31/2003","7.25","7.60","7.70","7.15","629.40K","-6.45%"
"07/30/2003","7.75","7.60","7.90","7.60","243.94K","+1.31%"
"07/29/2003","7.65","7.60","7.75","7.60","178.98K","-1.29%"
"07/28/2003","7.75","7.60","8.10","7.60","288.93K","-3.13%"
"07/25/2003","8.00","7.75","8.10","7.75","234.94K","+1.27%"
"07/24/2003","7.90","7.80","8.20","7.80","157.30K","-0.63%"
"07/23/2003","7.95","7.95","8.35","7.95","187.44K","-2.45%"
"07/22/2003","8.15","8.55","8.55","8.00","361.48K","+0.00%"
"07/21/2003","8.15","7.95","8.85","7.95","269.94K","-5.23%"
"07/18/2003","8.60","7.55","8.80","7.55","945.00K","+10.97%"
"07/17/2003","7.75","7.40","7.95","7.40","134.84K","-1.90%"
"07/16/2003","7.90","7.55","7.95","7.55","167.26K","+3.95%"
"07/15/2003","7.60","7.00","8.15","7.00","140.62K","-2.56%"
"07/14/2003","7.80","7.85","8.15","7.75","152.29K","-1.89%"
"07/11/2003","7.95","7.80","8.00","7.80","225.98K","+0.63%"
"07/10/2003","7.90","7.15","8.00","7.15","173.26K","+0.00%"
"07/09/2003","7.90","7.75","8.25","7.75","200.68K","-1.25%"
"07/08/2003","8.00","7.75","8.70","7.75","309.00K","-6.43%"
"07/07/2003","8.55","8.55","8.95","8.55","158.71K","-3.93%"
"07/04/2003","8.90","8.65","9.15","8.65","320.10K","-0.56%"
"07/03/2003","8.95","8.35","9.75","8.35","581.07K","-0.56%"
"07/02/2003","9.00","7.75","9.15","7.75","915.74K","+7.14%"
"07/01/2003","8.40","8.60","8.85","8.35","228.32K","-4.00%"
"06/30/2003","8.75","8.65","8.90","8.35","656.27K","+0.00%"
"06/27/2003","8.75","8.45","9.30","8.30","725.13K","+8.02%"
"06/26/2003","8.10","7.85","8.25","7.85","723.99K","+2.53%"
"06/25/2003","7.90","7.85","7.95","7.85","280.41K","-0.63%"
"06/24/2003","7.95","7.90","8.00","7.90","332.06K","+0.63%"
"06/23/2003","7.90","7.90","7.95","7.90","277.02K","-0.63%"
"06/20/2003","7.95","7.90","7.95","7.85","311.02K","+0.00%"
"06/19/2003","7.95","7.90","8.00","7.85","197.71K","+0.63%"
"06/18/2003","7.90","8.00","8.00","7.75","158.68K","-1.25%"
"06/17/2003","8.00","7.95","8.00","7.90","285.60K","+0.00%"
"06/16/2003","8.00","7.95","8.00","7.95","369.81K","+0.63%"
"06/13/2003","7.95","8.00","8.15","7.65","358.46K","+0.00%"
"06/12/2003","7.95","8.00","8.00","7.90","406.92K","+0.00%"
"06/11/2003","7.95","7.95","8.00","7.90","152.08K","-0.62%"
"06/10/2003","8.00","8.00","8.00","7.95","203.72K","+0.00%"
"06/09/2003","8.00","7.95","8.05","7.95","191.38K","+0.63%"
"06/06/2003","7.95","8.05","8.05","7.90","180.90K","-0.62%"
"06/05/2003","8.00","7.90","8.00","7.90","298.69K","+0.63%"
"06/04/2003","7.95","7.95","8.00","7.85","326.53K","+0.00%"
"06/03/2003","7.95","7.80","8.00","7.80","331.81K","+0.00%"
"06/02/2003","7.95","7.75","8.00","7.75","1.47M","+1.92%"
"05/30/2003","7.80","7.65","7.85","7.65","325.44K","-3.70%"
"05/29/2003","8.10","8.15","8.15","8.05","188.55K","+0.62%"
"05/28/2003","8.05","7.95","8.10","7.95","257.86K","+1.26%"
"05/27/2003","7.95","8.00","8.10","7.90","209.53K","+0.00%"
"05/26/2003","7.95","7.75","8.00","7.75","474.44K","+2.58%"
"05/23/2003","7.75","7.75","7.80","7.70","194.94K","+0.00%"
"05/22/2003","7.75","7.65","7.75","7.65","299.15K","+0.65%"
"05/21/2003","7.70","7.70","7.70","7.65","126.81K","+0.65%"
"05/20/2003","7.65","7.60","7.70","7.60","101.91K","+0.00%"
"05/19/2003","7.65","7.25","7.70","7.25","206.14K","+1.32%"
"05/16/2003","7.55","7.55","7.60","7.55","110.50K","+0.00%"
"05/15/2003","7.55","7.60","7.65","7.55","162.91K","+0.00%"
"05/14/2003","7.55","7.50","7.95","7.50","213.47K","+0.00%"
"05/13/2003","7.55","7.60","7.60","7.55","127.94K","+0.00%"
"05/12/2003","7.55","7.45","7.60","7.45","221.41K","+1.34%"
"05/09/2003","7.45","7.35","7.50","7.35","161.22K","+0.00%"
"05/08/2003","7.45","7.45","7.50","7.35","217.72K","+0.00%"
"05/07/2003","7.45","7.40","7.50","7.40","124.56K","+0.00%"
"05/06/2003","7.45","6.15","7.50","6.15","229.93K","+0.00%"
"05/05/2003","7.45","7.45","7.45","7.40","169.47K","+0.00%"
"05/02/2003","7.45","7.35","7.50","7.35","232.93K","+1.36%"
"04/30/2003","7.35","7.35","7.40","7.35","197.97K","+0.00%"
"04/29/2003","7.35","7.25","7.40","7.20","278.73K","+1.38%"
"04/28/2003","7.25","7.30","7.35","7.25","129.97K","-1.36%"
"04/25/2003","7.35","7.25","7.35","7.25","245.09K","+1.38%"
"04/24/2003","7.25","7.30","7.35","7.25","105.09K","-0.68%"
"04/23/2003","7.30","7.25","7.40","7.20","165.10K","+0.69%"
"04/22/2003","7.25","7.25","7.30","7.25","116.12K","-0.68%"
"04/21/2003","7.30","7.20","7.30","7.10","172.50K","+2.10%"
"04/17/2003","7.15","7.10","7.20","7.10","236.25K","+0.00%"
"04/16/2003","7.15","7.05","7.15","7.05","440.01K","+1.42%"
"04/15/2003","7.05","6.80","7.10","6.80","186.15K","+2.17%"
"04/11/2003","6.90","6.85","6.90","6.85","62.22K","+0.73%"
"04/10/2003","6.85","6.85","6.90","6.85","101.89K","+0.00%"
"04/09/2003","6.85","6.95","6.95","6.80","139.65K","+0.00%"
"04/08/2003","6.85","6.70","6.85","6.70","492.88K","+0.74%"
"04/07/2003","6.80","6.75","6.80","6.65","68.31K","+0.00%"
"04/04/2003","6.80","6.85","6.85","6.75","46.51K","+0.74%"
"04/03/2003","6.75","6.80","6.80","6.70","29.36K","+0.00%"
"04/02/2003","6.75","6.70","6.80","6.70","47.09K","+0.00%"
"04/01/2003","6.75","6.65","6.75","6.65","43.55K","+1.50%"
"03/31/2003","6.65","6.65","6.70","6.65","106.53K","+0.00%"
"03/28/2003","6.65","6.65","6.70","6.65","77.39K","+0.00%"
"03/27/2003","6.65","6.65","6.70","6.65","68.81K","+0.00%"
"03/26/2003","6.65","6.60","6.70","6.60","299.32K","+0.00%"
"03/25/2003","6.65","6.40","6.65","6.40","181.71K","+0.00%"
"03/24/2003","6.65","6.45","6.65","6.45","238.63K","+1.53%"
"03/21/2003","6.55","6.55","6.60","6.55","72.69K","+0.00%"
"03/20/2003","6.55","6.50","6.60","6.50","90.91K","+0.00%"
"03/19/2003","6.55","6.35","6.60","6.35","117.43K","+0.00%"
"03/17/2003","6.55","6.45","6.60","6.45","201.88K","+1.55%"
"03/13/2003","6.45","6.45","6.50","6.45","259.48K","+0.00%"
"03/12/2003","6.45","6.45","6.50","6.45","107.28K","+0.00%"
"03/11/2003","6.45","6.40","6.45","6.40","155.47K","+0.00%"
"03/10/2003","6.45","6.45","6.50","6.45","163.12K","+0.00%"
"03/07/2003","6.45","6.45","6.50","6.45","119.83K","-1.53%"
"03/06/2003","6.55","6.45","6.55","6.45","209.44K","+1.55%"
"03/05/2003","6.45","6.45","6.45","6.45","114.11K","-0.77%"
"03/04/2003","6.50","6.45","6.50","6.45","142.50K","+0.78%"
"03/03/2003","6.45","6.55","6.55","6.40","90.97K","+0.00%"
"02/28/2003","6.45","6.40","6.50","6.40","191.29K","+0.00%"
"02/27/2003","6.45","6.45","6.45","6.40","100.09K","+0.00%"
"02/26/2003","6.45","6.40","6.50","6.40","186.14K","+0.00%"
"02/25/2003","6.45","6.55","6.65","6.40","139.49K","+0.00%"
"02/24/2003","6.45","6.40","6.45","6.40","215.91K","+0.00%"
"02/21/2003","6.45","6.40","6.45","6.35","170.22K","+0.00%"
"02/20/2003","6.45","6.40","6.50","6.30","127.39K","+1.57%"
"02/19/2003","6.35","6.35","6.40","6.30","104.28K","-0.78%"
"02/18/2003","6.40","6.05","6.50","6.05","142.75K","+0.79%"
"02/17/2003","6.35","6.15","6.40","6.15","204.56K","+1.60%"
"02/14/2003","6.25","6.15","6.25","6.15","159.07K","+1.63%"
"02/12/2003","6.15","6.30","6.30","6.10","244.66K","-1.60%"
"02/11/2003","6.25","6.10","6.30","6.10","235.21K","+1.63%"
"02/10/2003","6.15","6.10","6.20","6.05","211.06K","+0.00%"
"02/07/2003","6.15","6.05","6.25","6.05","120.05K","+1.65%"
"02/06/2003","6.05","6.05","6.05","6.05","182.56K","+0.00%"
"02/05/2003","6.05","6.00","6.05","6.00","98.20K","+0.00%"
"02/04/2003","6.05","6.05","6.10","6.00","134.06K","+0.00%"
"02/03/2003","6.05","6.00","6.05","5.95","99.46K","+0.00%"
"01/31/2003","6.05","6.10","6.10","6.00","401.96K","+0.00%"
"01/30/2003","6.05","5.90","6.10","5.90","114.95K","+0.00%"
"01/29/2003","6.05","6.00","6.10","6.00","261.32K","+0.00%"
"01/28/2003","6.05","6.00","6.05","5.95","245.56K","+0.00%"
"01/27/2003","6.05","5.95","6.10","5.85","408.23K","+0.00%"
