"Date","Price","Open","High","Low","Vol.","Change %"
"07/13/2026","13695.00","13682.00","13841.00","13536.00","458.63K","-1.15%"
"07/10/2026","13854.00","13800.00","13987.00","13776.00","430.15K","+0.92%"
"07/09/2026","13728.00","14000.00","14037.00","13700.00","576.45K","-1.60%"
"07/08/2026","13951.00","14475.00","14500.00","13880.00","481.08K","-4.04%"
"07/07/2026","14538.00","14463.00","14598.00","14414.00","524.76K","+0.57%"
"07/06/2026","14456.00","14348.00","14526.00","14291.00","214.69K","+0.63%"
"07/03/2026","14366.00","14450.00","14520.00","14333.00","384.19K","+0.13%"
"07/02/2026","14348.00","14431.00","14490.00","14275.00","327.09K","-0.33%"
"07/01/2026","14395.00","14151.00","14549.00","14070.00","1.40M","+1.98%"
"06/30/2026","14115.00","13744.00","14201.00","13510.00","1.51M","+5.24%"
"06/29/2026","13412.00","13740.00","13840.00","13371.00","1.36M","-2.42%"
"06/25/2026","13745.00","13358.00","13917.00","13326.00","981.56K","+3.75%"
"06/24/2026","13248.00","13440.00","13440.00","13201.00","327.50K","-1.51%"
"06/23/2026","13451.00","13420.00","13549.00","13236.00","398.56K","+0.22%"
"06/22/2026","13421.00","13450.00","13495.00","13380.00","254.53K","+0.19%"
"06/19/2026","13395.00","13484.00","13507.00","13353.00","719.76K","-0.66%"
"06/18/2026","13484.00","13646.00","13714.00","13433.00","373.51K","-1.07%"
"06/17/2026","13630.00","13700.00","13740.00","13560.00","241.53K","-0.45%"
"06/16/2026","13691.00","13861.00","13874.00","13661.00","280.51K","-0.83%"
"06/15/2026","13805.00","13550.00","13961.00","13520.00","613.28K","+3.28%"
"06/12/2026","13366.00","13232.00","13418.00","13130.00","559.04K","+2.05%"
"06/11/2026","13098.00","13070.00","13217.00","12968.00","308.71K","+0.19%"
"06/10/2026","13073.00","13118.00","13205.00","13050.00","203.88K","-0.36%"
"06/09/2026","13120.00","13079.00","13157.00","12851.00","428.32K","+1.61%"
"06/08/2026","12912.00","12900.00","13029.00","12841.00","372.90K","-1.06%"
"06/05/2026","13050.00","13151.00","13175.00","12915.00","295.70K","-0.11%"
"06/04/2026","13064.00","12990.00","13264.00","12949.00","465.07K","+0.15%"
"06/03/2026","13044.00","13014.00","13206.00","12911.00","607.81K","+0.17%"
"06/02/2026","13022.00","12700.00","13051.00","12700.00","586.60K","+0.59%"
"06/01/2026","12946.00","13200.00","13267.00","12913.00","295.36K","-1.38%"
"05/29/2026","13127.00","13456.00","13508.00","13050.00","963.29K","-1.77%"
"05/27/2026","13364.00","13208.00","13417.00","13102.00","322.02K","+1.18%"
"05/26/2026","13208.00","13188.00","13329.00","13134.00","256.90K","+0.29%"
"05/25/2026","13170.00","13145.00","13236.00","13101.00","276.55K","+1.41%"
"05/22/2026","12987.00","13100.00","13152.00","12974.00","387.98K","-0.18%"
"05/21/2026","13010.00","13103.00","13150.00","12933.00","213.09K","+0.05%"
"05/20/2026","13003.00","12850.00","13072.00","12753.00","300.69K","+0.36%"
"05/19/2026","12956.00","13034.00","13104.00","12900.00","342.74K","-0.46%"
"05/18/2026","13016.00","13127.00","13139.00","12850.00","373.18K","-1.55%"
"05/15/2026","13221.00","13079.00","13325.00","13079.00","268.21K","+1.12%"
"05/14/2026","13075.00","13234.00","13234.00","12926.00","286.65K","-0.21%"
"05/13/2026","13103.00","13187.00","13285.00","12986.00","307.03K","-0.52%"
"05/12/2026","13172.00","13442.00","13455.00","13150.00","302.51K","-2.31%"
"05/11/2026","13483.00","13547.00","13657.00","13231.00","634.35K","-1.77%"
"05/08/2026","13726.00","13672.00","13789.00","13626.00","270.50K","-0.32%"
"05/07/2026","13770.00","13722.00","13870.00","13672.00","726.20K","+0.35%"
"05/06/2026","13722.00","13555.00","13762.00","13379.00","435.21K","+2.20%"
"05/05/2026","13426.00","13560.00","13568.00","13360.00","419.49K","-1.13%"
"05/04/2026","13580.00","13559.00","13976.00","13435.00","722.13K","+2.00%"
"04/30/2026","13314.00","13134.00","13360.00","12970.00","612.98K","+0.43%"
"04/29/2026","13257.00","13090.00","13548.00","13090.00","754.80K","+2.83%"
"04/28/2026","12892.00","13222.00","13307.00","12828.00","836.68K","-2.50%"
"04/27/2026","13222.00","13153.00","13270.00","13043.00","312.79K","+1.33%"
"04/24/2026","13048.00","13200.00","13253.00","12978.00","464.10K","-0.85%"
"04/23/2026","13160.00","13250.00","13358.00","13125.00","541.09K","-1.33%"
"04/22/2026","13337.00","13452.00","13530.00","13300.00","434.64K","-0.92%"
"04/21/2026","13461.00","13456.00","13543.00","13421.00","292.88K","+0.08%"
"04/20/2026","13450.00","13474.00","13533.00","13329.00","348.63K","-0.02%"
"04/17/2026","13453.00","13300.00","13647.00","13256.00","549.31K","+0.88%"
"04/16/2026","13335.00","13380.00","13435.00","13237.00","527.31K","+0.35%"
"04/15/2026","13289.00","13250.00","13473.00","13200.00","699.46K","+1.63%"
"04/13/2026","13076.00","13402.00","13420.00","12966.00","1.35M","-4.62%"
"04/10/2026","13709.00","13650.00","13797.00","13590.00","471.92K","+0.88%"
"04/09/2026","13589.00","13570.00","13773.00","13330.00","549.91K","-0.10%"
"04/08/2026","13602.00","13350.00","13745.00","13210.00","1.03M","+6.28%"
"04/07/2026","12798.00","12640.00","12835.00","12496.00","359.54K","+0.87%"
"04/06/2026","12688.00","12631.00","12720.00","12420.00","382.65K","+0.45%"
"04/02/2026","12631.00","12389.00","12673.00","12239.00","438.23K","+0.98%"
"04/01/2026","12509.00","12900.00","12900.00","12333.00","501.88K","+1.65%"
"03/30/2026","12306.00","12300.00","12424.00","12201.00","635.67K","-0.67%"
"03/27/2026","12389.00","12626.00","12646.00","12342.00","775.34K","-2.53%"
"03/25/2026","12711.00","12549.00","12780.00","12506.00","540.65K","+1.98%"
"03/24/2026","12464.00","12600.00","12650.00","12332.00","583.57K","+0.88%"
"03/23/2026","12355.00","12501.00","12501.00","12278.00","517.99K","-1.95%"
"03/20/2026","12601.00","12605.00","12756.00","12556.00","725.48K","+0.02%"
"03/19/2026","12599.00","12768.00","12838.00","12505.00","569.35K","-3.44%"
"03/18/2026","13048.00","13100.00","13176.00","13015.00","458.83K","+0.59%"
"03/17/2026","12972.00","12790.00","13100.00","12686.00","1.18M","+1.69%"
"03/16/2026","12757.00","12532.00","12874.00","12400.00","1.42M","+1.32%"
"03/13/2026","12591.00","12899.00","12962.00","12483.00","939.59K","-3.23%"
"03/12/2026","13011.00","13430.00","13430.00","12966.00","544.68K","-3.60%"
"03/11/2026","13497.00","13850.00","13948.00","13441.00","392.18K","-2.67%"
"03/10/2026","13867.00","13721.00","13909.00","13505.00","353.71K","+2.66%"
"03/09/2026","13508.00","13800.00","13800.00","13365.00","676.22K","-4.60%"
"03/06/2026","14159.00","14339.00","14466.00","14115.00","390.63K","-1.78%"
"03/05/2026","14415.00","14300.00","14570.00","14081.00","448.65K","+1.82%"
"03/04/2026","14158.00","14150.00","14184.00","13794.00","710.37K","-1.60%"
"03/02/2026","14388.00","14407.00","14684.00","14204.00","603.74K","-3.16%"
"02/27/2026","14857.00","15110.00","15192.00","14804.00","478.16K","-2.34%"
"02/26/2026","15213.00","15145.00","15224.00","15046.00","308.21K","+0.95%"
"02/25/2026","15070.00","14860.00","15133.00","14837.00","356.50K","+0.96%"
"02/24/2026","14926.00","15001.00","15062.00","14904.00","300.99K","-0.97%"
"02/23/2026","15072.00","15050.00","15118.00","14984.00","242.97K","+0.63%"
"02/20/2026","14977.00","14903.00","15077.00","14848.00","515.85K","+0.50%"
"02/19/2026","14903.00","15163.00","15279.00","14853.00","152.79K","-1.72%"
"02/18/2026","15164.00","15208.00","15239.00","15074.00","280.77K","-0.10%"
"02/17/2026","15179.00","15031.00","15211.00","14960.00","166.76K","+0.85%"
"02/16/2026","15051.00","15237.00","15299.00","14960.00","210.18K","-1.22%"
"02/13/2026","15237.00","15309.00","15434.00","15190.00","208.65K","-0.58%"
"02/12/2026","15326.00","15459.00","15459.00","15265.00","201.90K","-0.56%"
"02/11/2026","15412.00","15180.00","15432.00","15174.00","360.74K","+1.76%"
"02/10/2026","15146.00","14999.00","15349.00","14983.00","360.24K","+1.12%"
"02/09/2026","14978.00","15125.00","15126.00","14905.00","200.03K","-0.13%"
"02/06/2026","14997.00","15084.00","15118.00","14871.00","276.53K","-0.41%"
"02/05/2026","15059.00","15090.00","15150.00","14900.00","374.76K","-0.08%"
"02/04/2026","15071.00","14800.00","15170.00","14723.00","451.06K","+1.96%"
"02/03/2026","14782.00","15200.00","15281.00","14482.00","638.87K","+2.77%"
"02/02/2026","14384.00","14251.00","14446.00","14058.00","621.51K","+1.30%"
"02/01/2026","14199.00","14650.00","14796.00","14136.00","393.68K","-2.74%"
"01/30/2026","14599.00","14502.00","14679.00","14300.00","946.51K","+0.67%"
"01/29/2026","14502.00","14870.00","14870.00","14353.00","716.54K","-2.52%"
"01/28/2026","14877.00","15161.00","15294.00","14431.00","1.58M","-2.41%"
"01/27/2026","15245.00","15300.00","15387.00","15013.00","565.77K","-1.45%"
"01/23/2026","15469.00","15819.00","15846.00","15439.00","338.67K","-1.88%"
"01/22/2026","15765.00","15950.00","15971.00","15714.00","352.32K","-0.03%"
"01/21/2026","15770.00","15675.00","15973.00","15675.00","345.74K","-0.69%"
"01/20/2026","15879.00","16200.00","16233.00","15850.00","289.61K","-1.84%"
"01/19/2026","16176.00","15859.00","16242.00","15813.00","385.14K","+2.00%"
"01/16/2026","15859.00","16000.00","16197.00","15770.00","703.06K","-1.81%"
"01/14/2026","16152.00","16390.00","16412.00","16090.00","240.04K","-1.67%"
"01/13/2026","16426.00","16662.00","16726.00","16293.00","312.20K","-0.94%"
"01/12/2026","16582.00","16456.00","16615.00","16271.00","288.69K","+0.49%"
"01/09/2026","16501.00","16663.00","16704.00","16417.00","286.30K","-0.98%"
"01/08/2026","16664.00","16808.00","16808.00","16541.00","238.42K","-0.86%"
"01/07/2026","16809.00","17230.00","17249.00","16524.00","427.98K","-2.79%"
"01/06/2026","17292.00","17170.00","17306.00","17142.00","192.18K","+0.80%"
"01/05/2026","17155.00","17025.00","17370.00","16980.00","305.67K","+1.15%"
"01/02/2026","16960.00","16750.00","16999.00","16723.00","388.56K","+1.51%"
"01/01/2026","16708.00","16700.00","16798.00","16602.00","171.29K","+0.07%"
"12/31/2025","16697.00","16581.00","16776.00","16581.00","314.43K","+0.30%"
"12/30/2025","16647.00","16575.00","16818.00","16482.00","1.06M","+0.63%"
"12/29/2025","16542.00","16600.00","16682.00","16499.00","251.80K","-0.33%"
"12/26/2025","16596.00","16703.00","16703.00","16516.00","212.93K","-0.64%"
"12/24/2025","16703.00","16640.00","16720.00","16542.00","258.49K","+0.71%"
"12/23/2025","16585.00","16709.00","16720.00","16558.00","215.65K","-0.38%"
"12/22/2025","16649.00","16464.00","16693.00","16414.00","271.59K","+1.43%"
"12/19/2025","16414.00","16329.00","16475.00","16329.00","360.19K","+0.52%"
"12/18/2025","16329.00","16440.00","16486.00","16221.00","213.98K","-0.42%"
"12/17/2025","16398.00","16389.00","16490.00","16357.00","257.41K","+0.27%"
"12/16/2025","16354.00","16400.00","16451.00","16320.00","156.13K","-0.37%"
"12/15/2025","16415.00","16500.00","16500.00","16360.00","225.22K","-0.65%"
"12/12/2025","16522.00","16248.00","16536.00","16247.00","404.71K","+1.69%"
"12/11/2025","16248.00","16049.00","16296.00","15983.00","268.70K","+1.43%"
"12/10/2025","16019.00","16090.00","16125.00","15925.00","293.37K","-0.01%"
"12/09/2025","16020.00","16051.00","16226.00","15985.00","276.39K","-1.03%"
"12/08/2025","16187.00","16200.00","16256.00","16094.00","220.51K","-0.58%"
"12/05/2025","16282.00","16000.00","16338.00","15979.00","332.03K","+1.80%"
"12/04/2025","15994.00","16058.00","16135.00","15887.00","248.81K","-0.55%"
"12/03/2025","16082.00","16219.00","16248.00","16010.00","264.40K","-0.97%"
"12/02/2025","16239.00","16127.00","16261.00","16095.00","383.17K","+0.88%"
"12/01/2025","16097.00","15975.00","16177.00","15851.00","434.05K","+1.24%"
"11/28/2025","15900.00","15906.00","16049.00","15850.00","352.34K","-0.02%"
"11/27/2025","15903.00","16166.00","16171.00","15875.00","339.99K","-1.57%"
"11/26/2025","16156.00","15950.00","16210.00","15950.00","314.95K","+1.68%"
"11/25/2025","15889.00","15958.00","16050.00","15842.00","214.53K","-0.43%"
"11/24/2025","15958.00","16005.00","16085.00","15911.00","525.79K","-0.12%"
"11/21/2025","15977.00","15790.00","16150.00","15737.00","586.35K","+1.11%"
"11/20/2025","15801.00","15810.00","15823.00","15618.00","249.49K","+0.21%"
"11/19/2025","15768.00","15950.00","15950.00","15715.00","286.43K","-1.02%"
"11/18/2025","15930.00","15878.00","15999.00","15750.00","392.90K","+0.33%"
"11/17/2025","15878.00","15689.00","15892.00","15655.00","301.07K","+1.24%"
"11/14/2025","15684.00","15725.00","15735.00","15572.00","253.70K","-0.41%"
"11/13/2025","15749.00","15661.00","15800.00","15660.00","250.71K","+0.34%"
"11/12/2025","15696.00","15674.00","15731.00","15555.00","244.01K","+0.33%"
"11/11/2025","15645.00","15640.00","15680.00","15512.00","181.52K","+0.40%"
"11/10/2025","15583.00","15380.00","15647.00","15380.00","274.19K","+0.67%"
"11/07/2025","15479.00","15459.00","15499.00","15260.00","227.25K","+0.17%"
"11/06/2025","15452.00","15534.00","15534.00","15309.00","429.80K","+0.51%"
"11/04/2025","15374.00","15607.00","15633.00","15355.00","748.85K","-1.77%"
"11/03/2025","15651.00","16016.00","16100.00","15530.00","942.85K","-3.31%"
"10/31/2025","16186.00","16204.00","16516.00","15949.00","719.40K","-0.12%"
"10/30/2025","16206.00","16190.00","16275.00","16077.00","230.38K","+0.42%"
"10/29/2025","16138.00","16360.00","16428.00","16046.00","232.81K","-1.06%"
"10/28/2025","16311.00","16399.00","16495.00","16261.00","383.38K","-0.47%"
"10/27/2025","16388.00","16350.00","16410.00","16275.00","209.83K","+0.70%"
"10/24/2025","16274.00","16392.00","16423.00","16200.00","208.52K","-0.73%"
"10/23/2025","16393.00","16660.00","16660.00","16340.00","481.75K","-0.02%"
"10/21/2025","16396.00","16453.00","16476.00","16330.00","28.99K","-0.17%"
"10/20/2025","16424.00","16500.00","16518.00","16380.00","374.25K","+0.14%"
"10/17/2025","16401.00","16298.00","16549.00","16298.00","411.61K","+0.63%"
"10/16/2025","16298.00","16246.00","16332.00","16200.00","265.73K","+0.53%"
"10/15/2025","16212.00","16300.00","16380.00","16200.00","266.44K","-0.30%"
"10/14/2025","16261.00","16350.00","16350.00","16121.00","307.93K","-0.38%"
"10/13/2025","16323.00","16264.00","16432.00","16218.00","337.62K","+0.36%"
"10/10/2025","16265.00","15980.00","16315.00","15911.00","423.03K","+1.75%"
"10/09/2025","15985.00","16070.00","16075.00","15853.00","300.50K","-0.17%"
"10/08/2025","16012.00","16108.00","16236.00","15979.00","306.52K","-0.60%"
"10/07/2025","16108.00","16014.00","16159.00","15977.00","330.33K","+0.69%"
"10/06/2025","15998.00","15840.00","16057.00","15708.00","268.50K","+1.21%"
"10/03/2025","15806.00","15949.00","16025.00","15736.00","470.22K","-1.00%"
"10/01/2025","15965.00","16026.00","16109.00","15850.00","426.07K","-0.40%"
"09/30/2025","16029.00","15985.00","16054.00","15921.00","390.01K","+0.28%"
"09/29/2025","15984.00","16300.00","16340.00","15950.00","627.33K","-1.85%"
"09/26/2025","16286.00","16235.00","16435.00","16202.00","490.96K","+0.10%"
"09/25/2025","16269.00","16249.00","16370.00","16067.00","490.26K","+0.12%"
"09/24/2025","16249.00","16188.00","16375.00","16063.00","663.65K","+0.94%"
"09/23/2025","16097.00","16120.00","16325.00","16031.00","873.11K","+1.78%"
"09/22/2025","15816.00","15879.00","16000.00","15779.00","302.23K","-0.30%"
"09/19/2025","15864.00","16000.00","16060.00","15811.00","652.44K","+0.30%"
"09/18/2025","15817.00","15916.00","15939.00","15703.00","642.17K","+0.10%"
"09/17/2025","15801.00","15592.00","15818.00","15570.00","624.99K","+1.46%"
"09/16/2025","15573.00","15300.00","15594.00","15284.00","381.94K","+2.02%"
"09/15/2025","15265.00","15350.00","15378.00","15249.00","170.59K","-0.39%"
"09/12/2025","15325.00","15160.00","15373.00","15153.00","420.10K","+1.52%"
"09/11/2025","15095.00","15111.00","15191.00","15038.00","657.16K","-0.09%"
"09/10/2025","15108.00","15366.00","15384.00","15072.00","489.06K","-1.67%"
"09/09/2025","15365.00","15249.00","15384.00","15201.00","605.86K","+0.70%"
"09/08/2025","15258.00","14921.00","15319.00","14850.00","691.08K","+2.44%"
"09/05/2025","14895.00","14740.00","14957.00","14701.00","473.81K","+1.59%"
"09/04/2025","14662.00","15240.00","15240.00","14630.00","784.37K","-1.78%"
"09/03/2025","14927.00","14875.00","14991.00","14750.00","561.66K","+0.57%"
"09/02/2025","14842.00","14859.00","14934.00","14783.00","379.17K","-0.30%"
"09/01/2025","14887.00","14790.00","14938.00","14654.00","572.93K","+0.65%"
"08/29/2025","14791.00","14750.00","14850.00","14692.00","621.56K","+0.26%"
"08/28/2025","14752.00","14895.00","14895.00","14625.00","666.63K","+0.26%"
"08/26/2025","14714.00","14452.00","14825.00","14391.00","962.97K","+1.81%"
"08/25/2025","14452.00","14401.00","14478.00","14280.00","357.11K","+0.72%"
"08/22/2025","14349.00","14349.00","14370.00","14230.00","458.94K","+0.48%"
"08/21/2025","14280.00","14219.00","14401.00","14156.00","513.46K","+0.41%"
"08/20/2025","14221.00","14362.00","14362.00","14200.00","391.43K","-0.20%"
"08/19/2025","14250.00","14070.00","14270.00","13979.00","906.62K","+1.29%"
"08/18/2025","14068.00","13703.00","14125.00","13664.00","2.15M","+8.75%"
"08/14/2025","12936.00","12864.00","12956.00","12825.00","318.58K","+0.79%"
"08/13/2025","12834.00","12840.00","12925.00","12752.00","252.06K","-0.05%"
"08/12/2025","12840.00","12620.00","12959.00","12606.00","504.48K","+1.93%"
"08/11/2025","12597.00","12585.00","12734.00","12482.00","187.23K","+0.06%"
"08/08/2025","12590.00","12630.00","12725.00","12564.00","247.05K","-0.33%"
"08/07/2025","12632.00","12525.00","12654.00","12429.00","173.39K","+0.86%"
"08/06/2025","12524.00","12570.00","12619.00","12483.00","151.61K","-0.10%"
"08/05/2025","12537.00","12400.00","12577.00","12370.00","233.56K","+1.39%"
"08/04/2025","12365.00","12326.00","12425.00","12225.00","255.69K","+0.51%"
"08/01/2025","12302.00","12521.00","12779.00","12273.00","346.02K","-2.43%"
"07/31/2025","12608.00","12506.00","12760.00","12464.00","709.78K","-0.08%"
"07/30/2025","12618.00","12431.00","12643.00","12420.00","203.85K","+1.19%"
"07/29/2025","12469.00","12340.00","12507.00","12268.00","285.12K","+1.05%"
"07/28/2025","12340.00","12371.00","12535.00","12302.00","292.88K","-0.52%"
"07/25/2025","12404.00","12545.00","12557.00","12357.00","260.70K","-1.22%"
"07/24/2025","12557.00","12648.00","12661.00","12519.00","157.16K","-0.55%"
"07/23/2025","12627.00","12540.00","12719.00","12540.00","342.00K","+1.08%"
"07/22/2025","12492.00","12449.00","12530.00","12319.00","169.01K","+0.70%"
"07/21/2025","12405.00","12431.00","12478.00","12342.00","232.07K","-0.11%"
"07/18/2025","12419.00","12525.00","12527.00","12370.00","124.07K","-0.46%"
"07/17/2025","12476.00","12569.00","12627.00","12463.00","189.21K","-0.70%"
"07/16/2025","12564.00","12536.00","12571.00","12439.00","204.48K","+0.22%"
"07/15/2025","12536.00","12481.00","12598.00","12481.00","147.38K","+0.18%"
"07/14/2025","12514.00","12590.00","12616.00","12431.00","246.74K","-0.48%"
"07/11/2025","12574.00","12640.00","12685.00","12521.00","194.42K","-0.60%"
"07/10/2025","12650.00","12500.00","12670.00","12401.00","277.32K","+1.44%"
"07/09/2025","12470.00","12435.00","12540.00","12430.00","174.20K","+0.45%"
"07/08/2025","12414.00","12525.00","12555.00","12359.00","241.05K","-0.85%"
"07/07/2025","12520.00","12647.00","12670.00","12471.00","220.12K","-1.00%"
"07/04/2025","12646.00","12715.00","12748.00","12608.00","225.61K","-0.83%"
"07/03/2025","12752.00","12630.00","12820.00","12590.00","606.22K","+1.03%"
"07/02/2025","12622.00","12380.00","12643.00","12359.00","609.74K","+1.45%"
"07/01/2025","12442.00","12450.00","12459.00","12320.00","283.48K","+0.34%"
"06/30/2025","12400.00","12667.00","12675.00","12332.00","448.96K","-1.91%"
"06/27/2025","12642.00","12750.00","12799.00","12621.00","346.40K","-0.57%"
"06/26/2025","12715.00","12780.00","12848.00","12689.00","354.74K","-0.41%"
"06/25/2025","12767.00","12684.00","12807.00","12617.00","316.54K","+1.24%"
"06/24/2025","12611.00","12830.00","12855.00","12553.00","332.72K","-0.69%"
"06/23/2025","12699.00","12771.00","12786.00","12666.00","192.04K","-0.72%"
"06/20/2025","12791.00","12809.00","12890.00","12728.00","652.13K","-0.12%"
"06/19/2025","12806.00","12750.00","12825.00","12714.00","339.12K","+0.45%"
"06/18/2025","12748.00","12620.00","12880.00","12550.00","467.74K","+1.21%"
"06/17/2025","12595.00","12529.00","12615.00","12470.00","226.60K","+0.52%"
"06/16/2025","12530.00","12404.00","12567.00","12336.00","184.24K","+0.98%"
"06/13/2025","12408.00","12200.00","12425.00","12176.00","385.49K","+0.15%"
"06/12/2025","12390.00","12459.00","12490.00","12307.00","347.34K","-0.50%"
"06/11/2025","12452.00","12470.00","12560.00","12427.00","306.06K","-0.54%"
"06/10/2025","12520.00","12660.00","12744.00","12461.00","325.29K","-0.93%"
"06/09/2025","12637.00","12505.00","12660.00","12466.00","323.44K","+1.40%"
"06/06/2025","12462.00","12139.00","12535.00","12100.00","456.13K","+2.77%"
"06/05/2025","12126.00","12200.00","12257.00","12016.00","319.78K","-0.30%"
"06/04/2025","12163.00","12128.00","12245.00","12128.00","205.85K","+0.29%"
"06/03/2025","12128.00","12273.00","12350.00","12060.00","369.11K","-1.32%"
"06/02/2025","12290.00","12161.00","12319.00","12132.00","264.97K","-0.24%"
"05/30/2025","12319.00","12392.00","12490.00","12251.00","351.35K","-0.59%"
"05/29/2025","12392.00","12340.00","12428.00","12266.00","191.10K","+0.49%"
"05/28/2025","12331.00","12414.00","12415.00","12305.00","178.18K","-0.67%"
"05/27/2025","12414.00","12421.00","12479.00","12290.00","344.68K","-0.06%"
"05/26/2025","12421.00","12455.00","12539.00","12391.00","214.70K","-0.26%"
"05/23/2025","12453.00","12450.00","12495.00","12423.00","169.47K","+0.06%"
"05/22/2025","12445.00","12611.00","12611.00","12395.00","434.85K","-1.35%"
"05/21/2025","12615.00","12675.00","12808.00","12594.00","209.10K","-0.18%"
"05/20/2025","12638.00","13005.00","13010.00","12610.00","361.11K","-2.70%"
"05/19/2025","12989.00","12990.00","13046.00","12930.00","244.28K","-0.05%"
"05/16/2025","12995.00","12950.00","13086.00","12912.00","425.27K","+0.33%"
"05/15/2025","12952.00","12600.00","13023.00","12548.00","561.50K","+2.23%"
"05/14/2025","12670.00","12485.00","12718.00","12411.00","306.05K","+1.51%"
"05/13/2025","12482.00","12600.00","12700.00","12430.00","378.27K","-1.06%"
"05/12/2025","12616.00","12426.00","12630.00","12426.00","185.16K","+2.99%"
"05/09/2025","12250.00","12135.00","12360.00","12115.00","278.11K","-1.15%"
"05/08/2025","12392.00","12560.00","12597.00","12330.00","485.33K","-1.91%"
"05/07/2025","12633.00","12355.00","12669.00","12355.00","303.62K","+0.41%"
"05/06/2025","12581.00","12438.00","12599.00","12371.00","414.92K","+0.99%"
"05/05/2025","12458.00","12490.00","12490.00","12362.00","270.01K","+0.42%"
"05/02/2025","12406.00","12257.00","12727.00","12250.00","786.09K","+1.22%"
"04/30/2025","12257.00","11825.00","12325.00","11800.00","967.25K","+3.51%"
"04/29/2025","11841.00","11812.00","11940.00","11741.00","455.60K","-0.04%"
"04/28/2025","11846.00","11428.00","11896.00","11289.00","457.30K","+1.27%"
"04/25/2025","11698.00","11902.00","12046.00","11598.00","906.27K","-1.65%"
"04/24/2025","11894.00","11940.00","12040.00","11858.00","387.86K","-0.11%"
"04/23/2025","11907.00","11799.00","11971.00","11729.00","493.84K","+1.47%"
"04/22/2025","11734.00","11770.00","11788.00","11615.00","516.75K","-0.09%"
"04/21/2025","11745.00","11695.00","11769.00","11588.00","318.49K","+0.43%"
"04/17/2025","11695.00","11664.00","11728.00","11525.00","302.15K","+0.27%"
"04/16/2025","11664.00","11768.00","11768.00","11615.00","470.49K","-1.61%"
"04/15/2025","11855.00","11790.00","11940.00","11680.00","458.59K","+2.21%"
"04/11/2025","11599.05","11480.35","11678.75","11480.00","231.42K","+1.24%"
"04/09/2025","11457.40","11460.10","11538.70","11425.00","255.11K","-0.01%"
"04/08/2025","11458.90","11530.00","11550.35","11290.05","629.97K","+1.14%"
"04/07/2025","11329.75","11105.60","11358.50","11059.45","602.35K","-1.33%"
"04/04/2025","11482.00","11600.00","11630.00","11330.00","355.79K","-1.76%"
"04/03/2025","11688.10","11630.50","11802.95","11611.05","326.62K","-0.24%"
"04/02/2025","11716.10","11481.10","11732.00","11410.05","452.99K","+2.05%"
"04/01/2025","11481.10","11480.00","11545.80","11290.00","498.24K","-0.36%"
"03/28/2025","11522.15","11699.05","11745.95","11400.10","541.79K","-1.70%"
"03/27/2025","11721.95","11773.15","11898.00","11638.00","645.79K","-0.11%"
"03/26/2025","11734.30","11807.00","11868.90","11710.00","478.52K","-1.13%"
"03/25/2025","11868.90","11951.40","12075.25","11800.00","514.28K","-0.45%"
"03/24/2025","11922.25","11779.95","11990.00","11742.05","359.03K","+1.61%"
"03/21/2025","11732.80","11780.00","11921.70","11705.80","560.57K","+0.02%"
"03/20/2025","11730.20","11699.90","11765.00","11588.00","379.42K","+0.99%"
"03/19/2025","11615.55","11700.00","11714.45","11547.00","476.56K","-0.85%"
"03/18/2025","11714.55","11560.05","11755.45","11501.00","373.22K","+1.39%"
"03/17/2025","11553.70","11513.80","11752.95","11456.35","275.58K","+0.35%"
"03/13/2025","11513.80","11634.80","11685.00","11489.75","260.74K","-1.09%"
"03/12/2025","11640.10","11620.80","11723.95","11522.00","249.36K","-0.06%"
"03/11/2025","11646.95","11579.50","11692.00","11510.00","245.82K","+0.53%"
"03/10/2025","11586.05","11600.00","11697.90","11533.65","153.89K","-0.67%"
"03/07/2025","11664.15","11650.00","11742.30","11601.00","259.06K","-0.02%"
"03/06/2025","11666.40","11701.00","11729.50","11480.00","315.31K","+0.42%"
"03/05/2025","11617.35","11605.00","11830.00","11568.35","349.73K","+0.01%"
"03/04/2025","11616.25","11690.00","11724.25","11591.00","255.73K","-1.35%"
"03/03/2025","11775.60","11886.00","12059.45","11757.75","186.88K","-1.43%"
"02/28/2025","11945.85","12338.50","12338.50","11811.70","605.15K","-3.51%"
"02/27/2025","12380.60","12531.70","12550.00","12312.00","236.81K","-0.77%"
"02/25/2025","12476.35","12388.75","12507.40","12350.00","363.36K","+1.06%"
"02/24/2025","12345.20","12248.35","12432.50","12220.10","399.57K","+0.18%"
"02/21/2025","12323.45","12420.00","12438.60","12245.00","477.01K","-0.94%"
"02/20/2025","12440.65","12650.00","12650.00","12380.00","423.74K","-1.94%"
"02/19/2025","12686.15","12727.00","12769.15","12651.00","288.69K","-0.78%"
"02/18/2025","12786.20","12764.95","12884.95","12735.15","267.94K","+0.18%"
"02/17/2025","12762.90","12601.60","12774.00","12578.10","192.21K","+0.65%"
"02/14/2025","12680.25","12700.00","12780.00","12584.10","233.45K","+0.07%"
"02/13/2025","12671.30","12675.00","12744.95","12614.75","186.74K","+0.12%"
"02/12/2025","12655.55","12700.00","12765.35","12608.05","425.74K","-0.54%"
"02/11/2025","12724.35","12899.95","13017.25","12699.45","354.19K","-1.37%"
"02/10/2025","12900.75","13050.00","13060.00","12886.65","294.14K","-1.14%"
"02/07/2025","13049.50","13060.00","13108.50","13012.00","355.22K","-0.19%"
"02/06/2025","13074.00","13060.00","13130.00","13006.80","414.13K","-0.10%"
"02/05/2025","13086.80","13110.00","13150.00","13003.50","271.63K","-0.18%"
"02/04/2025","13109.95","13250.00","13259.95","12971.50","530.75K","-0.23%"
"02/03/2025","13139.95","12990.00","13461.20","12921.65","926.13K","+1.78%"
"02/01/2025","12910.00","12320.00","13150.00","12228.65","1.10M","+4.87%"
"01/31/2025","12310.65","12000.00","12390.00","12000.00","709.01K","+2.59%"
"01/30/2025","12000.00","12021.00","12110.85","11923.10","418.44K","+0.18%"
"01/29/2025","11977.90","12120.00","12320.70","11885.05","817.55K","-1.20%"
"01/28/2025","12123.75","12018.35","12164.70","11884.95","533.45K","+1.08%"
"01/27/2025","11993.85","11901.90","12046.90","11811.05","251.78K","+0.22%"
"01/24/2025","11967.90","11930.00","12093.00","11914.10","310.34K","-0.65%"
"01/23/2025","12045.75","12005.00","12106.30","11961.30","480.88K","+0.21%"
"01/22/2025","12020.35","11900.05","12078.85","11900.05","396.59K","+1.15%"
"01/21/2025","11883.70","12017.05","12139.80","11862.05","300.04K","-1.13%"
"01/20/2025","12020.05","12147.05","12147.05","11984.05","251.73K","-0.96%"
"01/17/2025","12136.35","12101.90","12189.90","12004.30","285.37K","+0.36%"
"01/16/2025","12092.30","11981.45","12134.00","11956.20","551.21K","+1.21%"
"01/15/2025","11947.40","11890.55","12192.40","11861.00","692.82K","+1.76%"
"01/14/2025","11741.15","11533.95","11785.55","11531.00","627.46K","+2.12%"
"01/13/2025","11497.70","11468.50","11654.45","11468.00","253.52K","-1.15%"
"01/10/2025","11631.10","11690.00","11760.00","11570.00","218.25K","-0.93%"
"01/09/2025","11740.55","11822.00","11850.00","11659.65","266.41K","-0.69%"
"01/08/2025","11822.00","11726.00","11859.95","11725.30","303.10K","+0.86%"
"01/07/2025","11721.30","11755.65","11825.95","11673.70","308.10K","-0.29%"
"01/06/2025","11755.65","11929.00","11979.90","11690.70","383.27K","-1.50%"
"01/03/2025","11934.25","11849.95","12049.80","11787.95","701.32K","+0.78%"
"01/02/2025","11841.30","11285.00","11859.15","11226.00","1.42M","+5.65%"
"01/01/2025","11208.30","10858.00","11273.95","10800.20","383.20K","+3.22%"
"12/31/2024","10858.40","10765.00","10893.70","10750.60","199.00K","+0.55%"
"12/30/2024","10798.95","10941.05","10950.00","10750.10","335.48K","-1.30%"
"12/27/2024","10941.05","10929.50","11133.00","10912.60","257.97K","+0.41%"
"12/26/2024","10896.00","10770.50","10974.80","10770.00","349.81K","+1.48%"
"12/24/2024","10736.60","10822.00","10887.45","10725.00","151.15K","-0.79%"
"12/23/2024","10822.00","10928.00","10989.80","10755.40","237.16K","-0.73%"
"12/20/2024","10901.05","10940.00","11077.00","10865.95","404.61K","-0.50%"
"12/19/2024","10955.35","10888.00","11035.40","10852.45","435.36K","-0.43%"
"12/18/2024","11002.45","11085.00","11098.05","10970.10","497.10K","-0.96%"
"12/17/2024","11108.55","11263.00","11272.45","11059.70","295.44K","-1.49%"
"12/16/2024","11277.00","11255.55","11329.45","11205.00","223.39K","+0.04%"
"12/13/2024","11272.55","11137.40","11290.00","11033.60","263.58K","+0.94%"
"12/12/2024","11167.40","11299.35","11299.35","11078.25","396.56K","-0.98%"
"12/11/2024","11277.75","11229.90","11320.85","11220.60","226.58K","+0.71%"
"12/10/2024","11198.20","11275.00","11314.35","11170.00","410.57K","-0.72%"
"12/09/2024","11279.80","11322.00","11368.90","11252.55","254.49K","-0.34%"
"12/06/2024","11317.95","11200.00","11375.95","11121.00","417.21K","+1.21%"
"12/05/2024","11182.25","11134.95","11270.00","11031.00","545.50K","+0.47%"
"12/04/2024","11129.85","11281.00","11300.00","11106.00","554.67K","-1.32%"
"12/03/2024","11279.25","11250.00","11309.00","11203.00","258.64K","+0.36%"
"12/02/2024","11239.30","11151.00","11330.00","11151.00","446.88K","+1.49%"
"11/29/2024","11074.20","10949.95","11130.10","10920.00","338.21K","+1.14%"
"11/28/2024","10949.85","11060.40","11080.60","10888.00","607.67K","-0.98%"
"11/27/2024","11058.35","10936.00","11116.90","10870.00","343.33K","+1.05%"
"11/26/2024","10943.95","11025.15","11077.95","10891.45","406.59K","-0.74%"
"11/25/2024","11025.15","11202.00","11247.95","10990.05","635.73K","-0.35%"
"11/22/2024","11063.60","10905.00","11106.65","10827.25","493.68K","+1.86%"
"11/21/2024","10861.45","10921.15","10958.20","10770.00","540.20K","-0.89%"
"11/19/2024","10959.30","11090.00","11195.25","10896.40","864.07K","-1.21%"
"11/18/2024","11093.95","10950.00","11182.95","10915.00","333.44K","+0.80%"
"11/14/2024","11006.05","11055.00","11117.70","10892.10","431.35K","-0.39%"
"11/13/2024","11049.60","11140.00","11142.85","10864.30","507.71K","-0.84%"
"11/12/2024","11143.10","11392.05","11516.90","11107.25","549.75K","-2.25%"
"11/11/2024","11399.70","11331.50","11518.15","11310.00","450.68K","+0.86%"
"11/08/2024","11303.00","11260.50","11344.00","11125.60","269.99K","+0.03%"
"11/07/2024","11300.15","11305.15","11385.00","11186.60","530.19K","-0.48%"
"11/06/2024","11354.25","11219.00","11430.00","11172.60","416.03K","+1.65%"
"11/05/2024","11170.10","11042.00","11275.00","11011.90","321.16K","+1.06%"
"11/04/2024","11052.45","11295.00","11295.00","10860.00","444.46K","-0.52%"
"11/01/2024","11110.00","11150.00","11209.55","11080.00","65.67K","+0.30%"
"10/31/2024","11076.45","11225.00","11247.55","11050.00","838.21K","-1.60%"
"10/30/2024","11256.45","10979.00","11520.00","10945.00","1.67M","+1.91%"
"10/29/2024","11046.00","11450.00","11483.00","10742.45","2.27M","-3.81%"
"10/28/2024","11483.25","11504.80","11632.65","11440.00","613.83K","-0.17%"
"10/25/2024","11502.85","11763.60","11794.30","11440.00","624.58K","-2.22%"
"10/24/2024","11763.70","11998.95","11998.95","11636.90","552.50K","-1.61%"
"10/23/2024","11956.20","11923.30","12119.90","11753.45","412.64K","+0.28%"
"10/22/2024","11923.30","12215.95","12289.80","11840.00","904.90K","-2.07%"
"10/21/2024","12175.90","12145.55","12250.00","11944.55","375.27K","+0.58%"
"10/18/2024","12105.10","12070.00","12141.25","11844.45","506.87K","-0.32%"
"10/17/2024","12143.75","12400.00","12420.10","12070.00","875.94K","-1.94%"
"10/16/2024","12383.90","12414.05","12454.95","12231.00","418.14K","-0.50%"
"10/15/2024","12446.75","12709.00","12709.00","12355.00","532.13K","-0.73%"
"10/14/2024","12537.85","12775.00","12799.00","12462.30","488.07K","-1.87%"
"10/11/2024","12776.65","12944.10","12980.00","12725.00","274.24K","-1.29%"
"10/10/2024","12944.10","12798.90","12965.00","12711.50","492.70K","+1.44%"
"10/09/2024","12760.70","12554.95","12850.00","12540.50","465.23K","+1.83%"
"10/08/2024","12531.95","12502.25","12630.10","12462.05","387.06K","+0.04%"
"10/07/2024","12527.50","12626.05","12648.00","12378.00","465.50K","-0.62%"
"10/04/2024","12605.75","12689.90","12877.85","12512.50","679.36K","-0.33%"
"10/03/2024","12647.35","12941.05","13148.00","12592.30","863.52K","-3.94%"
"10/01/2024","13166.00","13238.00","13300.45","13000.05","388.89K","-0.54%"
"09/30/2024","13238.00","13343.55","13500.00","13208.70","415.74K","-1.91%"
"09/27/2024","13495.60","13383.00","13541.65","13274.45","865.70K","+0.84%"
"09/26/2024","13383.80","12835.00","13411.00","12830.00","1.47M","+4.68%"
"09/25/2024","12785.30","12727.25","12816.20","12611.00","341.17K","+0.37%"
"09/24/2024","12738.60","12583.10","12778.95","12583.10","425.92K","+0.44%"
"09/23/2024","12683.10","12625.00","12749.00","12625.00","235.59K","+0.54%"
"09/20/2024","12614.50","12360.40","12705.15","12360.05","875.65K","+2.13%"
"09/19/2024","12351.50","12259.95","12410.00","12206.40","465.61K","+1.21%"
"09/18/2024","12204.10","12240.05","12337.95","12170.00","182.28K","-0.34%"
"09/17/2024","12245.75","12285.00","12285.00","12151.65","568.16K","-0.35%"
"09/16/2024","12289.00","12321.95","12364.00","12256.00","170.11K","-0.22%"
"09/13/2024","12316.05","12365.00","12395.00","12291.05","361.09K","-0.68%"
"09/12/2024","12400.85","12262.10","12427.00","12151.35","547.83K","+1.29%"
"09/11/2024","12242.60","12260.00","12334.00","12165.00","349.80K","-0.17%"
"09/10/2024","12263.40","12150.10","12288.05","12098.00","285.12K","+0.97%"
"09/09/2024","12145.75","12197.50","12219.85","12102.00","415.79K","-0.33%"
"09/06/2024","12186.15","12250.00","12304.85","12094.70","733.35K","-0.91%"
"09/05/2024","12298.60","12337.00","12370.00","12230.00","595.87K","-0.31%"
"09/04/2024","12336.25","12325.05","12398.00","12234.10","735.08K","-0.49%"
"09/03/2024","12397.10","12474.00","12474.30","12359.90","445.51K","-0.24%"
"09/02/2024","12427.40","12373.00","12525.00","12350.40","331.51K","+0.20%"
"08/30/2024","12403.00","12460.00","12570.00","12316.20","2.27M","-0.41%"
"08/29/2024","12453.80","12343.00","12480.00","12250.00","608.60K","+0.78%"
"08/28/2024","12357.50","12500.00","12519.95","12330.00","313.23K","-1.12%"
"08/27/2024","12496.90","12245.00","12530.00","12225.10","477.61K","+2.07%"
"08/26/2024","12243.80","12325.00","12334.50","12222.00","232.81K","-0.48%"
"08/23/2024","12302.30","12300.00","12375.05","12254.40","440.81K","+0.21%"
"08/22/2024","12276.35","12280.00","12325.00","12181.00","501.32K","+0.45%"
"08/21/2024","12220.95","12214.95","12248.95","12177.05","295.98K","+0.05%"
"08/20/2024","12214.95","12160.50","12310.00","12150.10","471.93K","+0.54%"
"08/19/2024","12149.80","12195.00","12244.05","12126.80","277.32K","-0.52%"
"08/16/2024","12213.30","12314.95","12343.95","12111.00","552.73K","+0.06%"
"08/14/2024","12205.65","12239.00","12239.00","12130.00","449.83K","+0.24%"
"08/13/2024","12176.25","12337.00","12340.05","12122.00","464.48K","-0.79%"
"08/12/2024","12273.25","12200.00","12370.00","12100.00","291.21K","+0.40%"
"08/09/2024","12224.20","12390.00","12390.00","12195.10","320.21K","+0.04%"
"08/08/2024","12218.85","12371.00","12392.70","12152.15","358.58K","-1.23%"
"08/07/2024","12371.50","12399.00","12450.00","12265.90","433.51K","+1.98%"
"08/06/2024","12131.10","12390.00","12554.90","12110.00","623.57K","-0.57%"
"08/05/2024","12200.85","12490.00","12490.00","12027.65","1.13M","-4.13%"
"08/02/2024","12726.40","13126.00","13174.90","12673.05","1.33M","-4.74%"
"08/01/2024","13359.05","13393.00","13680.00","13112.00","2.04M","+1.85%"
"07/31/2024","13115.80","12980.00","13375.00","12895.15","836.40K","+1.88%"
"07/30/2024","12873.65","12760.00","12968.80","12709.90","526.54K","+0.96%"
"07/29/2024","12751.55","12709.00","12773.70","12603.00","388.26K","+0.69%"
"07/26/2024","12663.70","12470.00","12743.10","12389.20","537.69K","+1.24%"
"07/25/2024","12509.20","12388.05","12525.00","12388.05","396.79K","+0.18%"
"07/24/2024","12487.25","12634.00","12663.20","12458.20","285.86K","-1.12%"
"07/23/2024","12629.05","12720.00","12734.95","12360.00","332.26K","-0.10%"
"07/22/2024","12641.25","12500.00","12658.95","12400.05","249.63K","+0.93%"
"07/19/2024","12524.30","12650.00","12710.00","12496.45","351.95K","-0.95%"
"07/18/2024","12644.05","12633.00","12680.00","12463.00","391.22K","+0.04%"
"07/16/2024","12639.55","12643.00","12798.00","12581.75","347.81K","-0.03%"
"07/15/2024","12643.95","12600.00","12768.50","12590.00","697.19K","+0.65%"
"07/12/2024","12562.50","12620.00","12669.90","12475.00","674.75K","-1.20%"
"07/11/2024","12715.20","12800.00","12923.80","12695.05","608.98K","-0.45%"
"07/10/2024","12772.80","12950.05","13300.00","12732.65","2.07M","-0.43%"
"07/09/2024","12827.70","12325.00","12959.95","12264.05","2.11M","+6.69%"
"07/08/2024","12023.60","12104.00","12112.00","11966.00","496.93K","-0.66%"
"07/05/2024","12104.05","12069.15","12137.45","12021.90","406.93K","+0.12%"
"07/04/2024","12089.60","12135.00","12210.00","12071.80","299.68K","-0.28%"
"07/03/2024","12123.65","12115.00","12150.00","11960.00","467.53K","+0.67%"
"07/02/2024","12042.60","12149.95","12149.95","11995.00","687.18K","-0.55%"
"07/01/2024","12108.65","12045.00","12260.00","12005.55","1.13M","+0.62%"
"06/28/2024","12033.85","12184.95","12201.50","12004.15","1.16M","-1.19%"
"06/27/2024","12178.75","12200.00","12227.30","12010.00","1.23M","-0.16%"
"06/26/2024","12198.25","12117.00","12323.85","12067.70","447.93K","+0.67%"
"06/25/2024","12116.60","12201.40","12237.80","12072.05","594.27K","-0.55%"
"06/24/2024","12183.40","12181.00","12289.00","12041.00","550.86K","-0.15%"
"06/21/2024","12201.50","12220.00","12366.25","12083.50","947.80K","+0.43%"
"06/20/2024","12149.50","12246.00","12305.50","12135.00","907.75K","-0.76%"
"06/19/2024","12242.10","12610.00","12625.00","12200.00","694.87K","-2.54%"
"06/18/2024","12560.95","12878.40","12880.00","12542.05","823.31K","-2.21%"
"06/14/2024","12845.20","12831.50","12895.00","12778.80","216.97K","-0.01%"
"06/13/2024","12846.85","12940.00","12940.00","12739.60","297.24K","-0.02%"
"06/12/2024","12849.35","12863.65","12951.60","12802.00","302.72K","-0.11%"
"06/11/2024","12863.65","12743.50","12939.55","12655.20","358.81K","+1.15%"
"06/10/2024","12717.55","12765.15","12920.00","12627.90","293.47K","-0.73%"
"06/07/2024","12810.90","12582.35","12828.00","12582.35","532.48K","+1.08%"
"06/06/2024","12673.50","12511.55","12690.00","12468.00","447.54K","+1.37%"
"06/05/2024","12502.60","12180.00","12614.10","12125.10","447.58K","+2.68%"
"06/04/2024","12176.05","12596.60","12597.20","11561.45","825.93K","-2.41%"
"06/03/2024","12476.15","12825.00","12825.00","12402.55","485.94K","+0.62%"
"05/31/2024","12399.30","12598.00","12633.35","12330.00","908.30K","-1.58%"
"05/30/2024","12598.00","12721.00","12810.00","12550.00","524.56K","-1.49%"
"05/29/2024","12788.65","12818.00","12850.05","12750.00","353.71K","-0.23%"
"05/28/2024","12818.60","12890.00","12985.95","12800.25","333.81K","-0.68%"
"05/27/2024","12906.10","13023.45","13058.50","12777.00","464.95K","-0.73%"
"05/24/2024","13000.45","12865.00","13034.00","12811.00","624.80K","+0.51%"
"05/23/2024","12934.90","12566.05","12975.10","12473.05","768.73K","+3.22%"
"05/22/2024","12531.35","12427.80","12563.00","12363.10","280.01K","+0.47%"
"05/21/2024","12473.30","12600.15","12678.90","12441.80","443.14K","-1.01%"
"05/18/2024","12600.15","12647.95","12693.45","12565.40","17.55K","-0.33%"
"05/17/2024","12641.50","12515.15","12665.90","12322.30","809.23K","+1.15%"
"05/16/2024","12497.65","12848.00","12848.00","12300.00","914.20K","-2.11%"
"05/15/2024","12767.30","12820.00","12872.40","12700.00","232.03K","-0.37%"
"05/14/2024","12814.20","12673.85","12840.00","12651.40","331.04K","+1.11%"
"05/13/2024","12673.85","12660.00","12708.40","12477.55","281.42K","-0.01%"
"05/10/2024","12675.50","12505.00","12696.95","12501.00","328.67K","+1.37%"
"05/09/2024","12504.65","12540.00","12739.80","12436.75","504.59K","-0.31%"
"05/08/2024","12543.55","12392.00","12559.95","12325.00","399.67K","+1.45%"
"05/07/2024","12364.05","12472.40","12508.50","12239.00","604.38K","-0.60%"
"05/06/2024","12439.30","12550.00","12646.40","12372.50","342.23K","-0.42%"
"05/03/2024","12492.15","12817.95","12830.00","12411.40","834.99K","-2.45%"
"05/02/2024","12805.35","12750.00","12844.15","12514.80","814.92K","-0.09%"
"04/30/2024","12817.50","12786.00","12996.00","12740.20","528.78K","+1.01%"
"04/29/2024","12689.85","12800.05","12994.80","12603.00","613.94K","-0.11%"
"04/26/2024","12703.35","12922.00","13045.00","12660.00","704.63K","-1.70%"
"04/25/2024","12922.50","12964.00","12980.70","12740.35","640.73K","-0.17%"
"04/24/2024","12944.05","13000.00","13073.95","12900.00","296.36K","-0.40%"
"04/23/2024","12996.25","12845.00","13024.50","12776.30","397.28K","+1.65%"
"04/22/2024","12785.50","12783.15","12879.15","12659.00","342.21K","+0.59%"
"04/19/2024","12710.95","12399.90","12759.40","12225.00","635.53K","+2.47%"
"04/18/2024","12405.00","12570.00","12602.00","12320.05","679.12K","-0.78%"
"04/16/2024","12502.70","12308.00","12549.90","12275.35","579.18K","+0.64%"
"04/15/2024","12422.85","12199.50","12510.00","12032.95","831.26K","+1.27%"
"04/12/2024","12266.55","12660.00","12660.00","12225.00","973.37K","-3.28%"
"04/10/2024","12682.75","12933.00","12958.00","12600.90","464.24K","-1.59%"
"04/09/2024","12888.00","12865.10","12985.70","12780.00","314.47K","+0.18%"
"04/08/2024","12865.10","12450.00","12927.65","12450.00","570.42K","+3.57%"
"04/05/2024","12421.60","12492.00","12557.90","12384.50","231.60K","-1.16%"
"04/04/2024","12567.25","12490.00","12649.00","12318.05","491.17K","+1.12%"
"04/03/2024","12427.85","12450.00","12525.50","12412.55","271.94K","-0.99%"
"04/02/2024","12552.45","12624.95","12648.00","12462.25","333.51K","-0.14%"
"04/01/2024","12569.60","12613.35","12689.00","12506.15","314.68K","-0.24%"
"03/28/2024","12600.35","12569.95","12726.80","12385.50","860.32K","+0.72%"
"03/27/2024","12510.35","12290.00","12722.70","12285.70","878.99K","+2.12%"
"03/26/2024","12250.55","12285.55","12321.90","12141.20","507.57K","-0.71%"
"03/22/2024","12337.70","11890.05","12427.30","11890.05","1.06M","+3.61%"
"03/21/2024","11908.15","11999.00","12000.00","11825.35","544.31K","-0.28%"
"03/20/2024","11941.15","11651.15","12025.00","11651.15","1.03M","+2.97%"
"03/19/2024","11597.05","11542.10","11679.95","11456.15","409.26K","-0.34%"
"03/18/2024","11636.30","11436.65","11665.40","11366.30","311.05K","+1.39%"
"03/15/2024","11476.65","11380.00","11521.05","11314.05","972.33K","+0.63%"
"03/14/2024","11404.60","11401.75","11460.00","11302.05","523.06K","+0.13%"
"03/13/2024","11390.15","11510.00","11554.85","11267.60","385.20K","-1.04%"
"03/12/2024","11509.90","11400.00","11575.90","11381.00","283.82K","+1.00%"
"03/11/2024","11395.55","11515.15","11555.90","11350.05","525.34K","-0.99%"
"03/07/2024","11510.05","11571.05","11633.50","11421.15","255.32K","-0.49%"
"03/06/2024","11567.05","11670.60","11679.00","11518.40","639.54K","-0.89%"
"03/05/2024","11670.60","11596.05","11730.00","11561.80","320.70K","+0.66%"
"03/04/2024","11594.15","11600.00","11677.30","11544.15","369.94K","+0.23%"
"03/02/2024","11567.20","11650.00","11679.95","11530.70","16.11K","-0.46%"
"03/01/2024","11620.95","11295.00","11675.00","11295.00","487.36K","+2.95%"
"02/29/2024","11288.35","11155.00","11349.00","11129.50","943.84K","+1.22%"
"02/28/2024","11152.80","11471.00","11498.95","11130.00","358.81K","-3.02%"
"02/27/2024","11500.65","11415.00","11562.90","11384.25","307.58K","+0.29%"
"02/26/2024","11467.00","11505.00","11533.95","11416.45","277.70K","-0.59%"
"02/23/2024","11535.60","11704.95","11720.00","11475.20","472.88K","-1.05%"
"02/22/2024","11657.80","11500.00","11695.00","11391.25","584.41K","+1.67%"
"02/21/2024","11465.85","11456.00","11521.00","11370.00","348.46K","+0.17%"
"02/20/2024","11446.45","11440.00","11479.95","11315.85","355.04K","-0.32%"
"02/19/2024","11483.35","11380.40","11613.05","11333.05","581.38K","+0.90%"
"02/16/2024","11380.40","11120.00","11480.00","11098.00","716.49K","+2.62%"
"02/15/2024","11090.25","11040.00","11133.00","10980.00","447.25K","+0.56%"
"02/14/2024","11027.95","10705.00","11050.00","10703.40","354.68K","+2.16%"
"02/13/2024","10794.50","10730.00","10830.00","10640.15","397.98K","+0.79%"
"02/12/2024","10709.70","10700.00","10748.95","10650.05","190.66K","-0.22%"
"02/09/2024","10732.85","10711.25","10770.00","10611.10","645.49K","-0.10%"
"02/08/2024","10743.90","10951.00","10951.00","10689.95","557.08K","-1.75%"
"02/07/2024","10935.70","10860.00","10973.50","10786.80","560.81K","+0.84%"
"02/06/2024","10844.85","10499.95","10856.75","10458.00","829.04K","+3.99%"
"02/05/2024","10428.55","10602.00","10759.95","10400.00","365.11K","-2.13%"
"02/02/2024","10655.45","10598.00","10711.60","10540.40","814.94K","+0.16%"
"02/01/2024","10637.95","10210.00","10699.80","10204.00","1.87M","+4.43%"
"01/31/2024","10186.90","9959.30","10235.60","9913.00","997.02K","+2.36%"
"01/30/2024","9951.65","10010.85","10033.50","9931.50","399.87K","-0.40%"
"01/29/2024","9991.40","9931.15","10035.00","9875.05","446.52K","+1.12%"
"01/25/2024","9881.00","9988.20","9999.80","9816.55","718.82K","-1.07%"
"01/24/2024","9988.20","9860.00","10000.00","9755.00","459.09K","+1.30%"
"01/23/2024","9860.45","9862.00","9973.00","9832.10","956.27K","-1.12%"
"01/20/2024","9972.55","10037.70","10067.00","9938.95","92.60K","-0.65%"
"01/19/2024","10037.70","9960.00","10051.65","9949.05","377.02K","+1.14%"
"01/18/2024","9924.50","9946.05","10050.00","9737.65","614.86K","-1.27%"
"01/17/2024","10051.70","10124.00","10161.80","9996.45","610.25K","-1.29%"
"01/16/2024","10183.55","10086.85","10240.00","10060.00","536.82K","+0.96%"
"01/15/2024","10086.90","9985.10","10098.80","9948.00","463.38K","+1.22%"
"01/12/2024","9965.65","10025.00","10044.95","9935.95","850.19K","-0.45%"
"01/11/2024","10011.10","10025.10","10124.10","10000.00","1.02M","+0.01%"
"01/10/2024","10010.20","10049.95","10050.75","9950.00","481.70K","-0.14%"
"01/09/2024","10024.10","9975.00","10042.65","9890.00","666.47K","+0.78%"
"01/08/2024","9946.70","10005.00","10128.95","9911.90","600.15K","-0.70%"
"01/05/2024","10017.00","10010.65","10075.00","9970.00","673.13K","+0.02%"
"01/04/2024","10015.30","10100.00","10120.00","9985.55","711.73K","-0.62%"
"01/03/2024","10077.65","10200.00","10210.00","10065.00","521.05K","-1.18%"
"01/02/2024","10197.75","10283.30","10294.70","10151.05","776.84K","-0.83%"
"01/01/2024","10283.30","10345.00","10345.00","10214.65","411.72K","-0.18%"
"12/29/2023","10302.35","10280.45","10396.65","10273.00","705.23K","+0.30%"
"12/28/2023","10271.60","10310.95","10310.95","10187.00","584.23K","-0.16%"
"12/27/2023","10288.50","10286.00","10305.35","10230.00","397.68K","+0.17%"
"12/26/2023","10270.65","10270.00","10281.20","10114.70","395.27K","+0.52%"
"12/22/2023","10217.15","10050.00","10318.30","10030.00","652.54K","+2.04%"
"12/21/2023","10012.85","10000.00","10099.25","9900.00","739.81K","-0.68%"
"12/20/2023","10081.25","10240.00","10309.05","9990.00","964.05K","-1.49%"
"12/19/2023","10233.60","10319.60","10377.00","10206.20","585.73K","-0.83%"
"12/18/2023","10319.60","10295.00","10350.90","10226.20","652.50K","+0.32%"
"12/15/2023","10286.40","10459.00","10476.75","9832.60","1.24M","-0.65%"
"12/14/2023","10353.20","10440.00","10495.00","10312.30","635.48K","-0.26%"
"12/13/2023","10380.05","10360.00","10412.90","10260.00","603.47K","+0.40%"
"12/12/2023","10338.40","10620.00","10624.00","10301.10","1.09M","-1.93%"
"12/11/2023","10541.75","10630.00","10638.00","10500.05","579.75K","-0.72%"
"12/08/2023","10618.55","10730.00","10748.00","10551.00","548.37K","-0.73%"
"12/07/2023","10696.65","10790.00","10932.85","10635.00","704.41K","+0.67%"
"12/06/2023","10625.75","10721.90","10748.95","10590.00","464.16K","-0.90%"
"12/05/2023","10721.90","10650.90","10770.00","10563.40","581.00K","+1.16%"
"12/04/2023","10599.45","10695.00","10695.10","10425.00","625.24K","+0.13%"
"12/01/2023","10585.70","10608.00","10759.00","10533.05","591.52K","-0.22%"
"11/30/2023","10608.70","10581.00","10649.00","10546.10","665.66K","+0.09%"
"11/29/2023","10599.25","10570.00","10634.55","10525.70","343.34K","+0.59%"
"11/28/2023","10537.55","10539.95","10556.40","10506.00","268.03K","+0.21%"
"11/24/2023","10515.65","10505.95","10566.50","10462.00","380.31K","+0.26%"
"11/23/2023","10488.50","10487.80","10525.00","10394.05","453.82K","-0.06%"
"11/22/2023","10494.55","10550.00","10551.25","10420.00","378.89K","-0.39%"
"11/21/2023","10535.15","10619.00","10619.00","10500.00","312.24K","-0.29%"
"11/20/2023","10566.25","10500.00","10593.35","10500.00","234.25K","+0.41%"
"11/17/2023","10523.50","10500.00","10606.80","10499.15","403.77K","+0.37%"
"11/16/2023","10484.50","10480.00","10543.70","10409.20","488.71K","+0.27%"
"11/15/2023","10456.05","10497.00","10497.00","10375.05","436.54K","+0.55%"
"11/13/2023","10398.40","10429.00","10429.00","10363.65","261.89K","-0.32%"
"11/12/2023","10431.40","10450.00","10495.00","10415.15","27.26K","+0.41%"
"11/10/2023","10388.80","10375.00","10416.40","10320.00","206.40K","-0.11%"
"11/09/2023","10400.35","10349.95","10449.60","10316.75","310.54K","+0.76%"
"11/08/2023","10322.30","10320.00","10340.45","10260.60","287.01K","+0.67%"
"11/07/2023","10253.30","10300.00","10326.00","10235.85","264.94K","-0.31%"
"11/06/2023","10284.85","10338.95","10338.95","10252.00","490.46K","+0.08%"
"11/03/2023","10276.30","10318.00","10370.00","10241.00","517.58K","-0.26%"
"11/02/2023","10303.60","10290.30","10345.00","10201.00","569.19K","+0.74%"
"11/01/2023","10227.75","10390.10","10422.20","10188.65","699.12K","-1.58%"
"10/31/2023","10392.30","10490.00","10490.00","10321.00","440.00K","-0.05%"
"10/30/2023","10397.70","10700.00","10700.00","10245.00","991.17K","-1.54%"
"10/27/2023","10560.70","10440.05","10845.00","10440.00","1.12M","+1.31%"
"10/26/2023","10424.15","10539.00","10594.00","10392.50","506.13K","-1.56%"
"10/25/2023","10588.85","10520.00","10647.45","10501.60","401.11K","+0.33%"
"10/23/2023","10553.65","10681.00","10724.65","10530.45","227.93K","-1.60%"
"10/20/2023","10725.65","10763.10","10799.00","10695.70","232.51K","-0.43%"
"10/19/2023","10771.70","10700.00","10798.70","10700.00","286.28K","-0.16%"
"10/18/2023","10788.45","10755.00","10809.85","10711.05","267.44K","+0.35%"
"10/17/2023","10750.80","10730.00","10797.85","10565.30","474.72K","+0.43%"
"10/16/2023","10704.50","10729.95","10810.85","10665.00","304.20K","-0.21%"
"10/13/2023","10727.55","10534.05","10745.05","10529.80","625.95K","+1.39%"
"10/12/2023","10580.90","10460.00","10624.55","10420.20","569.24K","+1.62%"
"10/11/2023","10412.10","10349.95","10440.00","10340.05","193.53K","+0.36%"
"10/10/2023","10375.00","10290.00","10417.00","10270.10","348.34K","+1.27%"
"10/09/2023","10244.80","10250.00","10334.40","10183.95","230.08K","-0.56%"
"10/06/2023","10302.05","10283.00","10332.95","10260.00","335.70K","+0.90%"
"10/05/2023","10210.15","10181.95","10270.95","10109.00","377.20K","+0.79%"
"10/04/2023","10129.85","10283.90","10283.90","10090.00","407.79K","-2.10%"
"10/03/2023","10346.90","10709.80","10709.80","10303.30","623.01K","-2.49%"
"09/29/2023","10610.60","10541.00","10705.50","10510.55","481.73K","+0.43%"
"09/28/2023","10565.35","10650.50","10705.00","10532.05","598.14K","-1.08%"
"09/27/2023","10680.75","10550.00","10706.00","10525.00","458.36K","+1.18%"
"09/26/2023","10556.65","10631.90","10633.95","10526.55","452.50K","-0.30%"
"09/25/2023","10588.20","10535.15","10720.00","10530.00","756.80K","+0.50%"
"09/22/2023","10535.15","10378.00","10566.75","10308.45","986.21K","+2.44%"
"09/21/2023","10284.30","10343.05","10345.00","10206.50","577.25K","-0.60%"
"09/20/2023","10346.75","10494.05","10494.05","10337.55","545.11K","-1.67%"
"09/18/2023","10522.10","10500.05","10623.65","10494.05","430.21K","-0.03%"
"09/15/2023","10525.25","10489.30","10550.00","10477.40","544.62K","+0.35%"
"09/14/2023","10488.15","10465.05","10580.00","10431.05","501.20K","+0.14%"
"09/13/2023","10473.40","10500.00","10536.40","10440.00","301.71K","-0.29%"
"09/12/2023","10503.60","10544.00","10568.40","10405.00","568.77K","-0.29%"
"09/11/2023","10533.85","10345.00","10550.00","10344.00","598.05K","+1.95%"
"09/08/2023","10332.00","10399.00","10400.00","10300.00","439.72K","+0.50%"
"09/07/2023","10280.75","10150.00","10300.90","10150.00","445.81K","+1.00%"
"09/06/2023","10178.85","10260.00","10260.00","10130.15","663.76K","-0.81%"
"09/05/2023","10262.10","10350.00","10412.70","10245.80","507.11K","-0.97%"
"09/04/2023","10362.45","10401.00","10467.95","10286.30","819.55K","+0.30%"
"09/01/2023","10331.25","9999.00","10397.95","9951.35","1.19M","+3.27%"
"08/31/2023","10003.80","9770.10","10065.00","9770.10","1.58M","+2.12%"
"08/30/2023","9796.40","9660.00","9817.95","9610.00","543.63K","+1.82%"
"08/29/2023","9621.25","9600.00","9684.75","9506.00","317.22K","+0.25%"
"08/28/2023","9597.70","9514.95","9670.00","9510.00","325.94K","+0.97%"
"08/25/2023","9505.70","9554.00","9624.75","9485.00","346.45K","-0.71%"
"08/24/2023","9573.70","9661.65","9661.65","9555.00","385.56K","-0.28%"
"08/23/2023","9600.95","9519.00","9640.00","9446.00","546.84K","+1.15%"
"08/22/2023","9491.90","9420.20","9508.05","9409.70","435.93K","+0.56%"
"08/21/2023","9438.80","9455.55","9469.00","9413.25","375.35K","-0.18%"
"08/18/2023","9456.05","9350.00","9470.00","9336.65","400.75K","+0.86%"
"08/17/2023","9375.30","9414.90","9474.75","9350.00","402.80K","-0.47%"
"08/16/2023","9419.55","9334.00","9437.75","9254.15","336.36K","+1.05%"
"08/14/2023","9321.65","9360.00","9364.00","9257.90","336.86K","-0.38%"
"08/11/2023","9356.85","9397.60","9469.00","9344.00","498.50K","-0.43%"
"08/10/2023","9397.60","9463.10","9500.00","9342.05","523.49K","-0.69%"
"08/09/2023","9463.10","9540.00","9540.05","9417.50","404.60K","-0.83%"
"08/08/2023","9542.55","9539.95","9623.00","9505.00","430.64K","+0.20%"
"08/07/2023","9523.80","9490.00","9539.80","9422.00","366.33K","+0.56%"
"08/04/2023","9470.40","9560.00","9616.00","9427.00","540.47K","-0.77%"
"08/03/2023","9543.70","9598.85","9659.95","9515.60","614.90K","-1.14%"
"08/02/2023","9653.80","9715.00","9793.45","9520.35","672.82K","-0.65%"
"08/01/2023","9716.75","9760.00","9892.00","9650.05","1.39M","-1.06%"
"07/31/2023","9820.75","9670.30","9837.70","9606.00","600.06K","+1.56%"
"07/28/2023","9670.30","9739.00","9750.00","9546.40","381.15K","-0.85%"
"07/27/2023","9753.60","9770.00","9827.15","9691.65","256.67K","-0.03%"
"07/26/2023","9756.35","9761.50","9810.00","9725.25","209.86K","-0.02%"
"07/25/2023","9758.60","9624.00","9774.95","9616.80","241.00K","+0.66%"
"07/24/2023","9694.80","9770.05","9815.00","9680.00","358.51K","-0.77%"
"07/21/2023","9770.05","9720.00","9845.00","9703.00","328.48K","-0.03%"
"07/20/2023","9772.50","9620.00","9785.00","9575.45","466.81K","+1.72%"
"07/19/2023","9607.55","9651.00","9666.00","9525.65","450.25K","-0.60%"
"07/18/2023","9665.65","9710.20","9766.30","9601.70","320.99K","-0.25%"
"07/17/2023","9689.55","9647.00","9699.00","9555.00","444.58K","+0.89%"
"07/14/2023","9603.65","9701.95","9727.30","9591.00","498.44K","-0.46%"
"07/13/2023","9647.55","9852.95","9898.95","9612.00","519.56K","-1.91%"
"07/12/2023","9835.80","9895.00","9950.00","9805.00","552.97K","-0.65%"
"07/11/2023","9900.15","9796.00","9956.85","9736.30","568.77K","+1.68%"
"07/10/2023","9736.30","9854.00","9933.35","9719.75","272.01K","-1.16%"
"07/07/2023","9850.25","9854.00","9945.00","9815.00","457.05K","-0.09%"
"07/06/2023","9859.40","9999.95","10016.30","9815.20","652.12K","-1.33%"
"07/05/2023","9992.30","9697.00","10036.95","9675.00","815.04K","+3.58%"
"07/04/2023","9647.40","9700.00","9716.50","9620.05","247.67K","-0.26%"
"07/03/2023","9673.00","9742.05","9785.85","9656.55","398.07K","-1.19%"
"06/30/2023","9789.05","9569.00","9853.50","9541.00","845.01K","+2.60%"
"06/28/2023","9540.65","9475.45","9575.00","9432.55","482.59K","+0.84%"
"06/27/2023","9461.00","9490.00","9500.00","9395.05","339.38K","-0.10%"
"06/26/2023","9470.20","9327.30","9520.00","9300.00","405.17K","+1.53%"
"06/23/2023","9327.30","9420.00","9427.00","9305.00","309.14K","-0.81%"
"06/22/2023","9403.05","9439.05","9494.35","9373.80","288.49K","-0.40%"
"06/21/2023","9440.85","9502.00","9537.00","9396.05","356.33K","-0.54%"
"06/20/2023","9492.10","9530.00","9538.90","9420.00","612.71K","-0.42%"
"06/19/2023","9532.00","9638.00","9642.15","9510.00","395.01K","-0.75%"
"06/16/2023","9603.70","9595.05","9643.40","9552.00","682.10K","+0.09%"
"06/15/2023","9594.85","9555.00","9697.80","9543.00","459.98K","+0.65%"
"06/14/2023","9532.50","9520.00","9599.00","9490.50","328.17K","+0.16%"
"06/13/2023","9517.50","9588.00","9618.05","9505.65","561.01K","-0.35%"
"06/12/2023","9550.45","9625.00","9700.00","9537.65","316.88K","-0.80%"
"06/09/2023","9627.80","9675.50","9713.90","9611.10","161.39K","-0.32%"
"06/08/2023","9658.60","9733.00","9765.00","9625.50","273.75K","-0.50%"
"06/07/2023","9707.50","9788.00","9800.00","9650.50","453.75K","-0.29%"
"06/06/2023","9736.20","9629.00","9770.00","9611.00","542.32K","+1.61%"
"06/05/2023","9582.10","9552.50","9640.00","9488.55","434.65K","+1.02%"
"06/02/2023","9485.35","9389.00","9525.15","9312.70","445.11K","+1.68%"
"06/01/2023","9328.30","9337.50","9377.55","9222.00","378.71K","-0.42%"
"05/31/2023","9367.70","9449.95","9449.95","9267.60","1.61M","-0.17%"
"05/30/2023","9383.35","9380.00","9402.90","9300.00","372.00K","+0.53%"
"05/29/2023","9333.50","9435.00","9488.80","9312.05","236.83K","-0.71%"
"05/26/2023","9399.95","9333.00","9415.00","9311.25","346.76K","+1.27%"
"05/25/2023","9281.85","9220.75","9293.40","9216.05","218.98K","+0.12%"
"05/24/2023","9270.75","9168.00","9318.20","9159.00","470.37K","+0.76%"
"05/23/2023","9200.70","9169.00","9235.00","9156.75","269.01K","+0.48%"
"05/22/2023","9156.65","9090.00","9169.70","9073.85","182.12K","+0.56%"
"05/19/2023","9105.95","9060.00","9118.20","8960.55","543.47K","+0.58%"
"05/18/2023","9053.30","9144.95","9150.00","9044.10","272.50K","-0.72%"
"05/17/2023","9119.40","9080.35","9132.00","9032.05","290.48K","+0.53%"
"05/16/2023","9071.35","9219.10","9229.30","9057.10","448.98K","-1.48%"
"05/15/2023","9207.30","9242.00","9307.50","9185.40","259.32K","-0.95%"
"05/12/2023","9295.40","9260.95","9329.80","9232.65","403.03K","+0.37%"
"05/11/2023","9260.90","9242.95","9315.00","9142.05","644.55K","+1.01%"
"05/10/2023","9168.15","9128.80","9180.00","9060.00","366.83K","+0.62%"
"05/09/2023","9111.55","9083.00","9140.00","9051.85","415.39K","+0.39%"
"05/08/2023","9076.25","9046.00","9120.95","8960.00","678.78K","+1.43%"
"05/05/2023","8948.65","8800.60","8988.00","8790.00","951.59K","+1.68%"
"05/04/2023","8800.60","8796.65","8822.95","8743.00","271.93K","+0.04%"
"05/03/2023","8797.30","8770.00","8828.00","8715.05","537.01K","+0.23%"
"05/02/2023","8776.85","8622.70","8827.00","8606.00","865.56K","+2.18%"
"04/28/2023","8589.55","8593.00","8612.45","8535.10","387.57K","+0.55%"
"04/27/2023","8542.95","8570.00","8570.00","8471.25","536.52K","+0.42%"
"04/26/2023","8506.90","8527.00","8550.00","8434.90","959.06K","+0.45%"
"04/25/2023","8468.90","8510.00","8525.00","8420.00","906.41K","+0.03%"
"04/24/2023","8466.15","8577.00","8577.00","8444.75","543.75K","-1.08%"
"04/21/2023","8558.45","8679.40","8704.00","8550.00","424.16K","-1.79%"
"04/20/2023","8714.65","8670.00","8739.90","8665.15","369.06K","+0.40%"
"04/19/2023","8679.95","8690.05","8741.80","8662.45","280.82K","-0.60%"
"04/18/2023","8732.65","8692.95","8748.80","8690.00","276.11K","+0.67%"
"04/17/2023","8674.65","8850.00","8850.00","8650.00","489.36K","+0.04%"
"04/13/2023","8670.80","8628.05","8704.00","8620.00","480.20K","+0.58%"
"04/12/2023","8621.05","8672.00","8709.95","8591.00","408.46K","-0.44%"
"04/11/2023","8659.55","8580.00","8670.95","8545.00","409.24K","+1.46%"
"04/10/2023","8535.15","8456.60","8555.80","8403.05","308.27K","+0.22%"
"04/06/2023","8516.65","8464.00","8535.00","8377.10","309.55K","+0.82%"
"04/05/2023","8447.05","8521.95","8548.00","8430.00","272.89K","-0.66%"
"04/03/2023","8503.05","8412.85","8579.00","8390.35","627.26K","+2.54%"
"03/31/2023","8292.15","8325.95","8370.00","8257.05","478.76K","-0.04%"
"03/29/2023","8295.30","8249.85","8319.10","8187.50","339.85K","+1.05%"
"03/28/2023","8208.80","8305.90","8355.60","8140.00","360.35K","-0.84%"
"03/27/2023","8278.35","8250.00","8316.80","8229.55","364.33K","+0.43%"
"03/24/2023","8242.90","8353.20","8386.50","8211.00","391.84K","-1.32%"
"03/23/2023","8353.20","8264.00","8375.00","8232.60","540.55K","+1.22%"
"03/22/2023","8252.40","8236.00","8289.60","8217.00","218.12K","+0.29%"
"03/21/2023","8228.40","8245.00","8275.00","8215.00","287.50K","+0.11%"
"03/20/2023","8219.60","8316.85","8316.85","8130.00","488.20K","-1.17%"
"03/17/2023","8316.85","8503.00","8510.95","8293.55","471.60K","-1.43%"
"03/16/2023","8437.45","8460.10","8533.40","8411.00","340.26K","-0.44%"
"03/15/2023","8474.95","8650.00","8704.95","8440.00","509.23K","-0.44%"
"03/14/2023","8512.15","8544.95","8544.95","8445.00","349.51K","-0.07%"
"03/13/2023","8518.40","8601.55","8637.30","8481.10","479.31K","-0.97%"
"03/10/2023","8601.55","8530.00","8628.00","8480.10","516.13K","+0.70%"
"03/09/2023","8541.95","8725.00","8737.00","8534.05","431.47K","-1.75%"
"03/08/2023","8693.90","8625.00","8712.05","8610.05","348.17K","+0.72%"
"03/06/2023","8631.45","8640.00","8663.00","8590.95","275.42K","+0.35%"
"03/03/2023","8601.25","8592.05","8629.00","8550.00","437.98K","+0.61%"
"03/02/2023","8548.75","8771.00","8771.00","8509.10","603.89K","-2.46%"
"03/01/2023","8764.15","8620.00","8776.25","8620.00","333.44K","+1.62%"
"02/28/2023","8624.35","8650.00","8709.00","8605.30","371.00K","-0.09%"
"02/27/2023","8632.20","8630.00","8643.05","8530.00","220.22K","-0.33%"
"02/24/2023","8660.50","8711.00","8740.00","8609.30","242.98K","-0.41%"
"02/23/2023","8696.25","8693.45","8747.45","8616.00","317.54K","+0.43%"
"02/22/2023","8658.95","8675.50","8719.00","8585.00","363.93K","-0.13%"
"02/21/2023","8669.85","8694.00","8720.00","8638.45","323.48K","-0.27%"
"02/20/2023","8693.65","8807.75","8849.00","8675.25","298.43K","-1.30%"
"02/17/2023","8807.75","8787.00","8874.00","8749.75","214.59K","+0.03%"
"02/16/2023","8805.10","8880.00","8880.00","8790.00","247.51K","-0.46%"
"02/15/2023","8845.35","8774.45","8895.70","8742.00","452.57K","+0.81%"
"02/14/2023","8774.45","8815.00","8847.00","8765.00","227.03K","-0.40%"
"02/13/2023","8809.45","8787.00","8864.40","8755.70","253.04K","-0.02%"
"02/10/2023","8811.35","8797.80","8875.00","8772.95","276.30K","+0.12%"
"02/09/2023","8801.20","8802.30","8833.00","8700.00","392.19K","-0.38%"
"02/08/2023","8834.70","8773.00","8854.50","8673.05","391.64K","+0.82%"
"02/07/2023","8762.45","8908.00","8920.00","8752.55","318.67K","-1.63%"
"02/06/2023","8908.00","8926.95","8936.00","8820.00","205.16K","-0.38%"
"02/03/2023","8942.30","8940.00","8963.00","8845.15","351.16K","+0.81%"
"02/02/2023","8870.15","8765.00","8940.00","8751.10","457.00K","+1.16%"
"02/01/2023","8768.85","8937.00","9030.45","8673.90","707.46K","-1.42%"
"01/31/2023","8895.30","8856.90","8943.85","8830.20","643.67K","+0.89%"
"01/30/2023","8817.00","8779.00","8865.00","8718.00","1.04M","+0.91%"
"01/27/2023","8737.50","8828.45","8889.00","8620.10","743.55K","-0.53%"
"01/25/2023","8784.10","8747.90","8833.00","8680.30","1.13M","+0.98%"
"01/24/2023","8698.80","8450.00","8718.00","8417.00","1.04M","+3.35%"
"01/23/2023","8417.10","8480.00","8482.00","8377.90","410.83K","-0.27%"
"01/20/2023","8439.80","8462.05","8500.00","8412.00","346.34K","-0.73%"
"01/19/2023","8501.65","8479.00","8519.00","8456.50","184.78K","+0.09%"
"01/18/2023","8494.05","8473.00","8537.40","8464.30","402.88K","+0.17%"
"01/17/2023","8479.35","8409.85","8493.30","8342.15","409.25K","+1.18%"
"01/16/2023","8380.10","8480.00","8514.30","8343.60","500.57K","-0.87%"
"01/13/2023","8453.40","8397.00","8500.05","8351.00","705.22K","+1.01%"
"01/12/2023","8369.20","8315.00","8377.00","8260.00","283.77K","+1.02%"
"01/11/2023","8284.45","8334.65","8334.65","8249.15","327.54K","-0.10%"
"01/10/2023","8293.15","8380.00","8410.00","8262.90","493.68K","-1.00%"
"01/09/2023","8377.00","8424.85","8446.95","8325.10","613.41K","-0.07%"
"01/06/2023","8383.05","8460.00","8483.95","8350.00","368.98K","-0.92%"
"01/05/2023","8461.10","8444.95","8475.00","8390.05","417.72K","+0.45%"
"01/04/2023","8422.80","8376.00","8537.05","8311.05","566.74K","+0.48%"
"01/03/2023","8382.75","8380.00","8402.00","8304.15","493.21K","-0.24%"
"01/02/2023","8403.30","8365.00","8454.00","8337.60","398.16K","+0.10%"
"12/30/2022","8394.60","8470.00","8490.00","8362.25","433.98K","-0.49%"
"12/29/2022","8435.80","8370.00","8449.00","8333.00","452.13K","+0.18%"
"12/28/2022","8421.05","8315.00","8453.50","8287.60","538.63K","+1.39%"
"12/27/2022","8305.45","8298.95","8315.00","8230.80","423.31K","+0.59%"
"12/26/2022","8256.80","8147.00","8346.00","8076.05","315.10K","+1.41%"
"12/23/2022","8141.60","8299.70","8329.95","8122.85","503.01K","-2.31%"
"12/22/2022","8334.35","8356.65","8384.00","8288.00","580.86K","-0.19%"
"12/21/2022","8350.40","8524.35","8566.95","8288.30","800.72K","-2.04%"
"12/20/2022","8524.35","8584.40","8584.40","8432.05","694.91K","-0.92%"
"12/19/2022","8603.85","8498.80","8621.45","8451.00","464.11K","+1.39%"
"12/16/2022","8485.80","8559.50","8588.00","8446.00","624.22K","-1.15%"
"12/15/2022","8584.15","8641.00","8673.60","8575.00","472.18K","-0.66%"
"12/14/2022","8641.60","8650.00","8677.70","8596.05","343.67K","+0.24%"
"12/13/2022","8620.70","8662.00","8697.35","8610.00","330.24K","-0.45%"
"12/12/2022","8659.75","8609.00","8693.30","8515.30","445.04K","+0.54%"
"12/09/2022","8613.35","8707.00","8763.75","8545.45","790.41K","-0.80%"
"12/08/2022","8682.70","8665.00","8711.00","8606.05","476.00K","+0.27%"
"12/07/2022","8659.15","8720.00","8747.85","8641.00","546.45K","-0.67%"
"12/06/2022","8717.35","8777.20","8800.00","8694.95","551.38K","-0.85%"
"12/05/2022","8792.05","8844.00","8853.20","8765.00","519.62K","-0.27%"
"12/02/2022","8815.85","8820.00","8928.90","8754.75","971.61K","-1.59%"
"12/01/2022","8958.15","9019.05","9025.00","8930.00","694.49K","-0.18%"
"11/30/2022","8974.15","8924.00","9020.00","8870.00","1.09M","+0.72%"
"11/29/2022","8910.20","8985.00","9024.75","8888.00","606.69K","-0.84%"
"11/28/2022","8985.40","9028.00","9104.10","8950.00","439.96K","-0.38%"
"11/25/2022","9019.50","9000.00","9080.00","8947.50","545.44K","+0.58%"
"11/24/2022","8967.10","8968.90","8994.90","8921.00","455.34K","+0.36%"
"11/23/2022","8934.50","8940.00","8989.00","8902.00","621.01K","+0.68%"
"11/22/2022","8873.75","8875.00","8934.95","8859.05","455.95K","+0.10%"
"11/21/2022","8865.20","8825.00","8929.20","8786.00","520.64K","+0.19%"
"11/18/2022","8848.05","9010.00","9023.95","8836.00","515.62K","-1.54%"
"11/17/2022","8986.45","9101.00","9169.60","8970.00","409.57K","-1.63%"
"11/16/2022","9134.95","9160.00","9252.50","9099.85","350.74K","-0.30%"
"11/15/2022","9162.20","9190.00","9203.55","9130.00","359.89K","+0.11%"
"11/14/2022","9152.35","9100.00","9163.05","8992.55","282.82K","+0.71%"
"11/11/2022","9087.55","9200.00","9240.00","9050.00","461.07K","-0.11%"
"11/10/2022","9097.25","9201.00","9250.75","9071.00","445.70K","-1.69%"
"11/09/2022","9253.50","9480.35","9480.85","9220.00","617.26K","-0.86%"
"11/07/2022","9333.30","9277.00","9352.80","9254.30","469.02K","+1.12%"
"11/04/2022","9229.50","9257.90","9324.00","9191.05","465.77K","-0.10%"
"11/03/2022","9239.10","9210.00","9310.00","9164.40","616.86K","+0.11%"
"11/02/2022","9229.40","9445.00","9454.60","9210.00","788.68K","-2.38%"
"11/01/2022","9454.60","9635.00","9636.90","9375.00","805.52K","-0.77%"
"10/31/2022","9527.60","9650.00","9769.00","9451.10","1.93M","+0.37%"
"10/28/2022","9492.55","9095.00","9549.95","9051.00","1.87M","+4.98%"
"10/27/2022","9041.95","9050.00","9076.95","8902.00","849.11K","+0.41%"
"10/25/2022","9005.00","8820.00","9017.00","8797.40","727.44K","+2.73%"
"10/24/2022","8765.45","8788.80","8788.80","8745.85","30.05K","+0.71%"
"10/21/2022","8703.30","8730.00","8794.00","8641.00","356.20K","-0.05%"
"10/20/2022","8707.40","8700.00","8739.20","8611.00","328.27K","-0.14%"
"10/19/2022","8719.35","8851.40","8855.00","8695.00","385.42K","-1.00%"
"10/18/2022","8807.35","8765.05","8888.25","8752.05","369.97K","+0.96%"
"10/17/2022","8723.80","8610.00","8749.70","8567.05","304.67K","+1.24%"
"10/14/2022","8617.30","8760.00","8766.60","8606.30","274.16K","-0.37%"
"10/13/2022","8649.55","8665.00","8785.45","8592.00","355.61K","-0.43%"
"10/12/2022","8686.60","8698.00","8720.00","8590.60","380.37K","+0.03%"
"10/11/2022","8684.15","8811.00","8850.00","8665.00","422.61K","-2.01%"
"10/10/2022","8862.40","8675.00","8876.45","8658.00","411.22K","+0.95%"
"10/07/2022","8779.10","8750.00","8845.60","8711.00","428.62K","+0.87%"
"10/06/2022","8703.00","8734.00","8825.00","8690.50","474.44K","+0.14%"
"10/04/2022","8690.50","8699.00","8758.55","8630.00","503.14K","+1.68%"
"10/03/2022","8547.00","8970.00","8970.00","8510.00","1.12M","-3.18%"
"09/30/2022","8828.15","8668.00","8872.00","8558.20","658.98K","+2.36%"
"09/29/2022","8624.85","8770.40","8800.00","8604.10","817.01K","-1.17%"
"09/28/2022","8726.75","8720.00","8850.00","8660.05","663.74K","-0.54%"
"09/27/2022","8774.05","8890.00","8908.95","8670.50","686.28K","-0.69%"
"09/26/2022","8834.95","9270.30","9270.30","8800.00","865.43K","-5.44%"
"09/23/2022","9343.45","9397.95","9451.00","9277.35","574.21K","-0.62%"
"09/22/2022","9401.85","9199.00","9435.00","9186.00","511.11K","+1.66%"
"09/21/2022","9247.90","9300.00","9398.00","9211.45","440.73K","-0.57%"
"09/20/2022","9300.85","9339.00","9430.00","9250.00","747.26K","+0.22%"
"09/19/2022","9280.85","9175.30","9343.45","9070.00","727.02K","+0.99%"
"09/16/2022","9189.65","9209.50","9315.90","9020.05","1.06M","-0.22%"
"09/15/2022","9209.75","9030.05","9325.00","9030.00","1.39M","+2.70%"
"09/14/2022","8967.20","8859.85","9000.00","8825.70","509.55K","+0.46%"
"09/13/2022","8926.50","8972.30","8989.05","8910.90","405.09K","-0.01%"
"09/12/2022","8927.65","8969.90","9012.30","8904.00","383.64K","-0.21%"
"09/09/2022","8946.00","8834.65","8989.00","8730.00","632.30K","+1.77%"
"09/08/2022","8790.65","8829.00","8885.10","8780.00","428.92K","+0.07%"
"09/07/2022","8784.90","8864.00","8873.55","8760.00","496.79K","-1.17%"
"09/06/2022","8888.75","8984.30","9022.75","8870.00","397.90K","-0.68%"
"09/05/2022","8950.05","8900.00","9016.80","8875.00","386.45K","+0.34%"
"09/02/2022","8919.60","9026.50","9149.90","8902.10","632.91K","-1.16%"
"09/01/2022","9024.50","8949.95","9233.65","8941.00","888.86K","-0.64%"
"08/30/2022","9082.25","8884.80","9164.00","8870.00","1.02M","+2.81%"
"08/29/2022","8834.20","8602.60","8859.90","8590.00","459.06K","+1.30%"
"08/26/2022","8720.60","8800.00","8832.75","8706.20","398.06K","-0.18%"
"08/25/2022","8735.90","8721.00","8835.00","8680.00","525.72K","+0.37%"
"08/24/2022","8704.00","8660.00","8772.00","8594.00","442.58K","-0.19%"
"08/23/2022","8720.50","8607.00","8757.00","8564.00","558.23K","+1.07%"
"08/22/2022","8628.00","8751.00","8767.45","8602.20","488.49K","-1.72%"
"08/19/2022","8778.95","8955.45","8968.00","8715.00","572.60K","-1.89%"
"08/18/2022","8947.70","8925.00","9012.40","8877.00","442.23K","+0.04%"
"08/17/2022","8944.35","9010.00","9070.00","8920.00","623.75K","-0.66%"
"08/16/2022","9003.70","8737.15","9040.00","8705.05","963.73K","+3.50%"
"08/12/2022","8699.20","8815.00","8815.00","8675.00","712.78K","-1.30%"
"08/11/2022","8813.85","8955.70","8998.00","8724.00","508.32K","-0.74%"
"08/10/2022","8879.70","8938.60","8999.50","8826.00","445.38K","-0.47%"
"08/08/2022","8921.95","8841.20","8998.00","8841.00","520.99K","+0.91%"
"08/05/2022","8841.20","8966.80","8985.20","8810.00","558.38K","-1.40%"
"08/04/2022","8966.70","9024.00","9048.00","8830.00","643.26K","+0.08%"
"08/03/2022","8959.45","9144.75","9144.75","8855.60","753.73K","-2.33%"
"08/02/2022","9173.05","8985.00","9196.85","8954.00","848.31K","+1.88%"
"08/01/2022","9003.40","8850.00","9085.00","8822.60","1.01M","+2.62%"
"07/29/2022","8773.55","8764.70","8943.00","8730.00","821.43K","+0.60%"
"07/28/2022","8721.05","8700.00","8770.15","8628.80","725.20K","+0.73%"
"07/27/2022","8658.10","8555.55","8707.45","8460.00","1.30M","+1.55%"
"07/26/2022","8525.85","8622.00","8625.40","8471.35","429.45K","-1.11%"
"07/25/2022","8621.60","8828.50","8858.60","8490.00","623.46K","-2.37%"
"07/22/2022","8830.95","8850.00","8889.00","8791.00","415.29K","+0.39%"
"07/21/2022","8797.00","8793.00","8831.90","8722.05","421.09K","+0.55%"
"07/20/2022","8749.05","8775.50","8865.45","8720.20","398.13K","+0.38%"
"07/19/2022","8715.85","8699.95","8798.90","8667.45","478.46K","+0.13%"
"07/18/2022","8704.80","8802.00","8843.00","8684.00","478.68K","-0.83%"
"07/15/2022","8778.05","8596.00","8799.00","8576.20","631.25K","+2.45%"
"07/14/2022","8567.75","8464.95","8587.35","8450.00","606.50K","+1.51%"
"07/13/2022","8440.20","8454.00","8488.15","8381.00","413.86K","+0.24%"
"07/12/2022","8419.70","8495.00","8497.45","8376.25","424.36K","-1.03%"
"07/11/2022","8507.65","8451.70","8525.00","8416.10","536.11K","+0.37%"
"07/08/2022","8475.95","8620.00","8656.95","8445.00","686.33K","-1.52%"
"07/07/2022","8606.40","8695.00","8700.00","8576.20","547.66K","-0.27%"
"07/06/2022","8630.05","8377.00","8652.45","8370.00","976.10K","+3.37%"
"07/05/2022","8348.70","8498.50","8508.55","8335.00","610.29K","-1.12%"
"07/04/2022","8443.35","8402.60","8467.60","8320.00","625.43K","+0.48%"
"07/01/2022","8402.60","8440.00","8450.00","8305.60","530.57K","-0.80%"
"06/30/2022","8470.75","8500.00","8634.60","8435.60","1.13M","-0.45%"
"06/29/2022","8508.90","8389.95","8530.00","8370.00","655.41K","+0.23%"
"06/28/2022","8489.70","8415.25","8539.90","8381.05","691.24K","+0.48%"
"06/27/2022","8448.75","8444.00","8546.70","8391.25","921.09K","+1.02%"
"06/24/2022","8363.20","8310.00","8390.00","8238.30","1.16M","+1.11%"
"06/23/2022","8271.00","7810.00","8317.80","7803.00","1.68M","+6.27%"
"06/22/2022","7782.75","7750.00","7869.00","7716.60","796.82K","+0.03%"
"06/21/2022","7780.60","7714.95","7840.00","7625.15","954.88K","+1.56%"
"06/20/2022","7660.95","7699.80","7784.10","7626.00","1.04M","-0.35%"
"06/17/2022","7688.15","7805.00","7849.70","7646.15","1.32M","-1.86%"
"06/16/2022","7833.60","7938.00","8025.00","7805.00","1.32M","-0.25%"
"06/15/2022","7853.45","7816.00","7929.00","7816.00","604.57K","+0.54%"
"06/14/2022","7811.65","7805.00","7901.40","7750.00","553.46K","-1.14%"
"06/13/2022","7901.60","7849.95","7967.35","7793.75","565.83K","-0.42%"
"06/10/2022","7935.10","7826.00","7988.20","7826.00","442.92K","+0.07%"
"06/09/2022","7929.85","7848.00","8010.00","7830.10","687.94K","+0.47%"
"06/08/2022","7892.45","7824.00","7921.00","7720.70","813.60K","+1.06%"
"06/07/2022","7809.40","7615.05","7820.00","7555.00","991.19K","+1.28%"
"06/06/2022","7710.55","7690.00","7776.90","7591.45","606.99K","+0.07%"
"06/03/2022","7705.05","7950.00","7995.00","7681.00","591.90K","-2.78%"
"06/02/2022","7925.40","7925.00","7972.00","7855.60","352.85K","-0.18%"
"06/01/2022","7939.40","7975.05","8068.90","7880.10","522.00K","-0.34%"
"05/31/2022","7966.35","8013.90","8100.00","7900.00","2.49M","-0.59%"
"05/30/2022","8013.90","7980.20","8060.00","7951.00","389.52K","+0.89%"
"05/27/2022","7942.95","7925.00","7965.90","7833.00","431.41K","+1.77%"
"05/26/2022","7805.00","7800.00","7839.95","7620.00","476.80K","+0.23%"
"05/25/2022","7787.25","7840.00","7859.50","7696.05","454.33K","-0.20%"
"05/24/2022","7802.65","7919.00","7941.95","7791.30","581.61K","-1.20%"
"05/23/2022","7897.45","7800.10","7954.85","7776.10","1.16M","+4.10%"
"05/20/2022","7586.60","7520.55","7648.90","7450.00","742.20K","+2.46%"
"05/19/2022","7404.55","7450.00","7525.00","7385.05","363.25K","-2.14%"
"05/18/2022","7566.55","7566.00","7640.15","7509.60","576.97K","+0.45%"
"05/17/2022","7532.80","7280.00","7584.65","7255.05","811.45K","+3.94%"
"05/16/2022","7247.60","7157.00","7305.35","7150.00","369.55K","+2.05%"
"05/13/2022","7101.95","7340.00","7340.00","7062.35","703.10K","-2.09%"
"05/12/2022","7253.65","7221.50","7323.95","7210.80","571.75K","-1.93%"
"05/11/2022","7396.45","7519.00","7559.55","7346.60","605.31K","-1.59%"
"05/10/2022","7515.90","7350.15","7575.00","7350.15","663.62K","+2.11%"
"05/09/2022","7360.30","7201.50","7424.50","7130.00","570.58K","+1.11%"
"05/06/2022","7279.25","7314.00","7359.90","7156.65","650.56K","-1.73%"
"05/05/2022","7407.65","7450.00","7538.00","7380.15","524.17K","+0.13%"
"05/04/2022","7397.90","7650.00","7747.00","7356.50","599.21K","-3.10%"
"05/02/2022","7634.75","7665.00","7750.00","7544.30","544.05K","-1.08%"
"04/29/2022","7717.80","7918.00","7946.50","7626.00","1.16M","-2.16%"
"04/28/2022","7888.15","7844.00","7940.00","7766.70","561.93K","+1.28%"
"04/27/2022","7788.40","7851.00","7865.00","7720.00","570.52K","-1.50%"
"04/26/2022","7906.75","8000.00","8067.50","7830.00","801.96K","-0.07%"
"04/25/2022","7912.35","7810.00","7998.00","7810.00","701.52K","+0.10%"
"04/22/2022","7904.50","7789.00","8016.65","7731.00","960.82K","+0.32%"
"04/21/2022","7879.20","7709.80","7899.80","7686.05","772.71K","+2.77%"
"04/20/2022","7666.70","7499.00","7699.00","7472.60","542.62K","+3.11%"
"04/19/2022","7435.10","7580.00","7678.00","7350.00","425.99K","-1.83%"
"04/18/2022","7573.50","7374.50","7599.00","7355.00","551.78K","+1.39%"
"04/13/2022","7469.50","7618.35","7704.95","7440.00","527.99K","-1.95%"
"04/12/2022","7618.35","7540.00","7711.50","7500.00","598.05K","+0.70%"
"04/11/2022","7565.40","7614.85","7616.55","7485.00","496.25K","+0.10%"
"04/08/2022","7557.95","7708.80","7730.50","7515.40","849.85K","-1.08%"
"04/07/2022","7640.50","7659.75","7748.00","7621.05","458.57K","-1.34%"
"04/06/2022","7744.20","7739.00","7849.00","7675.00","393.63K","-0.23%"
"04/05/2022","7761.85","7781.00","7900.00","7730.00","488.13K","-0.17%"
"04/04/2022","7774.80","7650.00","7794.00","7631.65","491.03K","+0.97%"
"04/01/2022","7700.05","7574.00","7729.00","7517.35","449.39K","+1.84%"
"03/31/2022","7561.30","7598.55","7652.75","7528.00","434.32K","-0.49%"
"03/30/2022","7598.60","7521.00","7629.95","7490.00","589.21K","+2.14%"
"03/29/2022","7439.15","7535.00","7563.10","7401.00","446.26K","-0.51%"
"03/28/2022","7477.35","7425.00","7539.00","7413.00","599.51K","+0.83%"
"03/25/2022","7415.45","7515.00","7542.30","7385.00","686.64K","-1.87%"
"03/24/2022","7556.95","7599.30","7655.00","7526.35","565.49K","-1.15%"
"03/23/2022","7644.85","7800.00","7862.80","7611.00","808.60K","-1.57%"
"03/22/2022","7766.65","7714.95","7809.00","7536.65","1.09M","+0.79%"
"03/21/2022","7705.55","7844.00","7940.00","7650.00","1.35M","+0.16%"
"03/17/2022","7693.00","7574.00","7741.95","7530.00","1.13M","+2.77%"
"03/16/2022","7485.80","7570.00","7595.75","7440.00","584.46K","+0.89%"
"03/15/2022","7420.10","7321.00","7620.00","7318.00","1.59M","+1.41%"
"03/14/2022","7316.75","7050.00","7335.00","7012.00","1.02M","+3.02%"
"03/11/2022","7102.55","7200.00","7200.00","7080.00","1.02M","-1.51%"
"03/10/2022","7211.80","7255.00","7399.85","7177.30","1.54M","+2.63%"
"03/09/2022","7026.85","6874.00","7078.10","6777.00","1.83M","+3.24%"
"03/08/2022","6806.30","6705.00","6855.00","6536.55","2.84M","+0.55%"
"03/07/2022","6769.05","6992.00","7029.85","6730.00","2.47M","-6.60%"
"03/04/2022","7247.30","7482.00","7519.20","7130.00","2.51M","-4.58%"
"03/03/2022","7595.55","7924.00","7939.95","7558.50","1.05M","-2.80%"
"03/02/2022","7814.20","8197.70","8199.00","7764.00","1.78M","-6.01%"
"02/28/2022","8314.15","8300.00","8339.95","8114.10","961.30K","-0.50%"
"02/25/2022","8356.10","8260.00","8466.00","8209.55","1.34M","+1.78%"
"02/24/2022","8210.15","8402.00","8587.25","8155.00","947.35K","-5.62%"
"02/23/2022","8698.85","8690.00","8789.95","8655.20","557.95K","+0.88%"
"02/22/2022","8622.80","8495.00","8659.80","8384.85","620.83K","+0.12%"
"02/21/2022","8612.70","8544.05","8724.25","8443.60","626.05K","+0.51%"
"02/18/2022","8569.10","8550.00","8645.95","8520.05","385.27K","+0.19%"
"02/17/2022","8552.45","8575.00","8658.30","8525.00","305.31K","-0.36%"
"02/16/2022","8582.95","8720.00","8736.40","8544.00","422.70K","-0.46%"
"02/15/2022","8622.70","8410.00","8664.25","8356.50","682.77K","+3.06%"
"02/14/2022","8366.40","8500.00","8615.05","8325.00","995.54K","-4.24%"
"02/11/2022","8737.15","8738.00","8865.00","8673.30","671.57K","-0.78%"
"02/10/2022","8805.45","9050.00","9050.00","8789.90","811.89K","-1.61%"
"02/09/2022","8949.45","8622.00","8989.80","8622.00","1.40M","+4.07%"
"02/08/2022","8599.45","8616.70","8789.10","8436.05","998.18K","+1.03%"
"02/07/2022","8511.65","8545.00","8615.00","8400.00","446.10K","-0.45%"
"02/04/2022","8550.55","8639.90","8680.00","8492.10","404.42K","-0.50%"
"02/03/2022","8593.65","8550.00","8798.00","8522.70","810.02K","+0.92%"
"02/02/2022","8515.25","8579.70","8683.00","8440.25","580.43K","-0.52%"
"02/01/2022","8559.40","8693.00","8790.80","8351.00","819.69K","-0.44%"
"01/31/2022","8597.30","8625.00","8720.00","8552.80","561.42K","+0.54%"
"01/28/2022","8550.95","8795.00","8930.00","8522.35","1.05M","-3.05%"
"01/27/2022","8820.20","8656.00","8971.65","8400.05","2.90M","+2.53%"
"01/25/2022","8602.60","7990.00","8664.00","7887.90","2.16M","+6.83%"
"01/24/2022","8052.30","8189.00","8332.80","7952.80","1.15M","-1.68%"
"01/21/2022","8189.60","7970.00","8244.00","7856.05","1.04M","+1.91%"
"01/20/2022","8036.35","8000.00","8140.00","7997.55","522.85K","+0.26%"
"01/19/2022","8015.70","7929.00","8060.00","7860.00","681.63K","+1.27%"
"01/18/2022","7915.15","8248.95","8248.95","7891.50","785.20K","-4.24%"
"01/17/2022","8265.50","8124.80","8368.90","8100.10","862.25K","+2.24%"
"01/14/2022","8084.20","7951.00","8145.00","7951.00","299.54K","+0.09%"
"01/13/2022","8077.05","8175.00","8260.00","7952.00","684.93K","-1.15%"
"01/12/2022","8170.75","8200.00","8200.00","8115.00","288.17K","+0.33%"
"01/11/2022","8143.85","8100.00","8162.45","8069.30","688.92K","+0.22%"
"01/10/2022","8125.60","7950.00","8232.00","7924.15","827.93K","+2.78%"
"01/07/2022","7906.00","7882.10","7944.80","7835.50","523.12K","+0.30%"
"01/06/2022","7882.10","7782.00","7899.45","7683.95","739.98K","+1.37%"
"01/05/2022","7775.35","7624.85","7808.00","7605.60","710.04K","+1.90%"
"01/04/2022","7630.10","7600.00","7649.00","7520.00","495.18K","+1.41%"
"01/03/2022","7523.90","7420.00","7605.95","7420.00","456.60K","+1.31%"
"12/31/2021","7426.45","7290.05","7449.50","7290.05","313.40K","+1.98%"
"12/30/2021","7282.25","7350.00","7395.15","7255.40","296.04K","-0.92%"
"12/29/2021","7350.05","7297.70","7365.00","7240.45","287.78K","+0.72%"
"12/28/2021","7297.45","7320.00","7359.00","7255.10","214.53K","+0.11%"
"12/27/2021","7289.50","7277.10","7330.00","7186.20","190.18K","-0.38%"
"12/24/2021","7317.10","7441.00","7449.85","7252.15","357.45K","-0.95%"
"12/23/2021","7387.15","7481.00","7500.00","7355.00","249.92K","-0.49%"
"12/22/2021","7423.75","7305.50","7454.00","7305.50","368.98K","+1.48%"
"12/21/2021","7315.15","7306.50","7404.95","7284.00","415.74K","+0.39%"
"12/20/2021","7286.60","7200.00","7321.55","7035.85","867.42K","-0.14%"
"12/17/2021","7296.60","7480.00","7480.00","7241.00","1.08M","-2.07%"
"12/16/2021","7450.80","7591.50","7621.00","7406.00","595.58K","-1.55%"
"12/15/2021","7567.95","7476.00","7640.00","7453.05","529.02K","+1.00%"
"12/14/2021","7493.15","7516.80","7556.30","7457.80","749.70K","-0.31%"
"12/13/2021","7516.40","7485.00","7575.90","7425.00","883.01K","+1.22%"
"12/10/2021","7425.65","7380.00","7475.00","7357.95","431.68K","+0.05%"
"12/09/2021","7421.75","7469.00","7469.00","7325.00","615.04K","-0.18%"
"12/08/2021","7434.90","7225.00","7497.85","7151.10","930.34K","+3.46%"
"12/07/2021","7186.60","7129.00","7261.80","7091.20","637.15K","+2.04%"
"12/06/2021","7042.85","7193.00","7200.00","7021.00","609.51K","-2.30%"
"12/03/2021","7208.70","7305.00","7329.00","7148.75","603.80K","-1.59%"
"12/02/2021","7324.95","7285.00","7355.45","7245.65","618.57K","+0.71%"
"12/01/2021","7273.25","7191.00","7380.00","7130.05","1.67M","+2.91%"
"11/30/2021","7067.80","7149.50","7250.00","7015.55","1.29M","-1.14%"
"11/29/2021","7149.50","7166.00","7210.00","6990.70","733.01K","-0.29%"
"11/26/2021","7170.50","7520.00","7520.00","7130.00","1.15M","-5.31%"
"11/25/2021","7572.50","7640.00","7719.40","7435.00","1.01M","-1.26%"
"11/24/2021","7669.45","7865.50","7897.95","7636.60","571.08K","-2.35%"
"11/23/2021","7854.00","7849.10","7953.95","7805.00","567.20K","-0.13%"
"11/22/2021","7864.40","8158.00","8187.85","7806.55","672.30K","-3.11%"
"11/18/2021","8117.15","8234.00","8368.00","8001.10","1.34M","-1.90%"
"11/17/2021","8274.75","8035.00","8350.00","8015.05","2.38M","+2.79%"
"11/16/2021","8050.35","7545.00","8128.75","7535.05","2.62M","+7.29%"
"11/15/2021","7503.10","7452.00","7579.85","7452.00","314.41K","+0.31%"
"11/12/2021","7479.85","7530.00","7544.00","7442.00","349.67K","+0.35%"
"11/11/2021","7453.45","7512.00","7567.50","7442.00","486.99K","-0.77%"
"11/10/2021","7511.65","7570.00","7580.00","7460.00","562.43K","-0.87%"
"11/09/2021","7577.55","7709.00","7764.50","7538.70","632.88K","-1.39%"
"11/08/2021","7684.60","7759.95","7882.60","7672.00","428.43K","-0.81%"
"11/04/2021","7747.40","7774.70","7819.95","7735.50","53.37K","+0.17%"
"11/03/2021","7734.25","7791.75","7842.25","7711.60","656.49K","-0.74%"
"11/02/2021","7791.75","7647.95","7910.00","7630.80","1.30M","+2.31%"
"11/01/2021","7615.55","7401.00","7666.00","7401.00","1.01M","+1.78%"
"10/29/2021","7482.40","7350.00","7550.00","7294.85","819.88K","+1.53%"
"10/28/2021","7369.70","7250.00","7529.70","7235.05","961.51K","+0.18%"
"10/27/2021","7356.25","7285.00","7461.25","7244.00","1.22M","+0.81%"
"10/26/2021","7297.35","7265.00","7337.95","7210.20","292.20K","+0.51%"
"10/25/2021","7260.60","7355.00","7396.05","7219.65","248.06K","-2.00%"
"10/22/2021","7408.90","7600.00","7625.00","7386.55","224.52K","-2.20%"
"10/21/2021","7575.25","7650.00","7650.00","7485.00","563.13K","-0.20%"
"10/20/2021","7590.75","7615.00","7667.35","7515.00","488.08K","-0.85%"
"10/19/2021","7655.65","7670.20","7768.60","7585.00","658.87K","-0.02%"
"10/18/2021","7657.00","7405.00","7705.30","7405.00","913.96K","+2.14%"
"10/14/2021","7496.90","7540.00","7560.00","7445.00","831.55K","+0.20%"
"10/13/2021","7482.15","7740.00","7749.95","7436.55","1.08M","-2.75%"
"10/12/2021","7693.80","7687.90","7750.00","7630.05","406.81K","-0.09%"
"10/11/2021","7700.80","7420.20","7814.80","7419.80","1.07M","+3.64%"
"10/08/2021","7430.00","7548.70","7571.95","7401.15","630.62K","-0.83%"
"10/07/2021","7492.50","7234.95","7555.00","7225.25","1.65M","+4.07%"
"10/06/2021","7199.25","7270.90","7281.50","7164.25","726.70K","-0.81%"
"10/05/2021","7258.25","7164.80","7300.00","7155.65","546.00K","+1.23%"
"10/04/2021","7170.30","7180.00","7214.95","7131.80","466.99K","+0.11%"
"10/01/2021","7162.30","7220.00","7220.00","7090.00","901.59K","-2.40%"
"09/30/2021","7338.05","7384.75","7408.05","7301.05","625.72K","-0.62%"
"09/29/2021","7384.05","7390.50","7465.00","7291.00","643.56K","-0.54%"
"09/28/2021","7423.85","7448.00","7521.55","7333.50","1.35M","+0.28%"
"09/27/2021","7403.45","6974.00","7448.00","6974.00","2.65M","+6.49%"
"09/24/2021","6952.25","6850.00","7037.80","6848.00","1.65M","+1.54%"
"09/23/2021","6846.70","6868.00","6879.90","6821.00","432.74K","+0.23%"
"09/22/2021","6831.00","6820.00","6846.00","6785.00","548.62K","+0.80%"
"09/21/2021","6777.00","6912.50","6939.70","6741.00","1.09M","-2.49%"
"09/20/2021","6950.40","6979.90","7015.45","6906.20","550.40K","-0.91%"
"09/17/2021","7014.45","6955.00","7064.75","6950.00","980.79K","+1.20%"
"09/16/2021","6930.95","6913.30","6949.00","6870.00","556.65K","+0.32%"
"09/15/2021","6909.00","6938.00","6938.00","6880.00","310.14K","+0.21%"
"09/14/2021","6894.45","6910.00","6955.00","6851.10","817.28K","+0.30%"
"09/13/2021","6873.70","6835.50","6895.45","6813.30","508.40K","+1.05%"
"09/09/2021","6802.25","6750.00","6818.45","6740.00","515.70K","+0.31%"
"09/08/2021","6781.25","6852.10","6858.35","6756.00","847.77K","-1.39%"
"09/07/2021","6877.15","6879.90","6929.90","6853.70","743.78K","+0.44%"
"09/06/2021","6846.90","6925.00","6954.00","6838.00","897.44K","-0.24%"
"09/03/2021","6863.10","6770.00","6958.00","6751.60","1.20M","+1.03%"
"09/02/2021","6792.90","6852.70","6858.95","6708.20","741.05K","+0.12%"
"09/01/2021","6784.90","6799.95","6820.00","6702.35","1.11M","-0.89%"
"08/31/2021","6846.10","6820.00","6872.00","6763.55","938.33K","+0.72%"
"08/30/2021","6796.90","6690.00","6810.00","6653.85","819.45K","+2.60%"
"08/27/2021","6624.85","6629.75","6694.60","6600.00","1.43M","+0.25%"
"08/26/2021","6608.60","6700.00","6701.35","6591.00","1.20M","-1.53%"
"08/25/2021","6711.45","6838.00","6838.00","6700.00","722.19K","-1.35%"
"08/24/2021","6803.20","6789.50","6852.00","6740.60","646.99K","-0.33%"
"08/23/2021","6825.90","6905.00","6918.00","6801.00","537.30K","-0.36%"
"08/20/2021","6850.90","6815.00","6914.65","6780.00","657.98K","+0.16%"
"08/18/2021","6840.10","6943.75","6943.75","6820.00","434.14K","-0.66%"
"08/17/2021","6885.40","6800.00","6943.00","6746.40","752.52K","+0.86%"
"08/16/2021","6826.85","6982.50","7018.00","6810.00","750.97K","-2.50%"
"08/13/2021","7002.20","7030.00","7049.90","6973.85","431.78K","-0.14%"
"08/12/2021","7012.00","7022.00","7084.80","6985.00","330.28K","-0.14%"
"08/11/2021","7021.50","7002.00","7095.00","6925.15","414.31K","+0.28%"
"08/10/2021","7001.95","7045.20","7104.90","6995.00","356.73K","-1.13%"
"08/09/2021","7081.75","7135.00","7165.00","7038.00","264.98K","-0.27%"
"08/06/2021","7100.80","7054.80","7168.50","7042.55","517.58K","+1.04%"
"08/05/2021","7027.55","7072.00","7079.95","7006.00","495.13K","-1.06%"
"08/04/2021","7102.90","7220.00","7248.60","7003.50","484.12K","-1.34%"
"08/03/2021","7199.40","7124.95","7221.00","7086.10","470.57K","+1.73%"
"08/02/2021","7076.95","7100.00","7107.45","7031.00","433.76K","+1.42%"
"07/30/2021","6977.70","7000.00","7095.00","6964.90","715.55K","-0.23%"
"07/29/2021","6993.50","7130.00","7130.00","6936.00","1.52M","-2.39%"
"07/28/2021","7165.05","7280.00","7312.00","7063.00","739.43K","-1.04%"
"07/27/2021","7240.25","7241.30","7320.00","7160.85","417.17K","+0.06%"
"07/26/2021","7235.80","7307.00","7360.00","7180.00","431.76K","-0.80%"
"07/23/2021","7293.85","7300.00","7375.00","7277.00","436.33K","-0.08%"
"07/22/2021","7299.55","7302.00","7325.00","7246.30","439.93K","+0.92%"
"07/20/2021","7232.70","7180.00","7265.00","7144.45","413.82K","+0.94%"
"07/19/2021","7165.55","7251.70","7297.00","7151.10","386.60K","-1.89%"
"07/16/2021","7303.55","7333.00","7333.00","7272.80","281.55K","-0.05%"
"07/15/2021","7307.00","7357.00","7358.00","7268.00","430.06K","-0.27%"
"07/14/2021","7326.75","7436.00","7449.00","7310.00","460.18K","-1.39%"
"07/13/2021","7430.35","7520.00","7529.20","7404.00","350.03K","-0.53%"
"07/12/2021","7470.10","7500.00","7589.80","7451.05","496.48K","+0.60%"
"07/09/2021","7425.70","7381.00","7447.90","7343.40","400.69K","+0.33%"
"07/08/2021","7401.20","7455.00","7498.00","7385.00","391.94K","-0.65%"
"07/07/2021","7449.40","7528.00","7581.00","7433.65","395.34K","-0.87%"
"07/06/2021","7514.95","7600.00","7657.95","7487.45","425.10K","-1.11%"
"07/05/2021","7599.45","7596.30","7690.00","7583.00","484.18K","+0.34%"
"07/02/2021","7573.85","7625.00","7634.50","7546.55","434.90K","-0.14%"
"07/01/2021","7584.40","7500.00","7605.00","7495.05","584.33K","+0.91%"
"06/30/2021","7515.90","7505.50","7646.60","7492.60","729.27K","+0.38%"
"06/29/2021","7487.50","7596.00","7601.00","7452.55","480.22K","-1.43%"
"06/28/2021","7596.25","7698.00","7698.00","7571.40","433.36K","-0.69%"
"06/25/2021","7649.00","7540.00","7665.00","7540.00","1.22M","+1.61%"
"06/24/2021","7527.45","7448.80","7550.00","7410.10","1.04M","+1.27%"
"06/23/2021","7432.70","7266.10","7479.00","7240.05","2.23M","+2.30%"
"06/22/2021","7265.40","6940.00","7299.95","6930.00","1.76M","+5.30%"
"06/21/2021","6899.90","6870.00","6925.00","6842.00","443.80K","-0.85%"
"06/18/2021","6959.35","6989.85","6989.85","6821.00","797.39K","-0.14%"
"06/17/2021","6969.35","7060.00","7099.10","6931.10","595.25K","-2.04%"
"06/16/2021","7114.25","7166.00","7193.75","7070.00","283.01K","-0.73%"
"06/15/2021","7166.25","7181.15","7228.85","7156.30","207.63K","-0.16%"
"06/14/2021","7177.85","7195.00","7212.95","7095.05","322.35K","-0.64%"
"06/11/2021","7223.80","7244.00","7244.00","7186.40","253.69K","+0.33%"
"06/10/2021","7199.90","7258.00","7279.45","7174.05","278.03K","-0.54%"
"06/09/2021","7239.00","7310.20","7339.20","7200.00","443.78K","-1.33%"
"06/08/2021","7336.75","7317.50","7366.45","7295.20","538.82K","+0.84%"
"06/07/2021","7275.65","7221.00","7328.85","7211.10","520.48K","+0.84%"
"06/04/2021","7214.70","7200.00","7272.00","7151.10","575.59K","+0.07%"
"06/03/2021","7209.50","7200.00","7230.00","7165.05","401.59K","+0.35%"
"06/02/2021","7184.70","7063.45","7197.70","7063.45","598.86K","+1.32%"
"06/01/2021","7091.15","7107.55","7143.00","7047.05","642.84K","+0.07%"
"05/31/2021","7086.30","6955.00","7100.00","6924.05","718.28K","+1.67%"
"05/28/2021","6970.00","6988.60","7047.00","6940.50","393.81K","+0.02%"
"05/27/2021","6968.90","7022.00","7069.00","6951.15","922.09K","-0.93%"
"05/26/2021","7034.30","6926.00","7051.00","6912.00","691.57K","+1.77%"
"05/25/2021","6911.80","6939.95","6948.00","6888.00","438.74K","+0.59%"
"05/24/2021","6871.60","6802.00","6965.00","6802.00","1.03M","+0.84%"
"05/21/2021","6814.65","6780.00","6835.50","6744.25","434.36K","+1.14%"
"05/20/2021","6737.85","6780.80","6814.70","6729.50","470.48K","-0.56%"
"05/19/2021","6775.90","6799.00","6854.95","6760.00","432.77K","-0.52%"
"05/18/2021","6811.10","6788.00","6864.00","6715.45","805.83K","+1.39%"
"05/17/2021","6717.85","6716.50","6838.40","6697.55","995.83K","-0.28%"
"05/14/2021","6736.40","6840.00","6842.15","6700.20","647.03K","-1.19%"
"05/12/2021","6817.55","6730.00","6840.00","6685.00","770.20K","+1.20%"
"05/11/2021","6736.65","6680.15","6749.00","6660.25","406.05K","-0.40%"
"05/10/2021","6764.00","6675.20","6773.15","6660.10","541.53K","+0.91%"
"05/07/2021","6703.05","6679.00","6754.55","6640.00","605.05K","+0.55%"
"05/06/2021","6666.65","6590.00","6709.00","6575.70","520.13K","+1.16%"
"05/05/2021","6590.10","6557.70","6599.00","6483.00","499.16K","+1.26%"
"05/04/2021","6508.25","6639.95","6648.50","6482.00","507.17K","-1.36%"
"05/03/2021","6597.85","6430.00","6622.00","6400.00","834.92K","+2.20%"
"04/30/2021","6455.65","6537.10","6559.60","6421.00","850.00K","-1.68%"
"04/29/2021","6565.65","6635.00","6647.45","6552.00","757.08K","-0.12%"
"04/28/2021","6573.80","6568.75","6650.00","6545.00","1.41M","+0.08%"
"04/27/2021","6568.75","6669.95","6709.00","6542.00","1.61M","-1.06%"
"04/26/2021","6638.90","6690.20","6789.00","6600.00","937.34K","-0.56%"
"04/23/2021","6676.10","6560.00","6714.70","6560.00","709.31K","+0.39%"
"04/22/2021","6650.10","6625.95","6674.90","6545.00","667.91K","+0.05%"
"04/20/2021","6646.65","6615.00","6678.70","6558.55","914.14K","+2.07%"
"04/19/2021","6511.75","6500.35","6530.00","6415.00","772.22K","-2.05%"
"04/16/2021","6648.10","6675.00","6784.85","6606.05","1.00M","+0.06%"
"04/15/2021","6644.25","6846.60","6846.85","6551.00","1.27M","-2.52%"
"04/13/2021","6815.80","6520.00","6845.40","6468.80","995.72K","+4.53%"
"04/12/2021","6520.60","6739.85","6739.85","6502.15","1.02M","-4.49%"
"04/09/2021","6827.10","6850.00","6875.25","6778.00","641.33K","+0.00%"
"04/08/2021","6826.85","6881.00","6939.30","6806.85","604.55K","-0.56%"
"04/07/2021","6865.00","6790.00","6885.00","6775.05","598.12K","+1.68%"
"04/06/2021","6751.30","6818.25","6846.95","6720.00","628.26K","-0.25%"
"04/05/2021","6768.55","6908.50","6908.50","6724.60","668.13K","-2.24%"
"04/01/2021","6923.90","6950.00","6991.50","6855.00","660.76K","+0.94%"
"03/31/2021","6859.20","6852.30","6939.90","6795.20","735.38K","+0.11%"
"03/30/2021","6851.80","6811.00","6875.00","6740.00","1.09M","+0.99%"
"03/26/2021","6784.45","6889.00","6898.95","6771.00","911.30K","-0.04%"
"03/25/2021","6786.85","7050.00","7059.00","6755.25","1.34M","-3.95%"
"03/24/2021","7066.20","7136.00","7158.40","7049.95","457.15K","-1.67%"
"03/23/2021","7186.25","7138.00","7225.00","7130.00","757.59K","+1.20%"
"03/22/2021","7101.25","7104.00","7142.50","7050.20","533.77K","-0.17%"
"03/19/2021","7113.55","7059.95","7149.95","6905.50","838.76K","-0.00%"
"03/18/2021","7113.75","7125.00","7242.00","7060.00","984.54K","+0.70%"
"03/17/2021","7064.65","7160.00","7169.95","7043.50","688.58K","-1.20%"
"03/16/2021","7150.30","7100.00","7200.00","7100.00","796.36K","+0.86%"
"03/15/2021","7089.30","7145.00","7162.95","7011.00","700.31K","-0.10%"
"03/12/2021","7096.20","7300.00","7313.00","7061.40","946.72K","-2.42%"
"03/10/2021","7272.10","7320.00","7387.00","7251.00","659.27K","-0.40%"
"03/09/2021","7301.55","7329.40","7329.40","7256.00","678.49K","+0.58%"
"03/08/2021","7259.50","7264.90","7338.80","7216.00","977.57K","+0.14%"
"03/05/2021","7249.00","7130.00","7315.00","7070.00","1.82M","+1.65%"
"03/04/2021","7131.60","7080.00","7175.20","7011.00","906.31K","+0.10%"
"03/03/2021","7124.70","7245.60","7262.30","7101.20","796.26K","-1.24%"
"03/02/2021","7214.10","7060.00","7235.00","7030.00","1.40M","+2.84%"
"03/01/2021","7015.00","6977.00","7032.85","6917.05","1.42M","+2.17%"
"02/26/2021","6866.15","6900.00","7075.00","6822.20","2.69M","-0.93%"
"02/25/2021","6930.35","7065.00","7069.00","6915.00","1.74M","-0.33%"
"02/24/2021","6952.95","6905.00","7036.00","6877.50","1.23M","-0.25%"
"02/23/2021","6970.50","7118.80","7122.35","6938.00","1.59M","-1.64%"
"02/22/2021","7086.45","7323.00","7325.00","7056.00","1.50M","-3.23%"
"02/19/2021","7323.00","7448.00","7486.40","7285.00","1.01M","-2.33%"
"02/18/2021","7497.55","7574.85","7579.05","7460.00","821.46K","-0.08%"
"02/17/2021","7503.20","7679.95","7691.50","7471.30","1.02M","-2.52%"
"02/16/2021","7697.05","7639.00","7799.00","7625.25","1.32M","+1.32%"
"02/15/2021","7596.65","7600.00","7649.10","7580.00","470.09K","+0.37%"
"02/12/2021","7568.50","7620.10","7675.00","7525.90","756.83K","-1.29%"
"02/11/2021","7667.35","7600.00","7744.00","7567.65","818.87K","+0.60%"
"02/10/2021","7621.70","7605.20","7674.90","7506.05","1.02M","-0.07%"
"02/09/2021","7627.05","7581.00","7680.00","7574.00","925.13K","+0.69%"
"02/08/2021","7574.60","7515.00","7638.00","7474.50","912.37K","+1.07%"
"02/05/2021","7494.15","7680.00","7736.00","7461.00","1.13M","-1.91%"
"02/04/2021","7640.00","7600.00","7765.00","7529.05","1.20M","+0.67%"
"02/03/2021","7589.20","7680.00","7716.45","7475.85","1.49M","-0.86%"
"02/02/2021","7654.70","7534.90","7769.75","7490.15","1.70M","+3.44%"
"02/01/2021","7399.80","7265.20","7475.00","7152.00","1.61M","+2.68%"
"01/29/2021","7206.65","7685.00","7685.00","7170.00","3.07M","-5.03%"
"01/28/2021","7588.50","7840.00","7984.55","7562.00","2.09M","-3.59%"
"01/27/2021","7870.90","7992.95","8090.00","7820.50","1.08M","-1.39%"
"01/25/2021","7981.50","8117.00","8164.70","7950.10","753.04K","-0.84%"
"01/22/2021","8048.85","8085.00","8308.00","8000.00","1.17M","-0.35%"
"01/21/2021","8076.75","8205.00","8267.00","8021.45","769.49K","-0.84%"
"01/20/2021","8144.95","7882.00","8170.00","7860.25","999.23K","+2.81%"
"01/19/2021","7922.60","7900.00","7990.30","7835.00","779.89K","+1.17%"
"01/18/2021","7830.65","8011.00","8023.95","7745.00","771.18K","-2.42%"
"01/15/2021","8024.75","8157.15","8219.50","8000.05","751.18K","-1.53%"
"01/14/2021","8149.45","8164.80","8180.00","8023.45","718.27K","+0.12%"
"01/13/2021","8139.85","8188.00","8250.00","8111.00","877.23K","-0.59%"
"01/12/2021","8188.05","8161.00","8329.00","8140.00","1.51M","-0.54%"
"01/11/2021","8232.75","8099.00","8288.00","7882.40","2.18M","+2.72%"
"01/08/2021","8014.90","7600.00","8060.00","7600.00","2.56M","+5.93%"
"01/07/2021","7566.05","7676.00","7704.40","7552.10","642.97K","-0.82%"
"01/06/2021","7628.60","7654.00","7749.00","7555.50","840.68K","-0.35%"
"01/05/2021","7655.45","7660.00","7673.00","7586.00","562.67K","-0.61%"
"01/04/2021","7702.30","7739.00","7755.20","7642.60","598.64K","+0.14%"
"01/01/2021","7691.30","7654.00","7748.50","7650.00","767.57K","+0.55%"
"12/31/2020","7649.60","7614.65","7697.00","7580.00","908.51K","+0.48%"
"12/30/2020","7612.90","7497.00","7635.00","7430.00","1.03M","+2.15%"
"12/29/2020","7452.35","7520.00","7545.00","7418.30","538.72K","-0.41%"
"12/28/2020","7483.00","7465.00","7543.00","7454.00","521.32K","+0.50%"
"12/24/2020","7446.05","7507.25","7532.75","7414.20","589.28K","-0.05%"
"12/23/2020","7449.95","7400.40","7555.60","7394.00","951.80K","+0.74%"
"12/22/2020","7395.40","7380.00","7438.00","7205.10","1.14M","+0.26%"
"12/21/2020","7376.10","7560.00","7599.00","7278.10","970.31K","-2.43%"
"12/18/2020","7559.75","7714.00","7727.00","7541.75","1.08M","-1.74%"
"12/17/2020","7694.00","7799.90","7831.90","7625.00","734.08K","-1.31%"
"12/16/2020","7796.35","7820.00","7899.00","7770.00","963.50K","+0.40%"
"12/15/2020","7765.25","7696.80","7790.00","7640.55","891.80K","+0.89%"
"12/14/2020","7696.80","7810.00","7825.00","7655.00","1.04M","-0.48%"
"12/11/2020","7733.55","7779.95","7795.70","7700.00","706.88K","-0.03%"
"12/10/2020","7736.00","7760.00","7850.00","7710.00","1.19M","+0.35%"
"12/09/2020","7709.25","7775.00","7799.95","7692.00","822.76K","-0.69%"
"12/08/2020","7762.70","7748.00","8013.15","7700.00","1.89M","+0.25%"
"12/07/2020","7743.40","7828.80","7835.00","7690.00","1.04M","-0.77%"
"12/04/2020","7803.15","7798.00","7882.65","7641.25","2.39M","+0.83%"
"12/03/2020","7739.10","7250.00","7782.85","7249.60","3.85M","+7.39%"
"12/02/2020","7206.50","7110.00","7220.00","7105.00","1.11M","+1.48%"
"12/01/2020","7101.70","7141.80","7141.80","6975.20","1.08M","+0.94%"
"11/27/2020","7035.80","7040.30","7111.00","6930.00","2.12M","+0.59%"
"11/26/2020","6994.25","7080.00","7098.00","6903.00","1.07M","-0.87%"
"11/25/2020","7055.70","7250.00","7252.35","7017.00","947.74K","-1.43%"
"11/24/2020","7158.40","7050.00","7209.00","7050.00","1.91M","+2.44%"
"11/23/2020","6987.75","7040.00","7044.00","6932.60","735.75K","+0.31%"
"11/20/2020","6965.85","6959.55","7020.00","6904.00","923.47K","+0.04%"
"11/19/2020","6963.30","7031.00","7130.00","6915.20","1.31M","-1.29%"
"11/18/2020","7054.30","6979.95","7070.00","6948.00","1.40M","+1.04%"
"11/17/2020","6981.45","6865.00","6996.90","6863.00","1.24M","+1.89%"
"11/14/2020","6852.25","6850.00","6859.90","6835.00","128.19K","+0.63%"
"11/13/2020","6809.25","6880.00","6880.00","6786.00","970.63K","-0.40%"
"11/12/2020","6836.85","6857.00","6930.00","6792.00","1.42M","-0.30%"
"11/11/2020","6857.35","6859.00","6904.00","6753.10","1.48M","+0.94%"
"11/10/2020","6793.45","6973.10","6974.00","6761.45","1.70M","-1.15%"
"11/09/2020","6872.15","6989.95","7032.60","6815.00","1.48M","-0.51%"
"11/06/2020","6907.60","7092.00","7135.00","6890.00","1.38M","-2.61%"
"11/05/2020","7092.80","7020.00","7104.90","6979.65","843.22K","+2.00%"
"11/04/2020","6954.05","6913.35","7054.00","6909.50","901.40K","+0.59%"
"11/03/2020","6913.35","6940.00","6963.25","6852.45","926.49K","+0.66%"
"11/02/2020","6868.35","7044.90","7053.40","6850.00","1.06M","-1.39%"
"10/30/2020","6965.15","7079.05","7110.00","6881.00","1.36M","-2.14%"
"10/29/2020","7117.70","7114.00","7199.00","6986.70","1.43M","-0.95%"
"10/28/2020","7186.05","7194.95","7332.00","7110.00","1.65M","+0.39%"
"10/27/2020","7158.40","7067.00","7209.75","7053.00","1.46M","+1.47%"
"10/26/2020","7054.80","7100.00","7161.30","6935.05","1.56M","-0.68%"
"10/23/2020","7103.25","6858.00","7124.70","6832.00","1.76M","+4.28%"
"10/22/2020","6811.55","6828.00","6860.00","6775.20","584.54K","-0.73%"
"10/21/2020","6861.85","6904.00","6947.60","6764.65","911.97K","+0.25%"
"10/20/2020","6844.60","6817.00","6949.00","6810.00","659.86K","-0.11%"
"10/19/2020","6851.95","6975.00","6980.00","6825.00","548.47K","-0.62%"
"10/16/2020","6894.90","6895.00","6980.00","6863.00","657.91K","+0.03%"
"10/15/2020","6892.60","7029.00","7049.90","6857.70","681.32K","-1.57%"
"10/14/2020","7002.35","7040.00","7075.00","6927.45","779.63K","-0.43%"
"10/13/2020","7032.90","7135.00","7185.00","7022.00","819.42K","-1.45%"
"10/12/2020","7136.65","7110.00","7155.00","7005.00","799.71K","+1.05%"
"10/09/2020","7062.40","7060.00","7159.00","7001.00","839.68K","-0.25%"
"10/08/2020","7079.85","7090.00","7140.00","7021.00","851.21K","+0.47%"
"10/07/2020","7046.90","6920.00","7070.00","6865.55","1.10M","+2.24%"
"10/06/2020","6892.40","6858.00","6939.80","6830.00","756.22K","+1.08%"
"10/05/2020","6818.85","6865.00","6877.60","6745.00","833.48K","+0.33%"
"10/01/2020","6796.30","6838.20","6909.00","6775.40","1.26M","+0.78%"
"09/30/2020","6743.45","6710.00","6779.95","6671.00","812.84K","+0.01%"
"09/29/2020","6742.75","6749.00","6813.30","6671.00","1.20M","+0.59%"
"09/28/2020","6703.00","6579.00","6720.00","6542.30","1.10M","+3.16%"
"09/25/2020","6497.70","6395.00","6518.55","6331.00","1.32M","+3.18%"
"09/24/2020","6297.70","6435.00","6486.80","6270.15","1.24M","-3.13%"
"09/23/2020","6501.30","6462.00","6549.95","6380.00","1.46M","+0.94%"
"09/22/2020","6440.55","6675.00","6685.95","6312.35","2.67M","-2.81%"
"09/21/2020","6626.95","6964.75","6986.90","6590.00","1.29M","-4.85%"
"09/18/2020","6964.75","7148.00","7149.00","6931.60","1.14M","-1.71%"
"09/17/2020","7085.85","7049.50","7112.90","6941.00","1.13M","+0.40%"
"09/16/2020","7057.95","7074.00","7169.00","7041.00","920.59K","+0.07%"
"09/15/2020","7052.80","7164.00","7175.00","7005.00","894.42K","-1.07%"
"09/14/2020","7128.85","7219.00","7239.60","7085.00","1.00M","-0.90%"
"09/11/2020","7193.60","7279.95","7349.90","7175.00","1.38M","-0.53%"
"09/10/2020","7231.65","7264.00","7299.40","7168.00","978.70K","+0.23%"
"09/09/2020","7215.25","7200.00","7256.35","7121.20","1.27M","-0.12%"
"09/08/2020","7224.00","7220.00","7278.00","7137.65","1.15M","+0.21%"
"09/07/2020","7209.15","7225.00","7300.00","7129.25","1.35M","+0.26%"
"09/04/2020","7190.10","6985.00","7324.00","6965.05","2.19M","+1.66%"
"09/03/2020","7072.60","6925.00","7116.90","6920.75","947.75K","+2.19%"
"09/02/2020","6920.75","6905.50","6980.00","6852.40","776.39K","+0.22%"
"09/01/2020","6905.65","6860.45","7018.70","6802.00","1.12M","+0.96%"
"08/31/2020","6839.95","7138.00","7160.00","6790.45","1.58M","-3.72%"
"08/28/2020","7104.10","7125.00","7156.00","7028.45","1.02M","+0.09%"
"08/27/2020","7098.00","7043.00","7127.70","6960.80","1.16M","+1.27%"
"08/26/2020","7008.65","7110.00","7158.00","6972.00","992.39K","-1.42%"
"08/25/2020","7109.95","7100.00","7175.70","7075.65","1.05M","+0.39%"
"08/24/2020","7082.50","6985.00","7100.00","6955.00","961.18K","+1.57%"
"08/21/2020","6973.00","7048.00","7065.00","6951.00","971.84K","-0.02%"
"08/20/2020","6974.70","6891.10","6999.00","6880.05","958.23K","-0.22%"
"08/19/2020","6990.30","6924.00","7014.70","6885.05","1.33M","+1.41%"
"08/18/2020","6893.10","6768.40","6924.90","6760.90","1.32M","+1.84%"
"08/17/2020","6768.40","6660.00","6789.95","6588.20","1.03M","+2.74%"
"08/14/2020","6588.20","6740.00","6745.15","6552.05","905.80K","-2.13%"
"08/13/2020","6731.65","6729.95","6772.00","6655.00","1.09M","+0.02%"
"08/12/2020","6730.30","6609.95","6778.05","6592.10","1.11M","+1.22%"
"08/11/2020","6649.20","6665.00","6713.50","6611.00","880.81K","+0.61%"
"08/10/2020","6608.90","6690.00","6728.70","6576.00","1.60M","-1.05%"
"08/07/2020","6679.00","6498.00","6749.50","6481.85","1.57M","+1.88%"
"08/06/2020","6555.75","6534.95","6585.85","6434.40","1.23M","+0.45%"
"08/05/2020","6526.25","6388.90","6597.70","6380.00","2.28M","+2.63%"
"08/04/2020","6358.95","6199.00","6376.85","6185.00","1.22M","+3.14%"
"08/03/2020","6165.20","6380.00","6437.45","6125.05","1.84M","-1.56%"
"07/31/2020","6262.75","6265.00","6379.85","6209.00","1.61M","-0.04%"
"07/30/2020","6265.40","6184.05","6393.65","6170.05","2.22M","+1.30%"
"07/29/2020","6185.15","6269.95","6295.00","6118.95","2.06M","-1.55%"
"07/28/2020","6282.80","6050.00","6320.35","6031.15","1.77M","+3.96%"
"07/27/2020","6043.30","6008.00","6062.85","5928.05","902.60K","+0.71%"
"07/24/2020","6000.70","6010.00","6047.35","5932.10","793.32K","-1.08%"
"07/23/2020","6065.95","6013.00","6090.00","5967.95","701.70K","+1.04%"
"07/22/2020","6003.40","6117.00","6129.00","5939.70","1.14M","-2.08%"
"07/21/2020","6130.85","5919.50","6150.00","5900.00","1.85M","+4.49%"
"07/20/2020","5867.50","5935.00","5936.00","5812.00","912.61K","-0.88%"
"07/17/2020","5919.50","5898.00","5956.00","5851.00","810.16K","+0.75%"
"07/16/2020","5875.35","5809.00","5920.00","5752.00","1.02M","+1.28%"
"07/15/2020","5801.30","5810.00","5879.80","5755.00","1.25M","+0.51%"
"07/14/2020","5771.75","5951.00","5958.75","5750.00","1.60M","-3.63%"
"07/13/2020","5988.85","6000.00","6059.25","5927.80","1.04M","+0.56%"
"07/10/2020","5955.65","5980.00","6085.10","5921.00","1.17M","-0.78%"
"07/09/2020","6002.35","6080.00","6096.00","5931.35","1.04M","-0.70%"
"07/08/2020","6044.40","6226.75","6235.00","6022.60","1.20M","-2.93%"
"07/07/2020","6226.75","6140.00","6250.00","6092.65","1.80M","+1.68%"
"07/06/2020","6123.60","5963.45","6147.70","5925.00","1.39M","+3.23%"
"07/03/2020","5932.10","5948.45","5988.60","5883.05","1.06M","-0.27%"
"07/02/2020","5948.45","5850.00","5960.00","5762.80","1.47M","+2.50%"
"07/01/2020","5803.10","5838.30","5885.00","5775.00","1.28M","-0.60%"
"06/30/2020","5838.30","5750.00","5874.50","5681.45","2.02M","+2.81%"
"06/29/2020","5678.70","5730.00","5800.00","5650.00","1.10M","-1.32%"
"06/26/2020","5754.90","5800.00","5810.00","5695.00","1.06M","-0.13%"
"06/25/2020","5762.30","5677.00","5846.80","5651.00","1.27M","+0.12%"
"06/24/2020","5755.35","5938.00","5938.00","5730.00","1.27M","-2.23%"
"06/23/2020","5886.50","5900.00","6007.20","5862.55","1.40M","-0.16%"
"06/22/2020","5896.00","5900.00","5975.00","5806.35","1.50M","-0.02%"
"06/19/2020","5897.35","5751.00","5935.00","5707.00","1.85M","+3.20%"
"06/18/2020","5714.40","5695.00","5758.00","5641.00","1.58M","-0.21%"
"06/17/2020","5726.20","5445.00","5813.45","5445.00","3.45M","+4.07%"
"06/16/2020","5502.20","5590.00","5612.55","5400.00","1.18M","+0.48%"
"06/15/2020","5475.75","5520.00","5585.00","5391.05","1.53M","-1.55%"
"06/12/2020","5561.75","5201.00","5608.30","5201.00","2.06M","+2.50%"
"06/11/2020","5426.15","5637.00","5689.00","5400.30","1.77M","-4.40%"
"06/10/2020","5675.60","5655.00","5740.00","5615.00","1.43M","+0.23%"
"06/09/2020","5662.30","5754.00","5787.00","5620.00","1.34M","-1.26%"
"06/08/2020","5734.80","5850.00","5850.00","5701.50","1.18M","-0.20%"
"06/05/2020","5746.20","5728.30","5785.00","5671.10","1.24M","+0.98%"
"06/04/2020","5690.20","5658.00","5719.95","5572.00","1.64M","+1.18%"
"06/03/2020","5624.00","5730.00","5832.00","5606.00","1.65M","-1.16%"
"06/02/2020","5690.10","5797.75","5849.00","5625.10","2.11M","-1.79%"
"06/01/2020","5793.60","5690.00","5864.65","5666.90","2.34M","+3.26%"
"05/29/2020","5610.80","5375.00","5666.75","5375.00","3.39M","+2.60%"
"05/28/2020","5468.35","5267.00","5495.00","5220.00","2.33M","+4.27%"
"05/27/2020","5244.40","5270.00","5291.00","5135.40","1.53M","-0.03%"
"05/26/2020","5246.15","5200.00","5285.80","5160.65","1.51M","+2.18%"
"05/22/2020","5134.30","5010.00","5150.00","4930.75","1.94M","+1.67%"
"05/21/2020","5050.10","4890.00","5073.80","4851.05","1.87M","+3.23%"
"05/20/2020","4891.95","4754.00","4920.00","4745.50","1.52M","+1.80%"
"05/19/2020","4805.30","4842.00","4900.00","4755.75","2.11M","+1.79%"
"05/18/2020","4720.95","5080.40","5095.00","4680.55","3.16M","-7.44%"
"05/15/2020","5100.40","5110.00","5123.20","4961.15","2.18M","-0.27%"
"05/14/2020","5114.05","4905.00","5145.00","4852.15","2.59M","+1.55%"
"05/13/2020","5036.10","5250.00","5317.45","4986.25","3.30M","+1.71%"
"05/12/2020","4951.30","4914.00","4985.00","4690.05","3.12M","+0.27%"
"05/11/2020","4937.80","4750.00","5014.60","4730.15","3.18M","+6.09%"
"05/08/2020","4654.15","4874.00","4879.00","4637.50","1.83M","-2.00%"
"05/07/2020","4749.30","4899.50","4935.35","4735.00","1.53M","-1.94%"
"05/06/2020","4843.25","4841.20","5000.00","4710.00","2.21M","+0.28%"
"05/05/2020","4829.85","4995.00","5029.55","4800.00","1.57M","-1.16%"
"05/04/2020","4886.30","5096.00","5130.25","4840.00","1.74M","-8.82%"
"04/30/2020","5358.80","5122.00","5425.00","5122.00","2.34M","+5.73%"
"04/29/2020","5068.45","5100.00","5100.00","5011.05","1.04M","+0.31%"
"04/28/2020","5052.70","5090.00","5120.00","4990.25","1.17M","-0.07%"
"04/27/2020","5056.35","5150.10","5225.00","4991.55","1.43M","+0.21%"
"04/24/2020","5045.65","5100.00","5140.00","5030.00","1.07M","-2.15%"
"04/23/2020","5156.35","5169.00","5244.60","5045.00","1.45M","-0.47%"
"04/22/2020","5180.85","5009.00","5248.25","4991.00","1.99M","+3.59%"
"04/21/2020","5001.10","5131.30","5131.30","4884.50","1.84M","-6.19%"
"04/20/2020","5331.35","5512.00","5573.95","5280.00","1.56M","-3.15%"
"04/17/2020","5505.00","5325.00","5602.95","5211.70","2.19M","+7.29%"
"04/16/2020","5130.80","5017.00","5228.00","4970.00","1.75M","+0.72%"
"04/15/2020","5094.30","5307.50","5350.00","5041.00","2.09M","-3.57%"
"04/13/2020","5283.15","5285.00","5343.40","5001.00","2.19M","-0.82%"
"04/09/2020","5326.65","4794.45","5399.00","4736.20","3.79M","+13.38%"
"04/08/2020","4698.10","4406.50","4925.00","4406.50","2.80M","+3.17%"
"04/07/2020","4553.65","4150.00","4612.90","4120.00","2.69M","+13.51%"
"04/03/2020","4011.50","4250.00","4267.00","4001.10","1.72M","-5.53%"
"04/01/2020","4246.35","4290.00","4424.85","4190.10","1.32M","-0.98%"
"03/31/2020","4288.30","4450.00","4468.05","4210.00","2.14M","-0.93%"
"03/30/2020","4328.45","4587.45","4639.95","4270.00","1.53M","-6.84%"
"03/27/2020","4646.10","5100.00","5136.50","4555.00","1.34M","-4.75%"
"03/26/2020","4878.00","5024.45","5120.00","4750.00","1.34M","-2.56%"
"03/25/2020","5005.95","4439.00","5159.40","4310.10","1.73M","+11.58%"
"03/24/2020","4486.45","4341.00","4570.00","4030.00","1.75M","+6.31%"
"03/23/2020","4220.35","4575.00","4790.00","4141.00","1.53M","-16.91%"
"03/20/2020","5079.20","4869.00","5225.00","4812.60","1.61M","+5.39%"
"03/19/2020","4819.55","4870.00","5096.60","4652.55","2.55M","-9.96%"
"03/18/2020","5352.65","5671.00","5688.80","5312.55","973.41K","-4.48%"
"03/17/2020","5603.95","5502.00","5746.95","5502.00","1.24M","+2.26%"
"03/16/2020","5480.25","5638.60","5688.00","5400.00","933.42K","-6.14%"
"03/13/2020","5838.60","5325.20","6063.50","4803.05","1.48M","+3.46%"
"03/12/2020","5643.15","5939.30","5939.30","5555.55","1.35M","-8.19%"
"03/11/2020","6146.30","6160.00","6310.95","6105.00","937.03K","-0.88%"
"03/09/2020","6201.10","6301.00","6374.00","6079.40","1.08M","-3.80%"
"03/06/2020","6445.95","6196.40","6480.00","6100.15","1.14M","+1.26%"
"03/05/2020","6365.95","6411.90","6464.00","6330.20","645.85K","-0.29%"
"03/04/2020","6384.35","6390.00","6424.00","6209.00","904.36K","-0.03%"
"03/03/2020","6386.05","6318.00","6422.15","6280.50","849.20K","+1.61%"
"03/02/2020","6285.15","6400.95","6439.55","6250.00","1.22M","+0.03%"
"02/28/2020","6283.10","6163.05","6367.35","6103.20","1.47M","-0.11%"
"02/27/2020","6289.80","6230.00","6338.05","6166.80","1.49M","+0.88%"
"02/26/2020","6234.85","6350.00","6368.85","6186.05","1.58M","-2.80%"
"02/25/2020","6414.55","6505.40","6510.00","6376.55","964.90K","-0.86%"
"02/24/2020","6470.40","6710.00","6710.00","6439.80","1.09M","-4.25%"
"02/20/2020","6757.60","6761.00","6807.55","6720.00","682.51K","+0.01%"
"02/19/2020","6756.60","6850.00","6854.95","6624.60","1.03M","-0.36%"
"02/18/2020","6781.10","6925.00","6930.00","6735.80","830.68K","-1.82%"
"02/17/2020","6906.75","6920.00","6980.00","6880.00","463.55K","-0.10%"
"02/14/2020","6913.80","7000.05","7088.95","6901.00","614.86K","-1.30%"
"02/13/2020","7005.05","7050.00","7056.00","6925.00","723.17K","-0.54%"
"02/12/2020","7043.30","7056.10","7110.00","7007.95","599.36K","+0.14%"
"02/11/2020","7033.75","6950.00","7089.00","6912.30","743.16K","+2.04%"
"02/10/2020","6892.90","6975.00","6989.10","6851.10","593.77K","-1.13%"
"02/07/2020","6971.75","7039.00","7050.00","6935.00","645.81K","-0.71%"
"02/06/2020","7021.60","7075.00","7120.35","6976.80","875.71K","-0.27%"
"02/05/2020","7040.90","7215.00","7231.60","7025.60","718.49K","-2.20%"
"02/04/2020","7199.60","7020.00","7215.00","7001.00","973.31K","+2.69%"
"02/03/2020","7011.30","6780.00","7044.85","6780.00","1.01M","+2.92%"
"02/01/2020","6812.65","6915.00","7109.80","6740.30","1.41M","-1.46%"
"01/31/2020","6913.50","7035.00","7064.00","6895.55","868.93K","-1.52%"
"01/30/2020","7020.45","7020.00","7049.00","6981.00","579.17K","+0.14%"
"01/29/2020","7010.30","7010.00","7116.25","6975.00","1.00M","+0.19%"
"01/28/2020","6997.05","7179.95","7219.95","6963.00","1.61M","-2.12%"
"01/27/2020","7148.80","7101.50","7225.00","7061.00","573.15K","+0.29%"
"01/24/2020","7128.45","7148.80","7210.00","7111.25","645.72K","-0.26%"
"01/23/2020","7147.10","7145.40","7220.00","7123.15","589.33K","+0.16%"
"01/22/2020","7135.60","7340.00","7374.95","7107.95","1.05M","-2.29%"
"01/21/2020","7302.65","7411.50","7434.65","7287.80","442.56K","-1.97%"
"01/20/2020","7449.60","7521.25","7529.50","7421.05","407.83K","-0.94%"
"01/17/2020","7520.15","7469.00","7569.90","7432.55","750.74K","+0.77%"
"01/16/2020","7462.65","7456.50","7521.00","7421.20","640.21K","-0.27%"
"01/15/2020","7482.95","7388.95","7505.00","7353.00","692.73K","+1.30%"
"01/14/2020","7386.80","7355.00","7412.40","7325.60","548.52K","+0.46%"
"01/13/2020","7352.70","7332.00","7370.00","7279.80","537.40K","+0.30%"
"01/10/2020","7330.50","7261.40","7349.90","7234.40","747.85K","+1.42%"
"01/09/2020","7227.90","7140.00","7240.00","7102.00","798.18K","+2.74%"
"01/08/2020","7035.20","7060.00","7116.65","6980.45","793.31K","-0.54%"
"01/07/2020","7073.60","7100.00","7165.60","7026.40","590.50K","+0.44%"
"01/06/2020","7042.40","7200.00","7210.00","7026.50","748.52K","-2.92%"
"01/03/2020","7254.25","7328.95","7332.00","7226.00","571.97K","-1.03%"
"01/02/2020","7329.85","7327.60","7368.00","7312.00","616.84K","+0.25%"
"01/01/2020","7311.70","7377.00","7409.95","7282.05","634.73K","-0.77%"
"12/31/2019","7368.60","7412.50","7412.50","7355.25","560.62K","-0.64%"
"12/30/2019","7416.25","7378.00","7431.95","7341.60","739.63K","+0.97%"
"12/27/2019","7344.90","7268.00","7368.50","7251.40","665.38K","+1.44%"
"12/26/2019","7240.90","7334.00","7343.45","7222.00","556.36K","-1.19%"
"12/24/2019","7327.80","7397.00","7423.70","7302.00","850.54K","-0.45%"
"12/23/2019","7360.90","7275.00","7378.60","7250.10","914.07K","+1.37%"
"12/20/2019","7261.50","7240.65","7304.35","7227.50","679.78K","+0.29%"
"12/19/2019","7240.65","7248.95","7310.00","7166.00","1.00M","+0.00%"
"12/18/2019","7240.65","7220.00","7254.95","7164.00","841.74K","+0.63%"
"12/17/2019","7195.15","7209.90","7276.50","7166.00","939.92K","+0.77%"
"12/16/2019","7140.05","7240.00","7257.70","7125.00","727.85K","-1.04%"
"12/13/2019","7214.95","7043.95","7249.00","7030.15","1.20M","+3.07%"
"12/12/2019","6999.80","7030.40","7045.95","6975.50","932.86K","+0.09%"
"12/11/2019","6993.20","7000.00","7035.00","6955.20","603.05K","+0.42%"
"12/10/2019","6963.65","7019.00","7048.95","6905.00","790.38K","-0.44%"
"12/09/2019","6994.75","7007.00","7108.00","6952.35","1.48M","+1.57%"
"12/06/2019","6886.70","7012.85","7050.00","6864.10","770.91K","-1.80%"
"12/05/2019","7012.85","7090.00","7125.15","6990.55","602.89K","-0.89%"
"12/04/2019","7076.10","7129.80","7170.00","7052.00","737.72K","-0.88%"
"12/03/2019","7138.80","7142.65","7240.00","7060.00","668.27K","-0.01%"
"12/02/2019","7139.35","7291.00","7294.85","7106.75","703.84K","-1.47%"
"11/29/2019","7245.85","7254.00","7293.85","7132.00","792.08K","-0.21%"
"11/28/2019","7261.25","7299.80","7321.10","7220.95","602.08K","-0.45%"
"11/27/2019","7294.40","7166.60","7300.00","7166.60","1.07M","+2.38%"
"11/26/2019","7125.00","7238.00","7274.00","7084.00","1.25M","-1.54%"
"11/25/2019","7236.10","7075.20","7263.50","7040.30","952.42K","+2.49%"
"11/22/2019","7060.45","7034.00","7077.45","7000.00","685.50K","+0.59%"
"11/21/2019","7019.05","7150.00","7200.00","7004.80","763.45K","-1.87%"
"11/20/2019","7152.75","7120.00","7218.00","7044.00","1.29M","+1.52%"
"11/19/2019","7045.45","7146.00","7155.00","7032.00","755.11K","-0.75%"
"11/18/2019","7098.45","7150.00","7177.00","7075.00","537.23K","-0.68%"
"11/15/2019","7147.20","7300.00","7359.00","7116.20","1.05M","-1.38%"
"11/14/2019","7247.15","7160.00","7270.00","7160.00","802.46K","+1.29%"
"11/13/2019","7154.60","7130.00","7169.85","7095.00","687.02K","+0.24%"
"11/11/2019","7137.30","7160.00","7237.45","7074.00","864.51K","-0.88%"
"11/08/2019","7200.55","7286.45","7370.00","7178.05","983.94K","-1.19%"
"11/07/2019","7287.15","7357.00","7357.00","7241.00","877.88K","-0.33%"
"11/06/2019","7311.15","7395.00","7415.00","7295.00","923.04K","-1.05%"
"11/05/2019","7389.00","7429.95","7541.95","7325.00","1.21M","-0.47%"
"11/04/2019","7424.00","7550.00","7625.00","7407.45","824.95K","-2.55%"
"11/01/2019","7618.65","7599.95","7649.00","7545.10","1.15M","+0.78%"
"10/31/2019","7559.40","7612.90","7645.00","7502.00","1.07M","+0.03%"
"10/30/2019","7556.95","7744.00","7753.65","7539.70","1.24M","-2.13%"
"10/29/2019","7721.30","7416.00","7758.70","7381.85","1.40M","+4.03%"
"10/27/2019","7422.10","7477.00","7500.00","7392.05","128.35K","-0.66%"
"10/25/2019","7471.15","7396.50","7509.00","7353.85","1.35M","+1.08%"
"10/24/2019","7391.40","7460.00","7475.00","7271.00","1.66M","-0.66%"
"10/23/2019","7440.25","7201.05","7472.00","7200.00","1.28M","+2.54%"
"10/22/2019","7256.25","7333.00","7392.00","7232.00","959.55K","-0.63%"
"10/18/2019","7302.30","7081.30","7450.00","7061.65","1.46M","+2.50%"
"10/17/2019","7123.90","6977.00","7155.55","6940.00","1.25M","+2.13%"
"10/16/2019","6975.00","7003.45","7013.90","6895.00","876.84K","-0.15%"
"10/15/2019","6985.75","6811.00","7019.00","6809.00","1.28M","+2.41%"
"10/14/2019","6821.10","6697.95","6874.55","6696.05","963.22K","+1.82%"
"10/11/2019","6698.90","6626.30","6720.00","6626.30","835.07K","+1.41%"
"10/10/2019","6605.45","6700.00","6742.10","6558.25","985.52K","-1.70%"
"10/09/2019","6719.55","6628.00","6743.80","6590.00","1.02M","+1.35%"
"10/07/2019","6629.85","6674.70","6699.00","6558.15","696.71K","-0.30%"
"10/04/2019","6649.60","6793.00","6845.90","6618.40","1.07M","-1.55%"
"10/03/2019","6754.05","6786.60","6794.95","6680.00","850.85K","-0.41%"
"10/01/2019","6782.00","6720.00","6850.00","6650.00","1.47M","+0.99%"
"09/30/2019","6715.80","6773.00","6809.60","6640.00","1.26M","-0.85%"
"09/27/2019","6773.70","6860.00","6915.00","6735.00","1.46M","-1.22%"
"09/26/2019","6857.45","6700.00","6899.90","6681.05","1.89M","+3.30%"
"09/25/2019","6638.50","7000.00","7000.00","6602.00","2.30M","-5.29%"
"09/24/2019","7009.10","6935.00","7177.90","6855.00","2.35M","+1.61%"
"09/23/2019","6897.85","6676.10","7000.00","6676.10","3.14M","+4.64%"
"09/20/2019","6591.95","6015.00","6949.80","5982.45","4.89M","+10.39%"
"09/19/2019","5971.75","6139.00","6175.00","5942.40","1.72M","-2.02%"
"09/18/2019","6095.05","6165.00","6211.80","5986.60","1.96M","-0.58%"
"09/17/2019","6130.40","6410.00","6445.85","6110.00","1.71M","-4.40%"
"09/16/2019","6412.75","6349.90","6489.00","6340.10","1.38M","-0.58%"
"09/13/2019","6450.30","6434.00","6512.80","6340.00","1.93M","+0.91%"
"09/12/2019","6392.05","6565.00","6640.00","6370.00","1.89M","-3.11%"
"09/11/2019","6597.30","6330.00","6630.00","6285.10","2.49M","+4.13%"
"09/09/2019","6335.50","6085.00","6366.95","6040.00","2.06M","+2.40%"
"09/06/2019","6186.95","5997.70","6220.00","5962.10","1.52M","+3.66%"
"09/05/2019","5968.65","5805.00","5998.00","5791.25","1.15M","+2.37%"
"09/04/2019","5830.75","6062.00","6076.20","5800.00","1.96M","-3.62%"
"09/03/2019","6049.70","6035.00","6130.00","6002.25","1.17M","-1.21%"
"08/30/2019","6123.75","6144.00","6159.25","6052.90","794.52K","+0.22%"
"08/29/2019","6110.20","6103.40","6198.00","6065.00","1.01M","+0.11%"
"08/28/2019","6103.40","6248.00","6248.00","6070.00","1.24M","-2.78%"
"08/27/2019","6277.75","6297.50","6340.00","6256.00","1.08M","+0.35%"
"08/26/2019","6255.55","6460.00","6466.70","6116.15","1.55M","+0.02%"
"08/23/2019","6254.35","6160.00","6279.60","6040.00","1.23M","+0.74%"
"08/22/2019","6208.55","6200.00","6298.50","6168.00","1.55M","-0.33%"
"08/21/2019","6228.90","6223.00","6276.00","6141.00","2.13M","+0.61%"
"08/20/2019","6190.95","6003.00","6233.00","5959.05","2.20M","+3.48%"
"08/19/2019","5982.55","5999.00","6024.40","5911.60","902.39K","+0.13%"
"08/16/2019","5975.05","5805.00","5995.00","5590.00","1.21M","+2.73%"
"08/14/2019","5816.00","5792.00","5933.40","5710.00","1.03M","+0.01%"
"08/13/2019","5815.45","6099.70","6123.00","5791.55","909.35K","-4.66%"
"08/09/2019","6099.90","5937.65","6155.00","5927.20","1.45M","+3.35%"
"08/08/2019","5902.25","5725.00","5947.00","5725.00","831.73K","+2.20%"
"08/07/2019","5775.00","5833.95","5867.00","5735.70","955.09K","-1.00%"
"08/06/2019","5833.30","5640.00","5849.00","5640.00","1.13M","+2.87%"
"08/05/2019","5670.35","5600.00","5695.00","5452.00","1.12M","-0.33%"
"08/02/2019","5689.35","5539.60","5724.00","5485.00","1.39M","+2.10%"
"08/01/2019","5572.60","5469.70","5615.00","5450.00","1.13M","+1.88%"
"07/31/2019","5469.70","5525.80","5582.30","5446.05","1.05M","-0.68%"
"07/30/2019","5507.15","5562.00","5644.85","5492.00","1.19M","-0.97%"
"07/29/2019","5561.25","5770.00","5770.00","5540.00","1.55M","-4.21%"
"07/26/2019","5805.65","5728.00","5955.00","5683.90","2.35M","+0.85%"
"07/25/2019","5756.75","5789.10","5844.95","5701.05","990.46K","-0.20%"
"07/24/2019","5768.00","5865.00","5865.00","5725.30","800.69K","-1.80%"
"07/23/2019","5873.75","5910.00","5972.40","5820.20","841.52K","-0.66%"
"07/22/2019","5912.50","5780.00","5940.00","5745.05","897.51K","+2.49%"
"07/19/2019","5769.10","5885.00","5910.95","5710.10","1.23M","-1.93%"
"07/18/2019","5882.35","6054.40","6055.70","5857.50","1.10M","-3.18%"
"07/17/2019","6075.70","6168.00","6174.00","6050.00","598.78K","-1.34%"
"07/16/2019","6158.05","6079.95","6172.00","6056.00","627.26K","+1.29%"
"07/15/2019","6079.70","5980.00","6096.00","5955.00","675.00K","+1.81%"
"07/12/2019","5971.45","6017.70","6090.00","5951.95","719.88K","-0.99%"
"07/11/2019","6031.20","5974.00","6050.00","5930.00","779.11K","+1.74%"
"07/10/2019","5927.90","5959.00","5995.00","5900.00","809.38K","-0.30%"
"07/09/2019","5945.45","6060.00","6070.00","5910.00","1.34M","-1.54%"
"07/08/2019","6038.70","6280.10","6283.15","5985.65","1.93M","-5.05%"
"07/05/2019","6360.00","6547.20","6579.00","6300.00","866.46K","-2.82%"
"07/04/2019","6544.45","6540.00","6588.00","6510.20","576.45K","+0.16%"
"07/03/2019","6533.80","6582.00","6590.00","6515.05","517.71K","-0.40%"
"07/02/2019","6560.00","6510.05","6588.80","6482.00","518.08K","+0.80%"
"07/01/2019","6507.85","6600.00","6618.00","6490.00","754.67K","-0.41%"
"06/28/2019","6534.65","6500.00","6550.00","6475.00","618.70K","+0.74%"
"06/27/2019","6486.70","6496.20","6575.00","6475.00","1.02M","+0.10%"
"06/26/2019","6480.30","6519.00","6557.80","6460.10","572.24K","-0.65%"
"06/25/2019","6522.50","6459.00","6540.00","6427.35","580.39K","+0.97%"
"06/24/2019","6459.90","6411.00","6497.10","6322.85","911.83K","+0.66%"
"06/21/2019","6417.25","6549.00","6549.00","6370.20","1.35M","-3.02%"
"06/20/2019","6616.75","6390.00","6649.00","6340.25","992.45K","+2.99%"
"06/19/2019","6424.65","6485.00","6560.65","6380.00","715.50K","-0.22%"
"06/18/2019","6439.00","6604.50","6649.00","6390.00","1.05M","-2.17%"
"06/17/2019","6581.65","6749.40","6768.05","6560.50","567.40K","-2.46%"
"06/14/2019","6747.40","6775.00","6839.00","6727.35","449.93K","-0.55%"
"06/13/2019","6784.70","6843.00","6863.70","6766.30","561.16K","-0.98%"
"06/12/2019","6852.00","6963.80","6967.95","6825.05","494.89K","-1.81%"
"06/11/2019","6978.30","6989.95","7018.20","6930.00","387.31K","+0.12%"
"06/10/2019","6969.95","6980.00","7043.30","6922.00","395.12K","+0.31%"
"06/07/2019","6948.25","6990.00","6990.00","6862.65","470.38K","-0.58%"
"06/06/2019","6988.70","7060.20","7099.00","6928.00","720.86K","-0.89%"
"06/04/2019","7051.80","7000.00","7099.00","6971.75","575.28K","+0.41%"
"06/03/2019","7022.90","6760.00","7055.00","6760.00","1.16M","+2.23%"
"05/31/2019","6869.85","6891.00","6961.30","6825.00","1.08M","+0.03%"
"05/30/2019","6867.70","6890.00","6921.00","6825.00","850.46K","-0.34%"
"05/29/2019","6891.45","7001.00","7009.00","6870.00","768.02K","-2.31%"
"05/28/2019","7054.65","7067.00","7130.00","7031.50","915.73K","-0.20%"
"05/27/2019","7068.45","7095.00","7193.90","6900.05","1.02M","-0.35%"
"05/24/2019","7093.15","6964.95","7120.00","6886.75","1.00M","+2.37%"
"05/23/2019","6929.25","6996.00","7049.10","6830.00","1.36M","+0.43%"
"05/22/2019","6899.80","6877.20","6930.55","6841.00","645.28K","+0.36%"
"05/21/2019","6875.35","7105.00","7137.75","6818.00","973.84K","-2.95%"
"05/20/2019","7084.60","6875.00","7150.00","6860.00","1.29M","+5.63%"
"05/17/2019","6706.85","6497.00","6790.00","6485.00","782.20K","+3.51%"
"05/16/2019","6479.65","6506.00","6527.30","6441.40","555.99K","-0.22%"
"05/15/2019","6493.75","6590.00","6640.00","6463.30","612.36K","-1.25%"
"05/14/2019","6576.20","6511.00","6612.00","6450.00","843.31K","+0.50%"
"05/13/2019","6543.75","6626.00","6659.30","6500.00","555.67K","-1.32%"
"05/10/2019","6631.60","6623.00","6664.90","6575.00","608.67K","+0.10%"
"05/09/2019","6624.95","6637.00","6678.00","6600.00","570.00K","-0.38%"
"05/08/2019","6650.15","6679.00","6693.00","6616.00","552.75K","-0.77%"
"05/07/2019","6702.00","6744.90","6785.25","6680.00","586.68K","-0.11%"
"05/06/2019","6709.65","6659.00","6732.00","6639.30","480.32K","-0.01%"
"05/03/2019","6710.00","6675.00","6780.00","6675.00","795.68K","+0.40%"
"05/02/2019","6683.25","6550.00","6709.95","6525.00","1.34M","+0.25%"
"04/30/2019","6666.40","6700.00","6750.00","6630.00","1.64M","-2.58%"
"04/26/2019","6842.85","6805.00","6886.85","6750.00","2.00M","-0.90%"
"04/25/2019","6905.25","7014.75","7144.95","6865.00","3.08M","-1.59%"
"04/24/2019","7016.70","7065.00","7101.95","6910.00","1.06M","-0.46%"
"04/23/2019","7048.90","7327.00","7388.90","7006.00","952.63K","-3.72%"
"04/22/2019","7321.25","7422.00","7424.90","7300.00","479.61K","-1.69%"
"04/18/2019","7447.45","7533.10","7539.35","7434.05","713.16K","-0.15%"
"04/16/2019","7458.55","7369.90","7475.00","7350.00","707.82K","+1.44%"
"04/15/2019","7352.50","7351.05","7389.95","7295.00","585.21K","+0.13%"
"04/12/2019","7342.85","7188.90","7357.00","7161.05","929.93K","+2.16%"
"04/11/2019","7187.85","7186.95","7220.00","7150.00","609.54K","+0.02%"
"04/10/2019","7186.35","7218.95","7218.95","7144.60","590.11K","-0.42%"
"04/09/2019","7216.55","7134.00","7235.00","7080.00","741.67K","+1.22%"
"04/08/2019","7129.45","7107.00","7150.00","7044.70","498.37K","+0.31%"
"04/05/2019","7107.70","7095.00","7143.95","7050.00","729.60K","-0.08%"
"04/04/2019","7113.10","7120.00","7170.00","7061.65","1.39M","+0.57%"
"04/03/2019","7072.90","6896.00","7098.00","6896.00","1.49M","+2.66%"
"04/02/2019","6889.70","6859.45","6900.70","6785.50","866.80K","+0.72%"
"04/01/2019","6840.70","6730.80","6870.00","6700.00","1.14M","+2.52%"
"03/29/2019","6672.55","6610.00","6775.00","6565.10","1.46M","+1.16%"
"03/28/2019","6596.25","6535.00","6625.00","6501.20","949.71K","+1.20%"
"03/27/2019","6518.00","6628.00","6640.00","6500.00","887.60K","-1.03%"
"03/26/2019","6585.70","6558.00","6600.00","6480.00","909.09K","+0.97%"
"03/25/2019","6522.60","6515.00","6621.00","6491.20","1.09M","-0.46%"
"03/22/2019","6552.70","6567.00","6716.30","6532.35","1.72M","-1.81%"
"03/20/2019","6673.55","6860.00","6860.00","6650.00","1.02M","-2.22%"
"03/19/2019","6825.20","6900.00","6901.95","6809.25","816.76K","-1.21%"
"03/18/2019","6909.10","7077.45","7077.45","6776.60","1.53M","-2.47%"
"03/15/2019","7084.00","7109.00","7157.00","7060.00","861.95K","-0.03%"
"03/14/2019","7086.30","7103.00","7148.00","7047.25","584.48K","-0.07%"
"03/13/2019","7091.05","7177.00","7202.95","7050.00","534.98K","-0.92%"
"03/12/2019","7157.20","7097.00","7232.00","7096.00","828.85K","+1.06%"
"03/11/2019","7081.90","6980.00","7121.60","6975.00","720.90K","+1.64%"
"03/08/2019","6967.70","6975.00","7025.00","6951.00","486.43K","-0.87%"
"03/07/2019","7029.05","7078.00","7092.50","7002.00","396.77K","-0.39%"
"03/06/2019","7056.90","7137.85","7144.90","7010.00","557.20K","-0.85%"
"03/05/2019","7117.75","6950.00","7158.15","6894.45","838.54K","+2.63%"
"03/01/2019","6935.15","6876.80","6950.00","6827.25","768.82K","+1.54%"
"02/28/2019","6829.70","7010.00","7040.00","6801.00","1.03M","-1.99%"
"02/27/2019","6968.50","6943.00","7048.00","6853.20","961.83K","+0.93%"
"02/26/2019","6904.30","6885.00","6975.00","6812.60","673.41K","-0.30%"
"02/25/2019","6924.90","6948.00","6984.90","6870.05","495.73K","+0.18%"
"02/22/2019","6912.40","6827.00","6939.00","6819.05","764.53K","+1.63%"
"02/21/2019","6801.55","6868.95","6879.65","6715.00","722.94K","-0.71%"
"02/20/2019","6849.90","6842.00","6888.00","6804.40","534.28K","+0.67%"
"02/19/2019","6804.55","6855.00","6915.90","6771.00","493.86K","-0.56%"
"02/18/2019","6842.70","6964.70","6997.80","6817.00","509.96K","-1.26%"
"02/15/2019","6930.05","7027.40","7058.70","6900.00","768.80K","-1.25%"
"02/14/2019","7017.50","7036.70","7111.20","6990.00","622.31K","-0.15%"
"02/13/2019","7028.25","7157.00","7165.00","6994.35","563.69K","-1.87%"
"02/12/2019","7162.50","7193.00","7230.00","7127.95","494.59K","-0.21%"
"02/11/2019","7177.90","7150.00","7209.95","7051.10","502.24K","+0.61%"
"02/08/2019","7134.25","7270.00","7300.00","7100.00","576.16K","-2.30%"
"02/07/2019","7302.55","7201.00","7320.00","7185.10","690.17K","+1.66%"
"02/06/2019","7183.40","7120.00","7220.00","7067.00","567.83K","+1.27%"
"02/05/2019","7093.60","6995.00","7125.00","6985.40","681.50K","+1.51%"
"02/04/2019","6988.20","6975.00","7039.00","6851.65","658.78K","+0.37%"
"02/01/2019","6962.30","6679.00","7204.00","6652.55","2.55M","+4.84%"
"01/31/2019","6641.15","6575.00","6660.05","6460.05","926.27K","+1.42%"
"01/30/2019","6548.25","6559.00","6588.00","6508.00","583.77K","+0.33%"
"01/29/2019","6526.95","6480.00","6619.15","6447.40","1.10M","+0.24%"
"01/28/2019","6511.05","6512.50","6610.00","6317.70","2.40M","-0.04%"
"01/25/2019","6513.40","7054.00","7133.00","6410.00","3.06M","-7.49%"
"01/24/2019","7040.60","7059.90","7098.00","7014.40","520.70K","-0.07%"
"01/23/2019","7045.40","7050.00","7132.25","7025.00","702.47K","-0.33%"
"01/22/2019","7068.85","7180.00","7180.00","7054.50","896.52K","-1.94%"
"01/21/2019","7208.40","7358.00","7380.00","7161.00","654.54K","-2.03%"
"01/18/2019","7357.95","7345.00","7379.95","7318.00","334.56K","+0.30%"
"01/17/2019","7336.25","7339.00","7398.95","7307.50","462.73K","+0.36%"
"01/16/2019","7310.25","7349.50","7384.00","7291.10","424.77K","-0.61%"
"01/15/2019","7355.15","7430.00","7470.00","7317.00","491.20K","-0.72%"
"01/14/2019","7408.70","7330.00","7433.35","7257.00","424.15K","+1.20%"
"01/11/2019","7320.50","7382.70","7400.00","7282.00","488.40K","-0.96%"
"01/10/2019","7391.60","7500.00","7511.00","7360.15","452.70K","-1.35%"
"01/09/2019","7492.90","7460.50","7529.00","7414.00","740.58K","+0.72%"
"01/08/2019","7439.50","7380.00","7454.80","7322.10","516.84K","+1.05%"
"01/07/2019","7362.05","7310.00","7407.00","7300.00","687.85K","+1.76%"
"01/04/2019","7234.50","7239.00","7309.00","7161.20","774.45K","+0.42%"
"01/03/2019","7203.95","7280.00","7350.00","7185.60","715.17K","-0.88%"
"01/02/2019","7267.85","7445.00","7460.00","7244.00","891.84K","-2.79%"
"01/01/2019","7476.80","7449.75","7494.00","7395.00","625.36K","+0.15%"
"12/31/2018","7465.50","7550.00","7572.75","7443.10","547.98K","-0.53%"
"12/28/2018","7505.55","7548.00","7580.00","7490.00","616.85K","+0.07%"
"12/27/2018","7499.95","7649.00","7668.85","7479.30","704.52K","-0.91%"
"12/26/2018","7569.10","7488.00","7600.00","7402.00","594.16K","+0.53%"
"12/24/2018","7529.15","7560.00","7595.65","7470.00","611.30K","-0.09%"
"12/21/2018","7536.30","7830.00","7835.00","7515.00","1.26M","-3.47%"
"12/20/2018","7807.05","7850.00","7919.00","7763.65","824.30K","-1.62%"
"12/19/2018","7936.00","7781.00","7949.75","7781.00","856.36K","+2.11%"
"12/18/2018","7772.35","7710.00","7785.00","7655.00","658.92K","+0.50%"
"12/17/2018","7734.05","7691.90","7800.00","7650.00","712.30K","+0.94%"
"12/14/2018","7662.15","7684.00","7690.00","7545.95","676.65K","-0.11%"
"12/13/2018","7670.50","7477.50","7700.00","7477.50","881.20K","+2.66%"
"12/12/2018","7471.85","7340.00","7507.30","7295.00","643.04K","+2.28%"
"12/11/2018","7305.35","7240.50","7346.00","7215.55","843.17K","-0.61%"
"12/10/2018","7350.50","7200.00","7395.00","7170.00","785.02K","+0.50%"
"12/07/2018","7313.95","7244.00","7349.95","7201.00","688.88K","+1.45%"
"12/06/2018","7209.70","7450.05","7486.30","7180.00","1.34M","-4.56%"
"12/05/2018","7554.05","7696.70","7739.90","7520.00","704.30K","-2.17%"
"12/04/2018","7721.65","7780.00","7784.95","7701.00","551.20K","-0.75%"
"12/03/2018","7779.95","7688.50","7800.00","7630.10","772.87K","+1.54%"
"11/30/2018","7661.60","7574.00","7727.00","7570.05","869.72K","+1.52%"
"11/29/2018","7546.75","7613.00","7642.00","7531.00","725.58K","-0.36%"
"11/28/2018","7574.20","7658.00","7680.50","7549.60","686.73K","-0.96%"
"11/27/2018","7647.60","7570.00","7657.80","7500.75","783.39K","+1.23%"
"11/26/2018","7554.70","7425.00","7577.75","7387.30","899.48K","+1.94%"
"11/22/2018","7411.10","7393.95","7480.00","7361.20","668.35K","-0.18%"
"11/21/2018","7424.50","7340.00","7466.00","7331.50","701.16K","+1.23%"
"11/20/2018","7333.95","7411.65","7444.50","7311.65","637.24K","-1.05%"
"11/19/2018","7411.65","7360.00","7449.00","7290.00","577.41K","+0.96%"
"11/16/2018","7341.20","7500.00","7544.05","7302.55","806.42K","-1.83%"
"11/15/2018","7478.30","7378.90","7515.10","7333.55","1.05M","+1.48%"
"11/14/2018","7369.05","7180.10","7409.00","7180.10","1.11M","+3.06%"
"11/13/2018","7150.45","7049.95","7168.75","7021.00","572.29K","+0.88%"
"11/12/2018","7087.80","7300.00","7352.50","7052.00","687.44K","-2.69%"
"11/09/2018","7283.50","7130.00","7315.00","7040.85","986.09K","+2.95%"
"11/06/2018","7075.00","7195.00","7238.00","7050.00","667.41K","-1.42%"
"11/05/2018","7177.25","7138.00","7254.70","7060.05","1.04M","+0.59%"
"11/02/2018","7135.45","6769.80","7159.00","6750.05","1.83M","+6.31%"
"11/01/2018","6711.75","6648.95","6739.95","6600.00","842.04K","+1.44%"
"10/31/2018","6616.40","6760.00","6760.00","6500.00","1.32M","-1.20%"
"10/30/2018","6697.00","6798.00","6868.95","6675.20","771.39K","-1.50%"
"10/29/2018","6798.70","6722.00","6810.00","6691.05","505.43K","+1.21%"
"10/26/2018","6717.30","6750.00","6795.00","6500.00","874.53K","-0.09%"
"10/25/2018","6723.20","6700.00","6853.70","6620.20","2.10M","-0.67%"
"10/24/2018","6768.30","6850.00","6885.00","6690.00","681.53K","-0.04%"
"10/23/2018","6771.30","6779.00","6857.00","6666.00","734.44K","-0.60%"
"10/22/2018","6812.20","6818.00","6905.00","6722.05","774.02K","+0.83%"
"10/19/2018","6756.45","6830.00","6965.00","6715.50","903.94K","-1.88%"
"10/17/2018","6885.60","7237.65","7245.00","6853.45","1.02M","-3.71%"
"10/16/2018","7150.90","7214.00","7278.00","7123.80","637.01K","-0.43%"
"10/15/2018","7182.00","7320.00","7340.00","7126.05","682.23K","-1.44%"
"10/12/2018","7287.20","6950.00","7326.00","6950.00","1.05M","+5.99%"
"10/11/2018","6875.50","6800.00","6950.00","6705.20","869.57K","-1.58%"
"10/10/2018","6985.85","6748.00","7050.00","6723.25","1.16M","+4.27%"
"10/09/2018","6699.45","6819.75","6940.00","6661.00","1.08M","-2.76%"
"10/08/2018","6889.75","6915.00","6989.00","6774.25","1.39M","-0.21%"
"10/05/2018","6904.35","7054.80","7220.00","6801.85","1.48M","-4.09%"
"10/04/2018","7198.75","7150.00","7288.00","7021.00","1.10M","-0.65%"
"10/03/2018","7246.00","7400.00","7410.70","7211.00","1.15M","-2.92%"
"10/01/2018","7463.95","7354.00","7485.00","7206.00","1.03M","+1.58%"
"09/28/2018","7347.95","7620.00","7648.20","7292.65","1.41M","-2.72%"
"09/27/2018","7553.05","7850.00","7878.00","7510.20","1.59M","-3.69%"
"09/26/2018","7842.55","8075.00","8089.90","7822.55","754.96K","-1.96%"
"09/25/2018","7999.45","7750.00","8018.25","7680.00","1.16M","+2.65%"
"09/24/2018","7793.05","8070.00","8070.00","7590.70","1.80M","-3.07%"
"09/21/2018","8040.15","8260.00","8325.00","7599.65","1.65M","-2.07%"
"09/19/2018","8210.35","8425.50","8448.40","8191.05","959.34K","-2.25%"
"09/18/2018","8399.15","8537.70","8596.50","8380.20","507.45K","-1.62%"
"09/17/2018","8537.80","8587.00","8659.70","8517.00","422.19K","-1.03%"
"09/14/2018","8626.70","8593.00","8700.00","8580.35","754.17K","+1.56%"
"09/12/2018","8493.95","8539.00","8539.00","8401.00","634.68K","-0.27%"
"09/11/2018","8517.05","8668.00","8699.90","8479.60","552.62K","-1.42%"
"09/10/2018","8639.40","8700.00","8750.00","8625.00","577.30K","-0.92%"
"09/07/2018","8719.20","8775.00","8789.00","8634.25","636.92K","-0.46%"
"09/06/2018","8759.85","8967.70","8967.70","8741.00","687.53K","-1.53%"
"09/05/2018","8896.10","8871.00","8950.00","8790.60","491.16K","+0.31%"
"09/04/2018","8868.50","8912.00","8999.00","8835.45","530.97K","-0.38%"
"09/03/2018","8902.15","9100.00","9118.95","8875.00","992.16K","-2.14%"
"08/31/2018","9096.40","9208.00","9255.00","9080.30","634.52K","-1.19%"
"08/30/2018","9205.80","9370.00","9370.00","9182.65","674.29K","-1.73%"
"08/29/2018","9368.10","9421.00","9468.30","9339.65","433.44K","-0.63%"
"08/28/2018","9427.95","9277.55","9446.50","9215.00","684.05K","+1.98%"
"08/27/2018","9245.25","9209.00","9274.00","9200.00","326.94K","+0.89%"
"08/24/2018","9163.80","9240.00","9279.90","9142.10","401.11K","-0.65%"
"08/23/2018","9223.30","9145.00","9256.00","9100.10","751.71K","+1.21%"
"08/21/2018","9113.30","9110.00","9130.00","9050.40","380.82K","+0.43%"
"08/20/2018","9074.35","9170.70","9217.80","9062.00","449.32K","-0.85%"
"08/17/2018","9152.10","9243.00","9286.50","9130.00","477.54K","-0.53%"
"08/16/2018","9200.55","9124.00","9235.95","9085.00","465.48K","+0.74%"
"08/14/2018","9132.60","9079.00","9158.80","9046.25","344.06K","+0.57%"
"08/13/2018","9080.85","9119.45","9185.00","9012.20","348.20K","-0.74%"
"08/10/2018","9148.25","9150.00","9210.00","9105.00","427.83K","+0.02%"
"08/09/2018","9146.05","9239.00","9239.00","9060.00","651.73K","-0.67%"
"08/08/2018","9207.40","9449.00","9449.00","9183.05","638.50K","-2.17%"
"08/07/2018","9411.50","9316.00","9420.00","9271.00","381.99K","+1.35%"
"08/06/2018","9286.40","9247.50","9300.00","9200.00","237.69K","+1.08%"
"08/03/2018","9187.00","9150.00","9230.00","9150.00","470.96K","+0.49%"
"08/02/2018","9142.40","9327.00","9327.00","9120.00","875.16K","-2.13%"
"08/01/2018","9341.60","9535.00","9587.75","9300.00","700.72K","-1.88%"
"07/31/2018","9520.55","9400.00","9548.85","9355.00","426.39K","+1.48%"
"07/30/2018","9381.90","9320.00","9404.50","9233.00","539.46K","+0.77%"
"07/27/2018","9310.40","9402.00","9442.20","9290.00","672.14K","-0.91%"
"07/26/2018","9396.25","9819.80","9831.70","9361.00","1.26M","-3.72%"
"07/25/2018","9758.95","9853.00","9875.85","9701.00","384.75K","-0.75%"
"07/24/2018","9832.45","9778.00","9929.00","9725.00","749.63K","+1.36%"
"07/23/2018","9701.00","9448.00","9750.00","9372.00","607.81K","+3.21%"
"07/20/2018","9398.95","9392.00","9464.00","9335.00","272.92K","+0.10%"
"07/19/2018","9389.10","9408.00","9434.00","9350.00","199.98K","+0.24%"
"07/18/2018","9366.80","9482.30","9534.00","9296.90","430.62K","-0.83%"
"07/17/2018","9445.40","9351.15","9479.70","9347.00","457.12K","+0.64%"
"07/16/2018","9385.30","9429.00","9498.90","9355.00","216.43K","-0.49%"
"07/13/2018","9431.05","9408.00","9495.00","9362.25","511.15K","+0.90%"
"07/12/2018","9347.00","9448.00","9508.00","9325.25","336.96K","-0.40%"
"07/11/2018","9384.70","9529.00","9529.35","9361.00","328.45K","-1.53%"
"07/10/2018","9531.00","9380.00","9545.90","9380.00","485.75K","+1.67%"
"07/09/2018","9374.90","9395.00","9419.85","9350.00","331.87K","+0.62%"
"07/06/2018","9317.50","9315.00","9413.95","9260.00","508.24K","-0.32%"
"07/05/2018","9347.05","9228.00","9395.00","9225.75","887.92K","+1.37%"
"07/04/2018","9220.80","9014.00","9249.25","8952.50","656.14K","+2.74%"
"07/03/2018","8975.15","8825.00","8995.00","8750.00","375.72K","+1.75%"
"07/02/2018","8821.05","8878.00","8935.00","8800.05","298.53K","-0.05%"
"06/29/2018","8825.60","8750.30","8900.00","8750.30","458.81K","+0.62%"
"06/28/2018","8771.30","8892.00","8894.05","8735.05","376.40K","-1.43%"
"06/27/2018","8898.30","8935.95","9012.00","8873.00","501.62K","-0.37%"
"06/26/2018","8931.35","8793.00","8985.35","8750.00","387.77K","+1.57%"
"06/25/2018","8793.00","8869.00","8869.00","8780.00","254.95K","-0.92%"
"06/22/2018","8874.90","8865.00","8887.00","8810.00","319.03K","+0.13%"
"06/21/2018","8863.05","8978.00","8986.00","8852.95","313.35K","-0.95%"
"06/20/2018","8948.30","8873.00","8970.00","8863.00","325.98K","+0.97%"
"06/19/2018","8862.60","8970.00","8984.80","8820.05","350.41K","-1.24%"
"06/18/2018","8973.45","8947.50","9050.40","8937.95","305.14K","+0.24%"
"06/15/2018","8951.60","8995.00","8995.00","8901.00","496.57K","-0.07%"
"06/14/2018","8958.00","8932.05","9019.95","8908.00","269.08K","-0.10%"
"06/13/2018","8967.35","9030.00","9094.95","8943.00","369.41K","-0.55%"
"06/12/2018","9016.75","9039.00","9065.00","8955.00","343.45K","-0.07%"
"06/11/2018","9022.65","8960.00","9046.00","8921.50","337.83K","+1.01%"
"06/08/2018","8932.45","8894.00","8950.00","8871.00","287.82K","+0.24%"
"06/07/2018","8911.25","8874.00","8934.80","8865.00","267.96K","+0.78%"
"06/06/2018","8842.35","8829.00","8870.00","8810.00","328.78K","+0.36%"
"06/05/2018","8810.40","8750.00","8830.00","8680.00","400.89K","+0.69%"
"06/04/2018","8749.85","8840.00","8840.00","8726.05","380.69K","-0.67%"
"06/01/2018","8808.85","8610.00","8848.40","8590.05","1.00M","+3.18%"
"05/31/2018","8537.20","8639.00","8639.10","8515.90","679.96K","-0.59%"
"05/30/2018","8588.20","8669.00","8669.00","8572.85","508.26K","-1.45%"
"05/29/2018","8714.90","8718.00","8840.00","8680.00","665.12K","+0.06%"
"05/28/2018","8709.30","8560.00","8785.00","8555.10","446.26K","+1.89%"
"05/25/2018","8548.15","8412.00","8574.00","8395.15","519.15K","+1.63%"
"05/24/2018","8410.75","8500.10","8518.30","8400.00","292.33K","-1.02%"
"05/23/2018","8497.40","8560.00","8564.80","8458.20","399.63K","-0.74%"
"05/22/2018","8560.65","8416.00","8586.40","8371.25","410.47K","+1.57%"
"05/21/2018","8428.50","8518.00","8524.80","8255.50","872.46K","-0.97%"
"05/18/2018","8510.95","8700.80","8725.00","8496.00","603.51K","-2.14%"
"05/17/2018","8697.50","8725.00","8766.45","8661.20","379.61K","+0.02%"
"05/16/2018","8695.60","8675.00","8733.45","8675.00","288.60K","-0.36%"
"05/15/2018","8726.60","8725.00","8750.35","8639.00","506.11K","+0.23%"
"05/14/2018","8707.00","8751.00","8760.00","8688.10","276.62K","-0.49%"
"05/11/2018","8750.30","8738.00","8765.00","8702.05","264.40K","+0.52%"
"05/10/2018","8704.95","8758.00","8758.00","8690.00","298.60K","-0.15%"
"05/09/2018","8718.35","8795.00","8795.00","8705.00","314.06K","-0.65%"
"05/08/2018","8775.20","8785.00","8806.20","8690.00","404.97K","+0.36%"
"05/07/2018","8743.70","8693.00","8770.00","8660.00","342.70K","+0.75%"
"05/04/2018","8678.20","8784.00","8790.00","8665.00","490.24K","-0.89%"
"05/03/2018","8755.95","8765.00","8799.00","8700.00","406.82K","+0.13%"
"05/02/2018","8744.50","8915.00","8998.00","8725.00","806.85K","-0.80%"
"04/30/2018","8814.95","8790.00","8904.20","8760.30","497.50K","+0.36%"
"04/27/2018","8783.35","9015.00","9137.00","8715.10","1.87M","-1.82%"
"04/26/2018","8946.45","8949.00","8981.00","8890.00","614.32K","+0.13%"
"04/25/2018","8934.60","9059.00","9068.80","8908.00","488.64K","-1.43%"
"04/24/2018","9064.65","9095.00","9142.55","9031.00","312.10K","-0.00%"
"04/23/2018","9064.85","9039.90","9125.00","9005.95","302.20K","+0.44%"
"04/20/2018","9025.00","9082.00","9108.15","9012.95","303.91K","-0.58%"
"04/19/2018","9077.65","9144.00","9183.75","9068.00","256.09K","-0.48%"
"04/18/2018","9121.50","9178.00","9227.45","9095.90","452.85K","-0.42%"
"04/17/2018","9160.35","9241.00","9242.00","9137.55","342.58K","-0.78%"
"04/16/2018","9232.00","9100.00","9245.00","9065.00","271.06K","+1.18%"
"04/13/2018","9123.95","9267.00","9267.00","9106.25","366.22K","-0.87%"
"04/12/2018","9204.45","9290.00","9290.00","9181.10","300.80K","-1.05%"
"04/11/2018","9302.50","9290.00","9350.00","9208.55","318.01K","+0.31%"
"04/10/2018","9273.45","9290.00","9315.45","9239.00","299.12K","-0.21%"
"04/09/2018","9292.65","9220.00","9308.15","9184.70","426.17K","+0.94%"
"04/06/2018","9206.20","9165.00","9230.00","9042.55","429.51K","+0.81%"
"04/05/2018","9132.60","9050.00","9157.65","9050.00","236.96K","+1.32%"
"04/04/2018","9013.50","9078.00","9149.40","8980.60","488.28K","-0.14%"
"04/03/2018","9026.45","9008.95","9060.00","8955.00","339.71K","+0.20%"
"04/02/2018","9008.20","8990.00","9088.00","8953.25","552.65K","+1.66%"
"03/28/2018","8861.10","8812.00","9084.00","8801.00","1.19M","+0.10%"
"03/27/2018","8852.30","8815.00","8887.00","8767.15","423.45K","+0.99%"
"03/26/2018","8765.30","8607.00","8798.00","8605.00","447.86K","+1.84%"
"03/23/2018","8607.25","8612.55","8640.50","8542.10","644.48K","-1.03%"
"03/22/2018","8696.55","8870.00","8910.50","8684.40","471.75K","-2.01%"
"03/21/2018","8874.65","8839.90","8945.00","8825.05","516.02K","+0.82%"
"03/20/2018","8802.40","8764.45","8845.50","8735.00","408.92K","+0.33%"
"03/19/2018","8773.50","8711.50","8800.00","8703.55","571.83K","+1.12%"
"03/16/2018","8676.55","8869.00","8869.00","8649.40","622.93K","-1.82%"
"03/15/2018","8837.55","8839.90","8875.00","8800.95","313.43K","-0.10%"
"03/14/2018","8846.30","8735.00","8874.00","8725.05","411.77K","+1.03%"
"03/13/2018","8756.05","8810.00","8848.00","8691.00","521.94K","-0.62%"
"03/12/2018","8810.30","8719.00","8826.80","8681.10","438.34K","+1.73%"
"03/09/2018","8660.60","8760.00","8774.00","8650.00","323.45K","-0.79%"
"03/08/2018","8729.35","8700.20","8775.00","8651.00","533.86K","+0.58%"
"03/07/2018","8679.10","8621.80","8713.85","8552.00","598.72K","+0.73%"
"03/06/2018","8616.50","8855.55","8885.00","8600.00","543.69K","-2.03%"
"03/05/2018","8795.10","8867.00","8867.00","8775.00","388.18K","-0.88%"
"03/01/2018","8873.45","8874.00","8936.05","8811.35","609.37K","+0.25%"
"02/28/2018","8850.95","8870.00","8934.00","8772.00","680.13K","-0.45%"
"02/27/2018","8891.20","9093.00","9114.95","8872.60","684.61K","-1.27%"
"02/26/2018","9005.35","8758.00","9055.00","8750.05","869.37K","+3.52%"
"02/23/2018","8698.80","8665.00","8738.95","8655.05","567.96K","+0.75%"
"02/22/2018","8634.05","8769.00","8769.00","8601.50","638.86K","-1.69%"
"02/21/2018","8782.75","8771.00","8795.00","8708.20","471.76K","+0.69%"
"02/20/2018","8722.65","8745.00","8768.95","8650.00","517.80K","-0.03%"
"02/19/2018","8724.85","8856.00","8865.85","8691.65","436.14K","-1.27%"
"02/16/2018","8836.95","9039.90","9070.00","8806.85","632.66K","-2.03%"
"02/15/2018","9020.25","9049.00","9090.00","9001.00","250.78K","+0.21%"
"02/14/2018","9001.60","9149.90","9157.50","8986.00","357.74K","-1.27%"
"02/12/2018","9117.85","8960.00","9150.00","8960.00","408.52K","+2.03%"
"02/09/2018","8936.10","8906.00","8986.55","8870.00","364.89K","-1.05%"
"02/08/2018","9030.70","8988.90","9060.00","8915.00","465.68K","+1.22%"
"02/07/2018","8921.80","9170.00","9170.00","8873.00","509.44K","-0.70%"
"02/06/2018","8984.60","8700.00","9113.50","8661.60","840.34K","-1.06%"
"02/05/2018","9080.60","8850.15","9120.00","8688.00","651.06K","+1.00%"
"02/02/2018","8990.60","9359.00","9359.00","8940.00","984.19K","-4.37%"
"02/01/2018","9401.85","9545.00","9563.70","9312.00","550.97K","-1.13%"
"01/31/2018","9509.70","9558.05","9585.00","9458.90","462.65K","-0.65%"
"01/30/2018","9571.55","9620.00","9675.50","9550.00","573.99K","-0.61%"
"01/29/2018","9630.70","9481.00","9714.00","9461.00","1.55M","+3.80%"
"01/25/2018","9278.20","9485.00","9485.00","9250.00","705.22K","-1.66%"
"01/24/2018","9434.95","9419.00","9519.95","9340.45","568.49K","+0.44%"
"01/23/2018","9393.40","9347.00","9429.30","9290.00","561.95K","+0.89%"
"01/22/2018","9310.10","9349.00","9356.75","9271.60","454.19K","-0.15%"
"01/19/2018","9323.95","9325.00","9396.00","9282.00","542.34K","-0.48%"
"01/18/2018","9368.70","9350.00","9518.90","9332.00","686.97K","+0.59%"
"01/17/2018","9313.90","9316.00","9368.80","9256.00","390.46K","-0.09%"
"01/16/2018","9322.05","9371.00","9408.65","9300.00","364.82K","-0.39%"
"01/15/2018","9358.45","9499.95","9508.55","9340.00","385.46K","-1.06%"
"01/12/2018","9459.15","9387.00","9494.75","9355.10","685.14K","+1.28%"
"01/11/2018","9339.80","9410.00","9430.00","9326.00","369.16K","-0.38%"
"01/10/2018","9375.85","9387.80","9454.85","9315.90","394.83K","-0.08%"
"01/09/2018","9383.55","9464.80","9491.45","9361.00","427.59K","-0.69%"
"01/08/2018","9448.95","9488.00","9495.00","9425.00","294.55K","+0.16%"
"01/05/2018","9433.85","9458.00","9532.00","9412.55","732.51K","+0.51%"
"01/04/2018","9386.25","9450.00","9488.00","9367.20","562.92K","-0.32%"
"01/03/2018","9416.60","9597.00","9598.00","9402.00","658.28K","-1.44%"
"01/02/2018","9554.05","9699.00","9718.60","9525.00","451.23K","-1.01%"
"01/01/2018","9651.90","9749.00","9789.00","9629.80","426.35K","-0.80%"
"12/29/2017","9729.55","9659.00","9769.00","9650.00","471.55K","+1.04%"
"12/28/2017","9629.20","9693.50","9693.50","9615.80","660.00K","-0.15%"
"12/27/2017","9644.10","9694.00","9750.70","9629.10","402.89K","-0.36%"
"12/26/2017","9679.00","9741.00","9765.00","9616.20","542.59K","-0.22%"
"12/22/2017","9700.00","9665.00","9824.80","9605.00","814.33K","+0.72%"
"12/21/2017","9631.05","9788.00","9817.40","9610.05","849.63K","-1.06%"
"12/20/2017","9733.90","9966.00","9996.40","9700.25","1.22M","-0.69%"
"12/19/2017","9801.50","9345.00","9858.00","9326.00","1.28M","+5.29%"
"12/18/2017","9309.10","9110.00","9344.00","8990.15","658.67K","+1.56%"
"12/15/2017","9165.90","9170.00","9236.30","9147.30","620.50K","+0.58%"
"12/14/2017","9112.75","9127.00","9146.80","9046.00","655.48K","-0.09%"
"12/13/2017","9120.65","9091.00","9176.00","9075.00","446.83K","-0.12%"
"12/12/2017","9131.35","9150.00","9218.50","9100.00","491.49K","-0.03%"
"12/11/2017","9133.80","9108.00","9167.00","9089.75","564.02K","+1.01%"
"12/08/2017","9042.25","8929.80","9119.00","8899.00","1.01M","+1.80%"
"12/07/2017","8882.40","8615.90","8988.25","8614.55","834.85K","+3.14%"
"12/06/2017","8612.40","8494.00","8638.75","8450.05","420.88K","+1.32%"
"12/05/2017","8500.40","8519.95","8554.95","8476.50","214.00K","-0.00%"
"12/04/2017","8500.80","8659.75","8659.95","8480.55","242.19K","-1.26%"
"12/01/2017","8609.00","8660.00","8695.00","8593.00","436.59K","+0.12%"
"11/30/2017","8599.10","8650.00","8676.00","8575.00","582.02K","-0.83%"
"11/29/2017","8671.35","8649.00","8696.00","8576.00","382.98K","+0.55%"
"11/28/2017","8624.15","8490.60","8658.00","8476.05","456.04K","+1.36%"
"11/27/2017","8508.60","8486.00","8524.20","8445.00","172.25K","+0.24%"
"11/24/2017","8487.95","8463.40","8540.00","8463.40","343.43K","+0.29%"
"11/23/2017","8463.40","8512.00","8519.00","8443.50","289.81K","-0.58%"
"11/22/2017","8513.15","8448.00","8525.00","8444.00","383.44K","+1.05%"
"11/21/2017","8424.80","8446.00","8449.45","8401.00","255.18K","-0.01%"
"11/20/2017","8425.65","8377.00","8449.00","8350.00","372.04K","+0.93%"
"11/17/2017","8348.35","8218.00","8362.45","8218.00","419.25K","+2.26%"
"11/16/2017","8163.70","8130.00","8234.85","8129.25","321.84K","+0.45%"
"11/15/2017","8127.25","8100.00","8180.00","8087.00","275.44K","+0.05%"
"11/14/2017","8122.95","8129.00","8186.00","8109.00","237.43K","+0.17%"
"11/13/2017","8109.20","8185.00","8219.05","8080.00","181.36K","-0.91%"
"11/10/2017","8183.50","8198.80","8234.90","8111.05","351.69K","-0.26%"
"11/09/2017","8204.80","8273.70","8273.70","8148.70","442.67K","-0.33%"
"11/08/2017","8232.00","8218.00","8285.05","8204.90","199.18K","+0.14%"
"11/07/2017","8220.30","8348.00","8348.00","8210.00","348.30K","-1.08%"
"11/06/2017","8310.20","8209.50","8370.55","8199.35","392.59K","+1.10%"
"11/03/2017","8219.40","8235.00","8242.90","8175.00","288.92K","-0.08%"
"11/02/2017","8225.80","8250.00","8273.95","8201.00","247.75K","-0.15%"
"11/01/2017","8238.40","8251.00","8256.45","8160.00","631.38K","+0.33%"
"10/31/2017","8211.25","8195.00","8226.50","8167.20","318.65K","+0.20%"
"10/30/2017","8195.25","8200.00","8279.00","8163.30","726.61K","+1.00%"
"10/27/2017","8114.45","8123.95","8240.00","8062.60","1.20M","+0.58%"
"10/26/2017","8068.05","7900.00","8086.00","7866.20","684.76K","+2.51%"
"10/25/2017","7870.20","7930.00","7945.00","7810.30","254.38K","-0.06%"
"10/24/2017","7875.00","7865.30","7932.20","7841.60","354.26K","+0.72%"
"10/23/2017","7818.50","7748.80","7860.00","7714.00","471.50K","+0.44%"
"10/18/2017","7784.05","7859.00","7873.05","7748.20","489.21K","-0.70%"
"10/17/2017","7838.90","7851.00","7902.30","7830.90","304.86K","-0.04%"
"10/16/2017","7842.00","7900.00","7935.00","7814.00","502.63K","-0.41%"
"10/13/2017","7874.15","7900.00","7940.00","7860.05","328.11K","-0.38%"
"10/12/2017","7904.25","7845.00","7918.00","7830.00","396.44K","+1.01%"
"10/11/2017","7825.15","7892.00","7898.85","7801.00","644.17K","-0.87%"
"10/10/2017","7893.70","7890.50","7934.90","7885.30","224.49K","-0.04%"
"10/09/2017","7896.70","7909.00","7957.00","7866.70","261.84K","-0.08%"
"10/06/2017","7903.20","7864.95","7919.00","7845.05","440.45K","+0.92%"
"10/05/2017","7831.05","7836.00","7901.00","7807.20","272.18K","-0.21%"
"10/04/2017","7847.20","7894.00","7933.90","7830.60","301.35K","-0.52%"
"10/03/2017","7888.30","8055.35","8069.05","7855.00","516.30K","-1.13%"
"09/29/2017","7978.20","7960.00","8007.80","7925.00","486.22K","+1.02%"
"09/28/2017","7897.35","7735.10","7920.00","7651.00","768.23K","+2.03%"
"09/27/2017","7739.95","7949.00","7978.00","7715.00","564.79K","-1.90%"
"09/26/2017","7889.90","7980.00","7980.05","7869.10","440.51K","-0.94%"
"09/25/2017","7964.95","8074.00","8089.00","7855.05","626.13K","-1.28%"
"09/22/2017","8068.20","8145.00","8175.50","8050.00","366.36K","-0.94%"
"09/21/2017","8144.95","8101.00","8170.90","8075.10","258.17K","+0.31%"
"09/20/2017","8120.15","8164.40","8164.40","8109.10","185.84K","-0.14%"
"09/19/2017","8131.70","8178.00","8184.95","8124.45","245.58K","-0.32%"
"09/18/2017","8157.85","8130.70","8185.00","8130.70","219.99K","+0.72%"
"09/15/2017","8099.75","8076.95","8119.10","8043.50","400.10K","+0.37%"
"09/14/2017","8070.25","8139.95","8164.95","8042.05","293.89K","-0.64%"
"09/13/2017","8122.60","8161.90","8200.00","8100.15","371.83K","-0.39%"
"09/12/2017","8154.50","8192.00","8192.00","8116.00","387.45K","+0.15%"
"09/11/2017","8142.40","8000.00","8168.00","8000.00","547.46K","+2.15%"
"09/08/2017","7970.75","7940.45","7979.75","7892.00","341.31K","+0.65%"
"09/07/2017","7919.20","7888.00","7949.00","7858.50","389.48K","+0.92%"
"09/06/2017","7846.65","7800.00","7904.00","7770.00","340.42K","+0.38%"
"09/05/2017","7817.20","7843.00","7855.95","7801.00","182.52K","-0.05%"
"09/04/2017","7821.50","7840.00","7876.00","7756.75","362.72K","+0.12%"
"09/01/2017","7812.30","7747.50","7834.90","7730.00","627.41K","+1.45%"
"08/31/2017","7700.30","7564.90","7720.40","7532.00","586.95K","+1.89%"
"08/30/2017","7557.45","7603.00","7639.35","7532.50","471.05K","+0.48%"
"08/29/2017","7521.50","7565.00","7575.55","7495.05","368.31K","-0.76%"
"08/28/2017","7579.00","7649.00","7649.00","7568.05","391.03K","-0.44%"
"08/24/2017","7612.85","7536.00","7635.00","7483.60","436.91K","+0.53%"
"08/23/2017","7573.05","7548.00","7590.00","7501.00","258.05K","+1.03%"
"08/22/2017","7496.10","7540.00","7567.50","7475.10","278.13K","-0.08%"
"08/21/2017","7501.90","7629.00","7658.05","7490.00","277.52K","-1.28%"
"08/18/2017","7598.80","7551.00","7624.00","7531.35","332.92K","+0.22%"
"08/17/2017","7582.45","7701.00","7708.85","7565.00","321.30K","-1.54%"
"08/16/2017","7701.15","7649.10","7720.10","7585.05","488.77K","+1.22%"
"08/14/2017","7608.45","7516.00","7647.00","7515.00","328.60K","+2.03%"
"08/11/2017","7457.40","7501.90","7533.80","7380.00","676.39K","-1.60%"
"08/10/2017","7578.75","7637.35","7640.00","7538.90","385.73K","-1.08%"
"08/09/2017","7661.60","7759.00","7795.00","7639.10","285.09K","-1.22%"
"08/08/2017","7755.90","7849.00","7885.00","7736.90","319.95K","-1.06%"
"08/07/2017","7838.65","7779.50","7892.35","7771.00","327.32K","+0.88%"
"08/04/2017","7770.30","7750.00","7804.90","7740.00","325.02K","+0.43%"
"08/03/2017","7737.40","7794.00","7829.00","7711.00","287.12K","-0.75%"
"08/02/2017","7795.50","7878.90","7880.00","7775.00","414.45K","-0.77%"
"08/01/2017","7856.10","7759.90","7920.00","7725.00","1.10M","+1.37%"
"07/31/2017","7750.05","7664.00","7765.00","7651.00","505.37K","+1.57%"
"07/28/2017","7630.45","7617.00","7673.60","7584.00","459.18K","+0.41%"
"07/27/2017","7599.60","7615.00","7683.40","7536.00","1.15M","+0.45%"
"07/26/2017","7565.25","7539.00","7595.00","7504.00","377.79K","+0.80%"
"07/25/2017","7504.85","7573.00","7573.00","7493.55","323.58K","-0.66%"
"07/24/2017","7554.55","7554.00","7569.00","7495.00","357.19K","+0.15%"
"07/21/2017","7543.00","7500.00","7549.90","7445.00","434.48K","+0.69%"
"07/20/2017","7490.95","7580.00","7584.50","7480.05","290.55K","-0.93%"
"07/19/2017","7561.50","7564.25","7584.00","7535.00","223.99K","+0.16%"
"07/18/2017","7549.35","7525.00","7591.50","7515.00","387.21K","+0.36%"
"07/17/2017","7522.30","7571.95","7578.00","7504.30","289.18K","-0.46%"
"07/14/2017","7557.25","7574.95","7588.95","7520.00","267.45K","-0.14%"
"07/13/2017","7567.55","7490.00","7574.50","7465.15","472.03K","+1.22%"
"07/12/2017","7476.65","7485.00","7485.00","7435.10","233.10K","+0.26%"
"07/11/2017","7457.00","7473.90","7495.00","7400.00","423.68K","+0.36%"
"07/10/2017","7430.45","7500.50","7500.50","6700.00","47.30K","-0.03%"
"07/07/2017","7432.80","7470.00","7474.05","7420.00","339.80K","-0.55%"
"07/06/2017","7474.05","7377.65","7498.00","7376.20","416.51K","+1.31%"
"07/05/2017","7377.65","7374.75","7394.00","7332.00","273.87K","+0.02%"
"07/04/2017","7376.15","7386.00","7415.05","7340.00","428.29K","+0.30%"
"07/03/2017","7354.00","7238.90","7365.00","7211.20","556.85K","+1.89%"
"06/30/2017","7217.60","7214.80","7233.60","7157.15","367.89K","-0.09%"
"06/29/2017","7224.35","7254.90","7290.00","7205.00","543.98K","-0.01%"
"06/28/2017","7225.05","7213.95","7324.00","7205.00","637.21K","+0.58%"
"06/27/2017","7183.35","7239.50","7267.20","7155.10","365.67K","-0.50%"
"06/23/2017","7219.15","7321.25","7331.65","7205.00","355.85K","-1.33%"
"06/22/2017","7316.10","7291.00","7352.00","7288.00","436.03K","+0.66%"
"06/21/2017","7268.20","7220.00","7284.50","7153.30","460.42K","+0.85%"
"06/20/2017","7207.25","7265.00","7283.65","7190.30","757.72K","-0.58%"
"06/19/2017","7249.25","7314.00","7322.15","7235.00","372.75K","-0.20%"
"06/16/2017","7263.90","7332.00","7360.05","7250.00","547.03K","-0.66%"
"06/15/2017","7312.30","7348.35","7393.00","7272.15","388.15K","-0.53%"
"06/14/2017","7351.05","7343.00","7392.45","7331.85","277.47K","+0.03%"
"06/13/2017","7348.95","7394.60","7455.00","7335.00","607.57K","-0.33%"
"06/12/2017","7373.65","7445.00","7450.00","7355.50","454.34K","-1.22%"
"06/09/2017","7464.85","7271.00","7480.90","7230.00","1.12M","+2.97%"
"06/08/2017","7249.50","7199.00","7274.95","7198.00","426.52K","+0.61%"
"06/07/2017","7205.70","7135.00","7225.00","7107.60","518.15K","+1.32%"
"06/06/2017","7112.10","7134.00","7154.30","7085.05","324.58K","-0.19%"
"06/05/2017","7125.70","7139.80","7161.90","7091.10","296.15K","+0.15%"
"06/02/2017","7114.70","7182.00","7187.70","7100.00","310.27K","-0.45%"
"06/01/2017","7146.60","7242.00","7245.00","7110.10","649.22K","-0.89%"
"05/31/2017","7211.00","7138.00","7248.00","7134.95","650.26K","+0.89%"
"05/30/2017","7147.50","7134.45","7206.60","7084.15","403.70K","+0.18%"
"05/29/2017","7134.45","7050.00","7197.80","7025.55","427.38K","+0.99%"
"05/26/2017","7064.80","6971.15","7085.05","6936.20","373.94K","+1.13%"
"05/25/2017","6985.70","6879.95","7018.00","6835.00","435.72K","+1.69%"
"05/24/2017","6869.65","6903.00","6912.55","6813.00","433.65K","-0.13%"
"05/23/2017","6878.85","6765.00","6910.00","6743.65","956.46K","+2.64%"
"05/22/2017","6701.70","6803.95","6843.95","6689.25","327.49K","-1.31%"
"05/19/2017","6790.55","6854.80","6893.90","6691.55","552.22K","-0.59%"
"05/18/2017","6831.05","6918.30","6948.00","6814.45","406.81K","-1.83%"
"05/17/2017","6958.20","6950.00","6979.00","6885.85","445.46K","+0.06%"
"05/16/2017","6953.95","6850.00","6977.55","6830.00","707.62K","+1.91%"
"05/15/2017","6823.90","6759.40","6839.10","6733.45","336.36K","+1.39%"
"05/12/2017","6730.20","6798.00","6798.00","6691.00","256.49K","-0.48%"
"05/11/2017","6762.50","6749.00","6789.40","6711.10","259.06K","+0.37%"
"05/10/2017","6737.75","6645.00","6754.00","6635.90","295.86K","+1.64%"
"05/09/2017","6629.30","6666.00","6666.00","6615.00","215.20K","-0.02%"
"05/08/2017","6630.55","6688.00","6703.65","6612.55","208.48K","-0.35%"
"05/05/2017","6654.15","6625.55","6676.40","6602.00","337.50K","+0.22%"
"05/04/2017","6639.80","6662.00","6686.95","6626.00","372.53K","-0.06%"
"05/03/2017","6644.00","6714.80","6714.95","6631.10","370.02K","-0.92%"
"05/02/2017","6705.50","6676.00","6730.00","6618.00","888.54K","+2.77%"
"04/28/2017","6524.85","6410.00","6589.80","6390.55","949.57K","+2.37%"
"04/27/2017","6374.05","6439.00","6450.00","6320.35","1.09M","-0.50%"
"04/26/2017","6406.30","6335.00","6424.75","6311.00","540.50K","+1.09%"
"04/25/2017","6337.20","6327.70","6350.00","6282.50","384.28K","+0.30%"
"04/24/2017","6318.35","6223.20","6335.00","6200.00","426.89K","+2.14%"
"04/21/2017","6185.80","6283.90","6295.05","6177.00","294.83K","-1.40%"
"04/20/2017","6273.50","6200.00","6303.15","6188.00","466.93K","+1.24%"
"04/19/2017","6196.95","6131.90","6222.35","6113.80","366.50K","+0.97%"
"04/18/2017","6137.15","6120.00","6234.35","6120.00","453.39K","+0.35%"
"04/17/2017","6115.55","6070.60","6137.50","6021.00","342.29K","+0.62%"
"04/13/2017","6077.95","6155.00","6175.00","6066.90","386.82K","-1.24%"
"04/12/2017","6154.50","6263.90","6263.90","6126.70","415.37K","-1.49%"
"04/11/2017","6247.80","6274.80","6305.00","6230.00","373.11K","-0.34%"
"04/10/2017","6268.85","6282.00","6307.80","6245.05","318.49K","+0.15%"
"04/07/2017","6259.35","6250.00","6336.00","6236.05","467.24K","-0.51%"
"04/06/2017","6291.65","6335.00","6336.00","6260.00","505.86K","-0.80%"
"04/05/2017","6342.40","6110.00","6359.00","6071.05","1.08M","+4.45%"
"04/03/2017","6072.00","6095.00","6095.00","6030.00","378.72K","+0.94%"
"03/31/2017","6015.70","5952.00","6041.00","5940.10","501.94K","+0.99%"
"03/30/2017","5956.60","5965.00","6000.90","5935.05","899.00K","+0.21%"
"03/29/2017","5944.15","6008.90","6008.90","5929.35","494.60K","-0.50%"
"03/28/2017","5974.25","5971.20","6049.00","5962.55","505.96K","-0.19%"
"03/27/2017","5985.80","5977.00","6020.00","5965.65","340.51K","-0.31%"
"03/24/2017","6004.65","6047.00","6047.00","5992.10","573.29K","-0.50%"
"03/23/2017","6034.80","6015.90","6069.00","6015.90","447.53K","+0.48%"
"03/22/2017","6005.80","6046.40","6053.40","5977.40","462.79K","-1.16%"
"03/21/2017","6076.30","6164.75","6200.55","6051.85","532.13K","-1.34%"
"03/20/2017","6158.90","6220.00","6220.00","6151.10","207.71K","-0.54%"
"03/17/2017","6192.60","6165.00","6226.80","6150.00","1.05M","+0.60%"
"03/16/2017","6155.45","6159.60","6186.30","6131.70","252.72K","+0.29%"
"03/15/2017","6137.35","6115.00","6168.80","6092.50","384.04K","+0.08%"
"03/14/2017","6132.40","6060.00","6144.40","6010.00","875.00K","+2.97%"
"03/10/2017","5955.60","5997.00","6008.40","5936.05","443.99K","-0.15%"
"03/09/2017","5964.40","5884.00","5975.00","5864.15","598.39K","+1.71%"
"03/08/2017","5864.15","5895.00","5904.90","5800.00","639.97K","-0.41%"
"03/07/2017","5888.50","5931.00","5954.00","5881.00","373.10K","-0.78%"
"03/06/2017","5934.85","5925.50","5974.80","5912.00","361.21K","+0.80%"
"03/03/2017","5887.75","5924.00","5928.95","5875.00","362.06K","-0.52%"
"03/02/2017","5918.75","5951.00","5998.80","5900.25","473.77K","-0.01%"
"03/01/2017","5919.60","5960.00","5998.80","5885.15","559.90K","-0.05%"
"02/28/2017","5922.50","5946.30","6000.00","5914.80","558.82K","-0.49%"
"02/27/2017","5951.50","6005.00","6050.95","5940.00","394.39K","-1.32%"
"02/23/2017","6031.00","6090.00","6092.10","6015.05","461.01K","-0.80%"
"02/22/2017","6079.65","6073.00","6116.15","6040.00","431.26K","+0.27%"
"02/21/2017","6063.15","6071.10","6090.65","6043.00","287.86K","-0.49%"
"02/20/2017","6093.15","5989.75","6120.75","5912.30","504.44K","+1.73%"
"02/17/2017","5989.75","6038.00","6055.85","5955.05","326.38K","-0.58%"
"02/16/2017","6024.55","5860.00","6037.95","5860.00","576.39K","+2.76%"
"02/15/2017","5862.70","5950.00","5961.80","5842.20","609.79K","-1.30%"
"02/14/2017","5939.85","6045.00","6045.00","5928.10","439.75K","-1.36%"
"02/13/2017","6022.00","6092.00","6139.90","6002.00","404.68K","-1.48%"
"02/10/2017","6112.25","6170.00","6173.75","6096.40","284.47K","-0.73%"
"02/09/2017","6157.10","6195.50","6204.00","6111.60","511.61K","-0.61%"
"02/08/2017","6194.65","6219.70","6233.90","6165.15","410.37K","-0.30%"
"02/07/2017","6213.20","6166.00","6231.50","6144.00","456.43K","+1.03%"
"02/06/2017","6149.70","6157.00","6187.00","6125.00","322.22K","+0.56%"
"02/03/2017","6115.45","6147.90","6156.65","6096.55","304.08K","-0.47%"
"02/02/2017","6144.35","6170.00","6218.35","6130.00","745.21K","-0.56%"
"02/01/2017","6179.20","5900.00","6203.50","5886.00","1.21M","+4.83%"
"01/31/2017","5894.25","5889.00","5934.90","5875.50","374.64K","-0.01%"
"01/30/2017","5894.95","5916.00","5939.00","5885.00","323.45K","-0.35%"
"01/27/2017","5915.90","5842.00","5927.70","5825.05","576.91K","+1.95%"
"01/25/2017","5802.55","5763.90","5834.00","5708.05","1.15M","+1.14%"
"01/24/2017","5737.20","5704.00","5745.75","5688.95","301.61K","+0.65%"
"01/23/2017","5700.00","5668.95","5712.75","5643.80","297.51K","+0.55%"
"01/20/2017","5668.95","5717.00","5749.00","5642.00","444.28K","-0.86%"
"01/19/2017","5718.35","5675.00","5728.00","5675.00","239.03K","+0.60%"
"01/18/2017","5684.45","5685.00","5719.00","5665.00","308.48K","+0.27%"
"01/17/2017","5669.40","5690.00","5718.90","5657.05","343.05K","-0.13%"
"01/16/2017","5676.90","5697.95","5725.20","5661.00","290.14K","-0.40%"
"01/13/2017","5699.50","5792.00","5794.00","5683.65","1.09M","-1.35%"
"01/12/2017","5777.35","5770.00","5795.00","5742.00","421.63K","+0.26%"
"01/11/2017","5762.35","5691.00","5772.90","5691.00","539.33K","+1.54%"
"01/10/2017","5674.85","5680.00","5693.70","5641.00","410.44K","+0.29%"
"01/09/2017","5658.50","5644.80","5680.00","5610.60","345.09K","+0.76%"
"01/06/2017","5615.55","5650.00","5657.30","5597.00","544.70K","-0.34%"
"01/05/2017","5634.95","5525.10","5649.90","5525.10","744.21K","+2.41%"
"01/04/2017","5502.15","5530.00","5554.70","5494.00","679.44K","-0.11%"
"01/03/2017","5508.40","5466.00","5524.20","5432.60","631.75K","+0.78%"
"01/02/2017","5466.00","5320.05","5474.20","5267.80","651.32K","+2.75%"
"12/30/2016","5319.55","5347.00","5377.90","5303.00","559.89K","+0.09%"
"12/29/2016","5314.80","5217.20","5349.00","5217.20","655.33K","+1.60%"
"12/28/2016","5231.25","5250.00","5278.00","5219.45","595.51K","+0.14%"
"12/27/2016","5224.00","5185.00","5237.40","5117.20","486.70K","+1.10%"
"12/26/2016","5167.35","5179.00","5257.80","5151.10","511.00K","-0.57%"
"12/23/2016","5197.15","5050.00","5214.00","5041.00","589.01K","+2.22%"
"12/22/2016","5084.40","5144.00","5144.00","5053.00","399.57K","-1.04%"
"12/21/2016","5137.85","5119.40","5160.00","5073.55","413.07K","+0.58%"
"12/20/2016","5108.00","5135.90","5147.50","5072.00","377.68K","-0.14%"
"12/19/2016","5115.05","5175.00","5195.45","5104.05","369.12K","-1.42%"
"12/16/2016","5188.65","5174.50","5207.00","5151.20","1.17M","+0.71%"
"12/15/2016","5152.05","5099.95","5197.00","5080.00","457.32K","+0.21%"
"12/14/2016","5141.05","5179.95","5214.75","5130.20","371.70K","-0.43%"
"12/13/2016","5163.15","5178.75","5207.00","5134.05","484.29K","+0.36%"
"12/12/2016","5144.40","5228.00","5228.00","5120.05","357.44K","-1.73%"
"12/09/2016","5235.00","5290.00","5312.50","5201.20","562.52K","+0.01%"
"12/08/2016","5234.60","5172.00","5269.90","5170.00","845.96K","+2.31%"
"12/07/2016","5116.65","5150.95","5209.75","5035.05","590.46K","-0.36%"
"12/06/2016","5135.20","5220.00","5261.00","5118.05","646.66K","-1.30%"
"12/05/2016","5202.95","5063.90","5219.90","5055.00","578.93K","+2.66%"
"12/02/2016","5068.10","5220.00","5236.20","5046.00","772.28K","-3.50%"
"12/01/2016","5252.10","5266.00","5307.50","5204.25","1.22M","-0.26%"
"11/30/2016","5266.00","5110.55","5282.00","5100.10","1.27M","+3.50%"
"11/29/2016","5088.15","4898.00","5119.00","4896.00","874.90K","+3.97%"
"11/28/2016","4893.75","4866.00","4913.00","4833.00","1.39M","+0.41%"
"11/25/2016","4873.60","4849.00","4905.00","4792.45","669.50K","+0.90%"
"11/24/2016","4830.15","4862.00","4883.90","4804.00","550.37K","-1.04%"
"11/23/2016","4880.85","4945.00","4945.00","4860.00","757.74K","-1.09%"
"11/22/2016","4934.55","4830.00","4956.00","4825.55","846.00K","+3.07%"
"11/21/2016","4787.45","4990.00","4990.00","4765.30","864.70K","-3.30%"
"11/18/2016","4950.90","4935.00","4989.90","4887.90","699.36K","+0.51%"
"11/17/2016","4925.55","5030.00","5048.00","4916.30","668.72K","-1.31%"
"11/16/2016","4990.80","4924.00","5009.40","4901.55","1.95M","+2.98%"
"11/15/2016","4846.60","5101.90","5119.05","4806.40","2.79M","-5.60%"
"11/11/2016","5134.25","5290.00","5292.95","5103.00","1.06M","-3.65%"
"11/10/2016","5328.50","5505.50","5517.25","5305.00","942.97K","-1.20%"
"11/09/2016","5392.95","5305.00","5553.00","5305.00","1.30M","-4.87%"
"11/08/2016","5669.00","5727.80","5731.00","5581.50","684.05K","-0.82%"
"11/07/2016","5715.95","5763.00","5784.85","5708.00","532.21K","+0.19%"
"11/04/2016","5704.85","5789.00","5789.00","5667.30","679.82K","-1.73%"
"11/03/2016","5805.55","5799.90","5859.90","5780.00","585.73K","+0.19%"
"11/02/2016","5794.60","5805.00","5864.90","5785.00","522.31K","-1.42%"
"11/01/2016","5878.10","5919.00","5974.00","5855.20","1.16M","+0.03%"
"10/28/2016","5876.15","5922.00","5928.55","5865.75","935.54K","+0.27%"
"10/27/2016","5860.15","5897.00","5948.00","5789.10","1.86M","-0.15%"
"10/26/2016","5869.10","5796.60","5898.00","5785.00","590.81K","+1.52%"
"10/25/2016","5781.45","5734.00","5799.00","5725.65","339.51K","+1.18%"
"10/24/2016","5713.90","5666.00","5748.00","5666.00","412.40K","+1.13%"
"10/21/2016","5650.20","5650.50","5670.00","5616.00","224.57K","+0.10%"
"10/20/2016","5644.50","5615.00","5683.50","5615.00","311.73K","+0.71%"
"10/19/2016","5604.60","5633.70","5647.90","5593.05","384.61K","-0.39%"
"10/18/2016","5626.70","5621.00","5645.35","5580.10","487.80K","+0.49%"
"10/17/2016","5599.10","5699.00","5699.00","5574.60","400.60K","-1.61%"
"10/14/2016","5690.45","5760.20","5766.95","5669.10","352.35K","-0.49%"
"10/13/2016","5718.55","5690.00","5752.80","5652.60","441.17K","+0.11%"
"10/10/2016","5712.35","5724.90","5734.40","5695.95","205.84K","+0.50%"
"10/07/2016","5683.80","5709.45","5717.25","5667.30","309.47K","-0.47%"
"10/06/2016","5710.45","5700.00","5745.60","5700.00","416.86K","+0.37%"
"10/05/2016","5689.20","5707.00","5767.00","5673.00","644.73K","+0.16%"
"10/04/2016","5680.00","5715.15","5717.95","5650.00","464.91K","-0.02%"
"10/03/2016","5681.00","5661.00","5720.00","5631.80","840.94K","+3.72%"
"09/30/2016","5477.30","5420.00","5497.50","5382.60","646.63K","+0.71%"
"09/29/2016","5438.60","5575.00","5577.00","5395.00","693.22K","-1.51%"
"09/28/2016","5521.80","5510.60","5555.00","5506.00","449.83K","+0.19%"
"09/27/2016","5511.40","5598.95","5599.95","5500.00","427.99K","-1.03%"
"09/26/2016","5568.90","5586.00","5625.00","5555.55","418.30K","-0.59%"
"09/23/2016","5601.80","5630.00","5630.00","5565.60","559.59K","+0.08%"
"09/22/2016","5597.10","5565.35","5634.10","5564.95","526.49K","+1.74%"
"09/21/2016","5501.25","5526.00","5542.50","5462.10","549.37K","-0.25%"
"09/20/2016","5514.85","5525.00","5560.00","5498.35","423.08K","+0.42%"
"09/19/2016","5491.90","5569.00","5569.00","5485.00","632.84K","-1.46%"
"09/16/2016","5573.30","5473.00","5619.90","5473.00","1.67M","+2.22%"
"09/15/2016","5452.40","5356.00","5461.00","5349.55","704.38K","+1.65%"
"09/14/2016","5363.90","5330.05","5384.75","5330.05","539.70K","+0.65%"
"09/12/2016","5329.00","5305.00","5350.00","5251.00","795.63K","-1.37%"
"09/09/2016","5403.00","5489.70","5489.95","5377.05","547.60K","-1.57%"
"09/08/2016","5489.40","5321.00","5499.00","5319.00","942.30K","+2.87%"
"09/07/2016","5336.05","5319.00","5362.00","5290.10","734.05K","+0.31%"
"09/06/2016","5319.70","5201.00","5335.00","5201.00","970.02K","+3.09%"
"09/02/2016","5160.45","5078.00","5188.65","5075.00","956.05K","+1.97%"
"09/01/2016","5060.75","5074.00","5100.00","5019.30","870.40K","+0.14%"
"08/31/2016","5053.65","5063.90","5103.85","5036.30","804.29K","-0.28%"
"08/30/2016","5067.65","4955.00","5103.90","4951.00","996.16K","+2.85%"
"08/29/2016","4927.40","4925.00","4955.00","4920.90","299.61K","+0.13%"
"08/26/2016","4920.90","4934.80","4964.90","4910.10","337.71K","-0.26%"
"08/25/2016","4933.70","4973.80","4982.80","4906.25","914.32K","-0.30%"
"08/24/2016","4948.55","4890.00","4983.80","4886.45","952.40K","+2.37%"
"08/23/2016","4833.80","4835.05","4855.20","4800.00","270.87K","-0.08%"
"08/22/2016","4837.75","4896.00","4897.00","4828.00","292.89K","-1.27%"
"08/19/2016","4900.10","4916.00","4933.20","4889.05","426.43K","-0.32%"
"08/18/2016","4915.85","4920.85","4950.00","4901.00","479.57K","+0.53%"
"08/17/2016","4889.85","4860.00","4911.30","4849.10","498.25K","+0.53%"
"08/16/2016","4864.20","4948.00","4948.00","4852.00","793.11K","-0.70%"
"08/12/2016","4898.60","4882.00","4940.00","4847.10","686.07K","+0.41%"
"08/11/2016","4878.65","4862.10","4923.50","4805.00","623.16K","+0.35%"
"08/10/2016","4861.60","4975.00","4980.00","4850.00","512.32K","-2.00%"
"08/09/2016","4960.85","5009.90","5021.75","4915.40","508.71K","-0.62%"
"08/08/2016","4991.75","4980.00","5010.00","4960.05","474.50K","+1.01%"
"08/05/2016","4941.65","4919.00","4965.00","4900.00","598.29K","+1.06%"
"08/04/2016","4889.65","4945.00","4945.00","4869.35","727.10K","+0.32%"
"08/03/2016","4873.85","5014.90","5020.00","4853.15","1.02M","-2.25%"
"08/02/2016","4986.05","4900.00","5039.00","4880.00","1.61M","+2.46%"
"08/01/2016","4866.25","4798.95","4885.00","4772.25","1.21M","+2.28%"
"07/29/2016","4757.60","4751.00","4824.00","4720.55","799.26K","-0.12%"
"07/28/2016","4763.50","4579.00","4784.00","4570.55","1.88M","+4.51%"
"07/27/2016","4558.15","4510.30","4628.00","4510.00","1.21M","+1.94%"
"07/26/2016","4471.30","4575.15","4584.00","4451.15","1.83M","-1.74%"
"07/25/2016","4550.55","4427.00","4565.00","4421.00","499.62K","+3.08%"
"07/22/2016","4414.70","4421.00","4449.00","4405.00","339.89K","+0.02%"
"07/21/2016","4413.70","4489.00","4493.05","4405.25","252.23K","-1.24%"
"07/20/2016","4469.15","4471.85","4510.00","4452.05","357.56K","-0.37%"
"07/19/2016","4485.70","4455.20","4499.00","4440.00","378.79K","+0.69%"
"07/18/2016","4454.75","4477.00","4564.40","4432.40","684.92K","-0.39%"
"07/15/2016","4472.05","4450.00","4493.55","4404.50","654.08K","+0.99%"
"07/14/2016","4428.30","4326.00","4439.00","4326.00","637.58K","+2.47%"
"07/13/2016","4321.40","4350.00","4360.00","4301.00","416.94K","-1.12%"
"07/12/2016","4370.40","4300.00","4382.00","4291.00","688.92K","+2.30%"
"07/11/2016","4272.05","4190.00","4285.90","4189.95","518.43K","+2.65%"
"07/08/2016","4161.80","4142.00","4175.65","4126.00","261.30K","+0.50%"
"07/07/2016","4141.10","4181.10","4189.90","4125.00","325.84K","-0.77%"
"07/05/2016","4173.35","4180.00","4202.00","4150.00","282.44K","-0.01%"
"07/04/2016","4173.80","4171.00","4190.50","4155.75","343.65K","+0.20%"
"07/01/2016","4165.40","4188.60","4214.20","4132.00","804.65K","-0.52%"
"06/30/2016","4187.20","4179.90","4200.00","4145.55","770.54K","+1.35%"
"06/29/2016","4131.25","4100.00","4141.00","4089.20","646.95K","+1.29%"
"06/28/2016","4078.70","4041.10","4081.95","4040.00","626.45K","+1.33%"
"06/27/2016","4025.10","4061.00","4061.00","4004.10","836.63K","-1.10%"
"06/24/2016","4070.05","4053.00","4092.10","3866.60","1.56M","-2.36%"
"06/23/2016","4168.60","4151.90","4175.00","4120.45","341.09K","+0.42%"
"06/22/2016","4151.35","4145.00","4180.50","4125.05","417.54K","-0.15%"
"06/21/2016","4157.40","4146.00","4168.10","4109.00","512.38K","+0.59%"
"06/20/2016","4133.20","4076.55","4144.80","4065.70","667.11K","+0.45%"
"06/17/2016","4114.50","4115.00","4158.00","4093.45","951.66K","+0.74%"
"06/16/2016","4084.10","4160.00","4164.00","4062.00","1.12M","-2.98%"
"06/15/2016","4209.60","4125.00","4215.00","4112.10","510.81K","+2.56%"
"06/14/2016","4104.50","4145.00","4155.90","4096.00","403.19K","-0.73%"
"06/13/2016","4134.75","4074.00","4150.00","4062.00","385.64K","+0.57%"
"06/10/2016","4111.50","4165.10","4197.00","4100.00","464.89K","-1.38%"
"06/09/2016","4169.15","4152.05","4189.75","4140.00","305.43K","+0.22%"
"06/08/2016","4160.10","4131.00","4169.80","4124.70","417.71K","+0.59%"
"06/07/2016","4135.65","4175.00","4188.95","4118.00","471.39K","-0.15%"
"06/06/2016","4142.00","4216.00","4217.00","4118.00","443.08K","-1.80%"
"06/03/2016","4217.95","4192.15","4235.00","4180.00","591.63K","+0.75%"
"06/02/2016","4186.65","4150.00","4194.95","4124.00","411.14K","+0.51%"
"06/01/2016","4165.35","4170.70","4199.95","4150.00","647.04K","+0.09%"
"05/31/2016","4161.60","4060.00","4180.00","4055.05","775.48K","+2.21%"
"05/30/2016","4071.75","4132.00","4155.20","4054.00","555.31K","-1.81%"
"05/27/2016","4146.60","4114.70","4162.00","4091.05","880.89K","+0.69%"
"05/26/2016","4118.00","4064.00","4125.00","4027.20","1.07M","+1.40%"
"05/25/2016","4060.95","3948.00","4072.00","3940.00","842.66K","+3.48%"
"05/24/2016","3924.20","3913.80","3937.95","3893.15","283.53K","+0.26%"
"05/23/2016","3913.85","3964.00","3968.30","3900.00","348.35K","-0.79%"
"05/20/2016","3944.95","3883.80","3959.00","3881.10","485.21K","+0.47%"
"05/19/2016","3926.60","3900.00","3940.00","3881.00","679.82K","+0.30%"
"05/18/2016","3914.90","3928.80","3939.00","3805.05","1.92M","-0.91%"
"05/17/2016","3950.70","3891.05","3969.00","3886.25","865.03K","+1.78%"
"05/16/2016","3881.60","3870.00","3895.00","3840.00","878.81K","+0.92%"
"05/13/2016","3846.25","3856.00","3877.90","3828.00","435.06K","-0.21%"
"05/12/2016","3854.20","3884.85","3909.80","3841.50","857.98K","-0.92%"
"05/11/2016","3890.05","3800.00","3898.00","3790.00","679.71K","+1.18%"
"05/10/2016","3844.80","3850.50","3897.05","3835.10","1.09M","-0.04%"
"05/09/2016","3846.50","3830.00","3878.00","3825.00","771.39K","+0.72%"
"05/06/2016","3818.95","3829.95","3835.00","3802.00","411.88K","-0.47%"
"05/05/2016","3836.85","3825.00","3850.00","3802.00","485.77K","+0.66%"
"05/04/2016","3811.55","3800.00","3844.00","3796.05","557.61K","-0.22%"
"05/03/2016","3819.95","3840.80","3879.00","3795.70","795.70K","-0.28%"
"05/02/2016","3830.85","3799.90","3840.00","3751.60","762.34K","+0.95%"
"04/29/2016","3794.65","3742.00","3820.00","3725.00","962.85K","+1.25%"
"04/28/2016","3747.95","3819.00","3854.00","3735.10","1.82M","-2.89%"
"04/27/2016","3859.40","3841.10","3932.75","3830.25","1.39M","-0.31%"
"04/26/2016","3871.55","3704.05","3894.00","3691.90","2.78M","+3.85%"
"04/25/2016","3727.95","3806.10","3842.00","3715.15","838.22K","-2.31%"
"04/22/2016","3816.05","3703.00","3833.00","3680.10","1.17M","+2.99%"
"04/21/2016","3705.30","3695.00","3737.25","3674.00","1.93M","+0.96%"
"04/20/2016","3670.05","3724.35","3724.35","3651.00","1.83M","-1.31%"
"04/18/2016","3718.95","3720.80","3750.00","3680.00","999.62K","-0.34%"
"04/13/2016","3731.60","3613.00","3745.35","3606.60","1.11M","+4.42%"
"04/12/2016","3573.70","3470.20","3609.85","3465.05","1.40M","+2.73%"
"04/11/2016","3478.65","3437.00","3488.00","3423.00","970.38K","+1.40%"
"04/08/2016","3430.65","3460.00","3474.00","3418.50","1.63M","-1.16%"
"04/07/2016","3471.00","3556.50","3556.50","3450.00","1.22M","-2.86%"
"04/06/2016","3573.05","3568.00","3607.30","3546.00","664.48K","+0.51%"
"04/05/2016","3554.85","3676.00","3696.90","3536.50","826.02K","-3.49%"
"04/04/2016","3683.25","3735.00","3751.50","3676.00","299.85K","-1.07%"
"04/01/2016","3723.20","3700.45","3764.95","3682.00","769.73K","+0.19%"
"03/31/2016","3716.30","3739.50","3748.75","3664.00","1.22M","-0.30%"
"03/30/2016","3727.45","3745.00","3749.90","3684.00","872.34K","-0.07%"
"03/29/2016","3729.95","3649.00","3769.00","3645.00","686.48K","+2.50%"
"03/28/2016","3638.95","3759.00","3777.80","3629.95","743.47K","-2.60%"
"03/23/2016","3736.00","3711.85","3744.00","3666.45","586.28K","+0.99%"
"03/22/2016","3699.55","3669.00","3735.95","3652.00","713.12K","+0.82%"
"03/21/2016","3669.55","3630.10","3678.80","3605.00","474.71K","+1.33%"
"03/18/2016","3621.40","3640.00","3649.70","3557.05","1.07M","-0.39%"
"03/17/2016","3635.45","3686.35","3750.00","3620.00","710.45K","-0.87%"
"03/16/2016","3667.35","3650.00","3675.00","3637.50","459.19K","+0.35%"
"03/15/2016","3654.55","3670.00","3679.90","3615.50","688.84K","+0.18%"
"03/14/2016","3648.15","3660.00","3684.00","3627.05","483.30K","+0.19%"
"03/11/2016","3641.20","3633.70","3690.00","3616.05","1.00M","+0.39%"
"03/10/2016","3627.20","3600.00","3634.70","3573.40","1.02M","+1.42%"
"03/09/2016","3576.40","3454.85","3600.00","3441.10","752.95K","+3.29%"
"03/08/2016","3462.65","3552.95","3598.95","3450.60","1.10M","-2.60%"
"03/04/2016","3555.10","3619.00","3619.00","3526.00","610.23K","-1.48%"
"03/03/2016","3608.65","3625.80","3647.00","3578.00","742.26K","-0.11%"
"03/02/2016","3612.65","3542.95","3627.70","3540.05","1.24M","+3.38%"
"03/01/2016","3494.40","3200.90","3510.00","3200.90","1.92M","+7.97%"
"02/29/2016","3236.50","3425.00","3434.95","3193.25","2.22M","-5.07%"
"02/26/2016","3409.20","3452.00","3459.10","3375.10","831.49K","-0.14%"
"02/25/2016","3414.15","3509.65","3510.00","3401.00","840.54K","-2.16%"
"02/24/2016","3489.70","3499.95","3530.00","3480.00","605.91K","+0.07%"
"02/23/2016","3487.40","3530.00","3568.45","3480.00","796.84K","-0.95%"
"02/22/2016","3520.80","3539.00","3545.00","3491.55","1.29M","-1.63%"
"02/19/2016","3579.15","3640.00","3640.00","3559.00","718.68K","-2.03%"
"02/18/2016","3653.25","3781.25","3796.85","3622.10","1.24M","-2.56%"
"02/17/2016","3749.15","3679.90","3755.00","3661.50","652.02K","+1.19%"
"02/16/2016","3705.20","3725.25","3748.95","3651.20","753.87K","-0.16%"
"02/15/2016","3711.25","3605.95","3724.90","3604.40","1.18M","+4.55%"
"02/12/2016","3549.65","3570.00","3588.00","3461.00","1.21M","+0.23%"
"02/11/2016","3541.45","3651.10","3664.30","3518.50","1.07M","-3.73%"
"02/10/2016","3678.55","3639.85","3718.00","3600.00","795.38K","+0.59%"
"02/09/2016","3657.10","3685.00","3689.00","3620.00","657.01K","-2.02%"
"02/08/2016","3732.55","3749.00","3789.00","3715.05","559.50K","+0.25%"
"02/05/2016","3723.40","3784.70","3790.00","3693.30","1.25M","-1.88%"
"02/04/2016","3794.65","3864.00","3881.90","3774.00","597.80K","-0.88%"
"02/03/2016","3828.35","3870.00","3870.00","3784.65","1.10M","-1.20%"
"02/02/2016","3874.95","3952.60","3985.00","3851.55","902.62K","-1.86%"
"02/01/2016","3948.25","4100.90","4119.00","3933.65","1.90M","-3.60%"
"01/29/2016","4095.85","3925.00","4124.00","3923.00","2.15M","-0.18%"
"01/28/2016","4103.30","4080.00","4139.90","4031.00","1.68M","-0.21%"
"01/27/2016","4111.95","4131.00","4179.00","4092.00","886.55K","+0.75%"
"01/25/2016","4081.35","4125.95","4172.00","4073.90","608.63K","-0.57%"
"01/22/2016","4104.95","3942.95","4119.90","3930.15","1.06M","+5.48%"
"01/21/2016","3891.70","4084.95","4084.95","3870.00","1.21M","-4.12%"
"01/20/2016","4058.95","4169.85","4189.95","4028.50","679.99K","-3.32%"
"01/19/2016","4198.15","4241.00","4244.95","4165.00","499.00K","-0.90%"
"01/18/2016","4236.20","4279.00","4289.25","4172.85","396.12K","-0.87%"
"01/15/2016","4273.35","4265.00","4340.00","4254.00","592.18K","+0.59%"
"01/14/2016","4248.25","4239.00","4289.00","4212.70","402.03K","-1.00%"
"01/13/2016","4291.25","4298.00","4310.00","4221.35","431.21K","+0.58%"
"01/12/2016","4266.70","4310.00","4324.80","4260.00","481.14K","-0.13%"
"01/11/2016","4272.40","4190.00","4300.00","4117.00","865.80K","+1.37%"
"01/08/2016","4214.75","4286.30","4325.00","4195.80","994.65K","-1.25%"
"01/07/2016","4267.90","4449.70","4449.70","4251.85","1.20M","-4.75%"
"01/06/2016","4480.80","4592.00","4593.00","4468.00","593.74K","-1.89%"
"01/05/2016","4566.95","4599.95","4600.75","4557.25","509.29K","-0.30%"
"01/04/2016","4580.65","4635.00","4657.00","4571.75","405.50K","-1.25%"
"01/01/2016","4638.50","4621.00","4668.00","4602.35","243.60K","+0.36%"
"12/31/2015","4621.95","4587.00","4637.00","4566.30","422.02K","+0.76%"
"12/30/2015","4587.20","4637.00","4642.89","4575.00","265.17K","-1.07%"
"12/29/2015","4636.89","4641.95","4655.89","4612.80","253.13K","-0.07%"
"12/28/2015","4640.00","4598.39","4645.95","4588.00","272.13K","+0.90%"
"12/24/2015","4598.39","4633.25","4634.35","4586.14","162.73K","-0.79%"
"12/23/2015","4634.95","4635.00","4656.00","4620.00","227.94K","+0.38%"
"12/22/2015","4617.20","4630.00","4644.95","4602.05","207.13K","-0.47%"
"12/21/2015","4639.10","4626.89","4660.00","4616.25","274.07K","+0.40%"
"12/18/2015","4620.45","4684.70","4702.00","4611.50","682.21K","-0.99%"
"12/17/2015","4666.75","4650.00","4679.00","4573.85","443.53K","+1.03%"
"12/16/2015","4619.39","4655.00","4657.14","4604.00","357.57K","-0.01%"
"12/15/2015","4620.00","4605.00","4634.00","4563.10","581.11K","+0.94%"
"12/14/2015","4576.80","4478.89","4590.00","4471.50","484.62K","+2.14%"
"12/11/2015","4480.75","4519.75","4528.00","4412.00","532.72K","-0.39%"
"12/10/2015","4498.10","4495.00","4519.80","4406.05","506.41K","+0.42%"
"12/09/2015","4479.10","4538.80","4542.00","4470.00","607.15K","-1.40%"
"12/08/2015","4542.55","4540.00","4579.80","4520.00","577.67K","-0.47%"
"12/07/2015","4564.20","4622.00","4640.00","4558.00","493.62K","-0.79%"
"12/04/2015","4600.35","4610.00","4634.00","4579.14","581.04K","-0.58%"
"12/03/2015","4627.05","4609.00","4644.70","4600.50","567.29K","+0.18%"
"12/02/2015","4618.80","4600.00","4627.35","4556.20","1.12M","+1.37%"
"12/01/2015","4556.20","4609.00","4616.00","4531.35","1.51M","-1.10%"
"11/30/2015","4606.89","4586.00","4700.00","4492.10","10.57M","+0.59%"
"11/27/2015","4580.05","4680.00","4680.00","4556.39","1.23M","-0.58%"
"11/26/2015","4606.55","4659.95","4659.95","4577.95","1.44M","-0.72%"
"11/24/2015","4639.89","4724.05","4724.05","4621.00","1.29M","-2.03%"
"11/23/2015","4736.25","4730.00","4790.00","4702.35","1.03M","-0.03%"
"11/20/2015","4737.89","4666.00","4766.00","4631.00","917.46K","+1.88%"
"11/19/2015","4650.35","4580.89","4661.50","4571.05","1.03M","+2.58%"
"11/18/2015","4533.25","4634.50","4652.00","4525.00","725.99K","-2.14%"
"11/17/2015","4632.25","4645.39","4676.14","4618.00","638.26K","-0.32%"
"11/16/2015","4646.89","4600.00","4664.00","4572.89","644.30K","+0.59%"
"11/13/2015","4619.80","4734.45","4737.25","4602.39","983.11K","-2.67%"
"11/11/2015","4746.75","4730.00","4757.10","4723.05","86.59K","+0.72%"
"11/10/2015","4712.70","4649.50","4729.95","4629.75","909.98K","+1.83%"
"11/09/2015","4628.20","4440.00","4639.00","4440.00","729.71K","+2.33%"
"11/06/2015","4522.80","4532.95","4535.35","4481.05","361.98K","-0.08%"
"11/05/2015","4526.60","4518.95","4555.00","4496.39","406.26K","+0.13%"
"11/04/2015","4520.55","4487.75","4536.55","4455.10","660.80K","+0.85%"
"11/03/2015","4482.55","4519.89","4521.20","4465.05","320.90K","-0.29%"
"11/02/2015","4495.75","4470.00","4525.05","4425.20","603.73K","+1.05%"
"10/30/2015","4449.00","4446.00","4467.89","4400.10","738.32K","+0.21%"
"10/29/2015","4439.55","4501.50","4512.55","4419.25","907.41K","-1.24%"
"10/28/2015","4495.20","4530.00","4559.00","4472.00","989.23K","-0.04%"
"10/27/2015","4497.00","4409.00","4518.00","4376.60","1.29M","+2.55%"
"10/26/2015","4385.14","4400.00","4452.00","4375.80","535.16K","+0.10%"
"10/23/2015","4380.89","4500.80","4508.00","4371.10","621.56K","-2.10%"
"10/21/2015","4474.70","4489.00","4524.70","4450.00","316.56K","-0.76%"
"10/20/2015","4508.75","4467.89","4516.70","4441.64","675.60K","+1.12%"
"10/19/2015","4458.95","4465.00","4478.00","4408.10","594.94K","+0.20%"
"10/16/2015","4450.25","4410.00","4461.00","4381.05","929.52K","+1.66%"
"10/15/2015","4377.39","4269.89","4389.14","4261.00","982.42K","+3.00%"
"10/14/2015","4249.75","4270.89","4295.60","4242.00","656.03K","-0.56%"
"10/13/2015","4273.85","4231.00","4288.00","4229.14","605.08K","+0.99%"
"10/12/2015","4231.85","4310.89","4322.64","4216.50","837.79K","-1.04%"
"10/09/2015","4276.35","4390.00","4397.20","4262.75","816.65K","-1.78%"
"10/08/2015","4353.75","4380.00","4407.00","4332.20","726.22K","-0.25%"
"10/07/2015","4364.50","4352.25","4437.89","4345.05","801.30K","+0.24%"
"10/06/2015","4354.00","4449.00","4449.00","4338.05","1.16M","-1.36%"
"10/05/2015","4414.05","4570.00","4570.00","4389.00","1.95M","-3.63%"
"10/01/2015","4580.35","4720.00","4721.89","4570.00","1.09M","-2.25%"
"09/30/2015","4685.60","4710.00","4763.45","4657.55","835.78K","+0.07%"
"09/29/2015","4682.30","4509.95","4740.00","4467.00","1.22M","+3.22%"
"09/28/2015","4536.25","4570.00","4615.00","4516.75","684.35K","-0.67%"
"09/24/2015","4566.64","4499.50","4604.00","4484.75","1.10M","+1.53%"
"09/23/2015","4497.64","4459.00","4523.00","4413.25","880.70K","+0.55%"
"09/22/2015","4473.05","4508.00","4519.89","4440.50","924.29K","-0.38%"
"09/21/2015","4490.25","4397.95","4509.00","4387.10","642.86K","+2.03%"
"09/18/2015","4400.85","4379.30","4478.30","4355.60","621.25K","+1.04%"
"09/16/2015","4355.60","4377.00","4377.00","4330.10","418.08K","+0.42%"
"09/15/2015","4337.20","4375.50","4419.10","4320.00","734.81K","+0.41%"
"09/14/2015","4319.50","4330.00","4347.00","4285.00","207.40K","+0.04%"
"09/11/2015","4317.75","4329.00","4360.00","4308.60","281.73K","+0.38%"
"09/10/2015","4301.45","4255.00","4317.95","4225.14","321.36K","-0.09%"
"09/09/2015","4305.14","4210.00","4319.00","4187.64","589.73K","+4.01%"
"09/08/2015","4139.30","4106.00","4155.85","4077.00","293.00K","+1.71%"
"09/07/2015","4069.60","4067.90","4128.50","4045.00","300.05K","+0.16%"
"09/04/2015","4063.30","4137.00","4139.70","4051.20","316.14K","-1.93%"
"09/03/2015","4143.25","4059.00","4162.30","4040.05","514.45K","+2.81%"
"09/02/2015","4030.00","4083.00","4089.95","4010.00","392.08K","-0.77%"
"09/01/2015","4061.45","4170.00","4199.45","4046.20","605.39K","-2.54%"
"08/31/2015","4167.20","4199.00","4233.00","4142.35","298.28K","-0.92%"
"08/28/2015","4205.85","4250.00","4292.00","4175.00","372.56K","+0.05%"
"08/27/2015","4203.75","4255.00","4272.89","4186.00","795.95K","-0.08%"
"08/26/2015","4207.05","4197.00","4256.39","4111.39","612.41K","+0.19%"
"08/25/2015","4199.00","4299.00","4369.00","4062.10","915.51K","-1.01%"
"08/24/2015","4241.80","4350.00","4452.55","4207.55","930.80K","-7.13%"
"08/21/2015","4567.35","4611.00","4613.85","4529.00","310.48K","-1.44%"
"08/20/2015","4634.14","4630.00","4692.39","4601.25","279.39K","-0.81%"
"08/19/2015","4671.85","4627.00","4687.00","4605.70","255.13K","+0.82%"
"08/18/2015","4634.00","4555.00","4648.00","4536.00","172.44K","+1.85%"
"08/17/2015","4549.80","4584.95","4587.00","4535.50","157.07K","-0.50%"
"08/14/2015","4572.50","4509.50","4589.00","4490.50","181.42K","+1.77%"
"08/13/2015","4492.85","4477.00","4522.70","4430.14","261.77K","+1.02%"
"08/12/2015","4447.39","4490.00","4511.39","4416.00","221.78K","-1.26%"
"08/11/2015","4504.30","4510.00","4534.00","4465.05","216.77K","+0.16%"
"08/10/2015","4497.14","4470.00","4507.95","4446.00","241.90K","+0.99%"
"08/07/2015","4452.95","4450.70","4468.20","4430.10","144.27K","+0.02%"
"08/06/2015","4452.10","4461.00","4478.35","4430.05","184.12K","-0.44%"
"08/05/2015","4471.64","4457.00","4484.00","4422.25","198.49K","+0.74%"
"08/04/2015","4438.80","4449.00","4453.95","4411.45","313.07K","+0.27%"
"08/03/2015","4427.05","4380.00","4439.00","4380.00","341.89K","+2.21%"
"07/31/2015","4331.45","4297.00","4359.00","4284.20","297.23K","+0.81%"
"07/30/2015","4296.45","4310.00","4318.00","4281.05","294.36K","+0.53%"
"07/29/2015","4273.70","4224.89","4309.50","4171.20","819.32K","+1.83%"
"07/28/2015","4196.95","4207.89","4242.00","4151.60","940.18K","+0.45%"
"07/27/2015","4178.10","4241.55","4241.55","4166.60","220.32K","-1.32%"
"07/24/2015","4234.20","4237.95","4261.89","4205.39","226.19K","+0.00%"
"07/23/2015","4234.05","4198.89","4245.50","4193.05","229.84K","+1.02%"
"07/22/2015","4191.14","4139.80","4199.00","4134.00","305.47K","+0.92%"
"07/21/2015","4152.85","4176.95","4194.95","4141.45","146.00K","-0.56%"
"07/20/2015","4176.05","4208.00","4219.00","4161.10","207.90K","-0.40%"
"07/17/2015","4193.00","4186.00","4228.95","4164.10","241.02K","+0.36%"
"07/16/2015","4178.14","4166.00","4190.00","4156.00","321.65K","+0.63%"
"07/15/2015","4152.14","4071.00","4179.95","4071.00","551.47K","+2.51%"
"07/14/2015","4050.65","4049.70","4058.95","4020.15","251.00K","+0.38%"
"07/13/2015","4035.25","3958.70","4040.00","3940.00","335.20K","+2.56%"
"07/10/2015","3934.40","3949.70","3962.00","3918.90","184.57K","-0.03%"
"07/09/2015","3935.65","3950.00","3967.90","3928.50","128.06K","-0.34%"
"07/08/2015","3949.00","3950.00","3969.00","3907.00","252.36K","-0.58%"
"07/07/2015","3972.15","3989.00","4003.80","3955.70","287.98K","-0.40%"
"07/06/2015","3987.95","3984.90","4005.00","3975.05","332.81K","-0.27%"
"07/03/2015","3998.90","3993.40","4020.00","3977.10","279.39K","+0.14%"
"07/02/2015","3993.40","4031.50","4049.00","3981.15","322.02K","-0.95%"
"07/01/2015","4031.70","4034.90","4089.85","4026.00","380.96K","+0.21%"
"06/30/2015","4023.35","3985.25","4060.00","3985.25","340.79K","+0.75%"
"06/29/2015","3993.30","4020.00","4025.75","3961.10","344.04K","-1.88%"
"06/26/2015","4069.95","4026.00","4077.40","4006.15","291.93K","+0.95%"
"06/25/2015","4031.50","3984.00","4043.70","3983.60","240.89K","+0.55%"
"06/24/2015","4009.30","4024.00","4035.65","3987.05","306.05K","-0.20%"
"06/23/2015","4017.15","3982.00","4028.50","3955.30","330.96K","+0.92%"
"06/22/2015","3980.65","3955.05","3994.90","3955.05","230.79K","+1.10%"
"06/19/2015","3937.35","3879.00","3949.50","3862.00","309.29K","+1.97%"
"06/18/2015","3861.10","3813.00","3891.95","3812.00","232.65K","+1.37%"
"06/17/2015","3808.75","3805.00","3824.90","3793.00","291.82K","+0.51%"
"06/16/2015","3789.60","3767.40","3810.55","3744.70","228.78K","+0.59%"
"06/15/2015","3767.40","3737.50","3789.90","3731.00","175.94K","+0.82%"
"06/12/2015","3736.80","3701.10","3755.00","3695.50","173.41K","+0.96%"
"06/11/2015","3701.40","3752.05","3778.95","3691.35","226.65K","-1.10%"
"06/10/2015","3742.55","3702.95","3748.90","3694.15","239.27K","+1.36%"
"06/09/2015","3692.30","3710.00","3726.95","3675.80","209.96K","-0.84%"
"06/08/2015","3723.50","3786.00","3804.55","3716.00","303.68K","-0.96%"
"06/05/2015","3759.45","3769.00","3799.90","3751.00","253.73K","-0.33%"
"06/04/2015","3772.05","3799.00","3813.00","3747.00","194.00K","-0.14%"
"06/03/2015","3777.20","3805.00","3820.00","3752.00","277.70K","-1.41%"
"06/02/2015","3831.40","3880.00","3887.30","3815.05","329.35K","-1.33%"
"06/01/2015","3882.85","3785.90","3898.95","3774.40","571.38K","+2.57%"
"05/29/2015","3785.70","3720.00","3788.95","3693.05","432.66K","+2.07%"
"05/28/2015","3708.90","3726.00","3738.95","3696.05","317.94K","-0.35%"
"05/27/2015","3721.90","3700.00","3750.00","3699.00","283.56K","-0.12%"
"05/26/2015","3726.45","3696.00","3730.00","3672.00","252.92K","+0.91%"
"05/25/2015","3692.75","3696.20","3717.00","3681.00","81.11K","-0.26%"
"05/22/2015","3702.55","3703.00","3728.80","3694.60","135.16K","+0.12%"
"05/21/2015","3698.10","3711.90","3729.90","3691.45","198.71K","-0.37%"
"05/20/2015","3711.90","3707.10","3749.95","3707.00","218.12K","+0.14%"
"05/19/2015","3706.75","3695.00","3729.90","3685.00","175.57K","+0.25%"
"05/18/2015","3697.60","3675.00","3706.40","3652.00","183.48K","+0.72%"
"05/15/2015","3671.20","3640.00","3684.00","3626.00","208.26K","+0.68%"
"05/14/2015","3646.50","3604.95","3653.50","3552.00","287.80K","+1.18%"
"05/13/2015","3604.10","3620.00","3632.00","3544.40","337.50K","+0.74%"
"05/12/2015","3577.45","3650.00","3652.95","3555.00","332.31K","-2.03%"
"05/11/2015","3651.70","3633.90","3674.40","3616.15","288.81K","+1.14%"
"05/08/2015","3610.55","3561.45","3620.00","3561.45","495.60K","+1.89%"
"05/07/2015","3543.60","3626.00","3626.00","3520.00","469.95K","-2.50%"
"05/06/2015","3634.55","3788.00","3788.00","3623.55","430.93K","-4.18%"
"05/05/2015","3793.05","3753.00","3805.00","3736.55","458.20K","+0.94%"
"05/04/2015","3757.75","3797.00","3840.00","3726.75","478.82K","+0.86%"
"04/30/2015","3725.85","3760.00","3793.00","3709.95","592.30K","-1.07%"
"04/29/2015","3766.20","3839.00","3873.00","3746.65","703.70K","-1.48%"
"04/28/2015","3822.60","3664.00","3838.80","3660.00","1.13M","+4.77%"
"04/27/2015","3648.40","3563.20","3684.00","3520.20","1.80M","+3.02%"
"04/24/2015","3541.40","3486.00","3565.00","3434.10","332.45K","+1.34%"
"04/23/2015","3494.45","3490.00","3535.55","3480.00","234.62K","+0.91%"
"04/22/2015","3462.95","3491.05","3508.10","3386.10","422.45K","-0.78%"
"04/21/2015","3490.15","3605.00","3607.25","3470.00","482.79K","-3.27%"
"04/20/2015","3608.05","3627.00","3648.40","3584.60","175.03K","-1.06%"
"04/17/2015","3646.80","3666.15","3682.90","3636.35","99.06K","-0.85%"
"04/16/2015","3677.90","3676.25","3718.70","3662.25","206.31K","-0.06%"
"04/15/2015","3680.25","3655.00","3729.00","3650.40","232.80K","+0.41%"
"04/13/2015","3665.20","3661.00","3680.00","3642.75","218.69K","-0.04%"
"04/10/2015","3666.60","3660.00","3688.35","3633.40","201.30K","+0.20%"
"04/09/2015","3659.20","3639.00","3667.00","3625.00","238.58K","+0.84%"
"04/08/2015","3628.70","3615.00","3664.90","3606.00","256.03K","+0.80%"
"04/07/2015","3599.90","3640.00","3650.00","3578.00","306.68K","-0.80%"
"04/06/2015","3628.95","3646.00","3670.90","3619.00","262.77K","-0.43%"
"04/01/2015","3644.70","3699.95","3757.55","3600.00","694.49K","-1.42%"
"03/31/2015","3697.35","3659.85","3727.70","3659.85","294.63K","+0.99%"
"03/30/2015","3660.95","3629.00","3674.00","3600.45","152.17K","+1.41%"
"03/27/2015","3610.05","3570.00","3619.75","3545.60","204.07K","+1.36%"
"03/26/2015","3561.45","3605.00","3622.95","3537.95","489.10K","-1.47%"
"03/25/2015","3614.75","3590.00","3628.90","3573.30","201.85K","+0.77%"
"03/24/2015","3587.30","3625.00","3635.00","3567.05","227.23K","-0.20%"
"03/23/2015","3594.40","3625.05","3639.20","3583.05","192.99K","-0.81%"
"03/20/2015","3623.85","3640.00","3672.80","3610.00","206.40K","-0.85%"
"03/19/2015","3655.00","3671.00","3695.00","3648.00","252.14K","-0.27%"
"03/18/2015","3664.90","3663.00","3678.00","3642.30","177.26K","+0.09%"
"03/17/2015","3661.55","3665.00","3688.95","3623.55","185.25K","+0.40%"
"03/16/2015","3647.05","3651.00","3677.00","3637.80","182.83K","-0.10%"
"03/13/2015","3650.70","3705.00","3717.20","3625.10","363.02K","-0.94%"
"03/12/2015","3685.20","3667.40","3719.95","3662.10","308.50K","+0.79%"
"03/11/2015","3656.45","3642.05","3672.00","3615.35","198.51K","+0.27%"
"03/10/2015","3646.75","3689.00","3689.00","3640.25","182.67K","-0.67%"
"03/09/2015","3671.30","3632.30","3690.90","3623.00","218.79K","-0.20%"
"03/05/2015","3678.75","3677.00","3711.25","3641.35","152.84K","+0.01%"
"03/04/2015","3678.40","3750.00","3789.70","3647.25","340.91K","-0.82%"
"03/03/2015","3708.65","3718.00","3734.35","3689.55","206.30K","-0.08%"
"03/02/2015","3711.45","3648.10","3730.00","3632.25","386.18K","+2.97%"
"02/27/2015","3604.40","3497.00","3618.85","3496.85","378.65K","+3.08%"
"02/26/2015","3496.85","3567.30","3581.90","3483.15","429.60K","-2.32%"
"02/25/2015","3579.90","3595.00","3615.00","3564.10","173.34K","-0.23%"
"02/24/2015","3588.30","3573.85","3600.00","3553.20","143.98K","+1.20%"
"02/23/2015","3545.90","3561.00","3575.00","3532.85","163.13K","-0.04%"
"02/20/2015","3547.35","3610.00","3614.00","3542.00","240.75K","-1.33%"
"02/19/2015","3595.15","3575.00","3615.00","3562.15","214.79K","+0.85%"
"02/18/2015","3564.95","3575.00","3584.00","3547.05","161.80K","-0.20%"
"02/16/2015","3572.10","3620.00","3650.00","3561.50","260.90K","-1.24%"
"02/13/2015","3616.95","3565.00","3627.00","3531.30","321.19K","+1.83%"
"02/12/2015","3551.90","3468.00","3559.75","3468.00","436.88K","+2.81%"
"02/11/2015","3454.75","3406.00","3470.80","3406.00","341.77K","+1.79%"
"02/10/2015","3393.85","3393.00","3478.00","3360.00","547.54K","-0.51%"
"02/09/2015","3411.30","3490.00","3497.20","3400.00","286.87K","-2.61%"
"02/06/2015","3502.60","3529.75","3533.50","3490.00","198.21K","-0.57%"
"02/05/2015","3522.70","3579.00","3597.00","3508.00","379.63K","-0.98%"
"02/04/2015","3557.55","3620.00","3634.00","3550.50","203.54K","-1.39%"
"02/03/2015","3607.85","3708.00","3708.00","3600.00","220.68K","-1.68%"
"02/02/2015","3669.45","3647.35","3725.00","3620.00","319.68K","+0.61%"
"01/30/2015","3647.35","3700.00","3741.00","3626.55","284.79K","-1.12%"
"01/29/2015","3688.80","3745.00","3745.00","3677.00","603.10K","-0.99%"
"01/28/2015","3725.80","3692.00","3758.50","3692.00","672.71K","+1.03%"
"01/27/2015","3687.90","3644.95","3704.70","3585.15","1.28M","+2.25%"
"01/23/2015","3606.70","3634.00","3639.75","3575.00","337.57K","+0.26%"
"01/22/2015","3597.25","3648.00","3648.00","3592.10","318.88K","-1.03%"
"01/21/2015","3634.70","3623.00","3690.00","3592.00","402.42K","+0.81%"
"01/20/2015","3605.55","3618.00","3636.00","3584.50","333.31K","-0.57%"
"01/19/2015","3626.25","3627.70","3642.50","3615.20","192.54K","+0.27%"
"01/16/2015","3616.60","3615.25","3625.00","3592.05","379.07K","-0.25%"
"01/15/2015","3625.80","3550.35","3638.65","3540.00","670.69K","+3.12%"
"01/14/2015","3516.00","3471.85","3531.00","3461.30","429.07K","+1.38%"
"01/13/2015","3468.25","3483.80","3515.00","3462.10","237.77K","+0.15%"
"01/12/2015","3462.90","3470.00","3483.65","3445.15","152.80K","-0.15%"
"01/09/2015","3468.20","3500.00","3507.70","3429.95","194.05K","-0.21%"
"01/08/2015","3475.50","3465.00","3509.55","3444.00","422.02K","+1.10%"
"01/07/2015","3437.75","3400.00","3458.95","3382.05","369.24K","+1.25%"
"01/06/2015","3395.25","3439.00","3439.00","3382.50","422.74K","-1.52%"
"01/05/2015","3447.80","3382.00","3469.35","3376.05","536.75K","+2.63%"
"01/02/2015","3359.60","3360.00","3383.00","3350.50","233.92K","+0.56%"
"01/01/2015","3340.75","3320.25","3360.00","3320.25","299.23K","+0.33%"
"12/31/2014","3329.80","3305.00","3341.90","3299.75","281.63K","-0.52%"
"12/30/2014","3347.25","3350.00","3368.65","3339.45","109.58K","+0.00%"
"12/29/2014","3347.20","3335.05","3380.00","3335.05","211.26K","+0.42%"
"12/26/2014","3333.10","3367.00","3388.70","3326.00","210.88K","-0.96%"
"12/24/2014","3365.50","3400.00","3420.00","3332.80","403.06K","-0.98%"
"12/23/2014","3398.70","3395.00","3424.00","3385.10","202.03K","+0.15%"
"12/22/2014","3393.50","3381.95","3412.50","3358.10","194.93K","+1.02%"
"12/19/2014","3359.40","3401.00","3462.00","3350.25","473.56K","-0.77%"
"12/18/2014","3385.30","3300.00","3399.25","3270.05","283.24K","+3.78%"
"12/17/2014","3261.95","3290.00","3315.00","3250.75","267.01K","-1.45%"
"12/16/2014","3309.85","3345.00","3383.70","3301.50","217.20K","-1.75%"
"12/15/2014","3368.75","3374.00","3379.90","3346.30","135.24K","-0.31%"
"12/12/2014","3379.30","3352.00","3394.40","3342.30","241.54K","+1.14%"
"12/11/2014","3341.10","3325.00","3352.00","3286.75","156.31K","+0.53%"
"12/10/2014","3323.40","3323.05","3345.00","3303.20","236.14K","-0.39%"
"12/09/2014","3336.55","3390.00","3390.00","3319.80","221.59K","-1.28%"
"12/08/2014","3379.85","3430.00","3440.00","3366.10","203.34K","-0.89%"
"12/05/2014","3410.10","3411.00","3417.00","3390.00","140.06K","+0.10%"
"12/04/2014","3406.85","3392.00","3415.00","3384.20","199.28K","+0.45%"
"12/03/2014","3391.50","3365.85","3414.70","3365.85","286.74K","+1.03%"
"12/02/2014","3356.85","3395.00","3395.00","3352.05","165.77K","-0.95%"
"12/01/2014","3389.15","3341.00","3432.00","3335.00","510.49K","+1.28%"
"11/28/2014","3346.20","3279.00","3359.70","3276.00","275.68K","+2.54%"
"11/27/2014","3263.45","3286.70","3305.40","3257.20","244.31K","-0.63%"
"11/26/2014","3284.00","3280.00","3306.90","3248.70","223.31K","-0.15%"
"11/25/2014","3288.85","3358.00","3388.00","3281.65","343.89K","-1.92%"
"11/24/2014","3353.10","3350.35","3363.10","3334.00","156.58K","-0.06%"
"11/21/2014","3355.05","3333.05","3364.00","3305.55","261.40K","+0.59%"
"11/20/2014","3335.50","3343.00","3364.80","3312.00","164.29K","-0.24%"
"11/19/2014","3343.40","3378.00","3395.00","3323.60","213.79K","-0.63%"
"11/18/2014","3364.60","3341.00","3376.75","3324.55","276.90K","+0.70%"
"11/17/2014","3341.20","3321.95","3370.00","3313.10","186.56K","+0.35%"
"11/14/2014","3329.55","3329.10","3344.00","3320.30","115.69K","+0.03%"
"11/13/2014","3328.55","3370.00","3396.00","3321.70","235.95K","-0.93%"
"11/12/2014","3359.75","3329.00","3371.30","3310.00","261.10K","+0.92%"
"11/11/2014","3329.00","3298.00","3334.90","3291.15","213.37K","+0.64%"
"11/10/2014","3307.80","3285.00","3315.00","3268.05","207.28K","+0.59%"
"11/07/2014","3288.35","3286.00","3318.70","3249.15","302.84K","-0.02%"
"11/05/2014","3288.95","3295.00","3327.85","3280.00","267.17K","+0.06%"
"11/03/2014","3286.85","3330.00","3334.00","3276.00","452.09K","-1.51%"
"10/31/2014","3337.25","3265.00","3350.00","3246.25","902.39K","+2.99%"
"10/30/2014","3240.25","3221.85","3299.00","3171.00","1.27M","+1.09%"
"10/29/2014","3205.40","3166.00","3219.00","3145.40","228.34K","+1.72%"
"10/28/2014","3151.35","3169.70","3169.70","3130.05","220.38K","-0.58%"
"10/27/2014","3169.70","3171.00","3190.00","3105.50","160.16K","+0.13%"
"10/23/2014","3165.50","3185.00","3193.50","3155.00","52.38K","-0.37%"
"10/22/2014","3177.20","3092.00","3189.00","3085.40","398.87K","+3.30%"
"10/21/2014","3075.70","3015.00","3084.75","3010.00","220.01K","+2.40%"
"10/20/2014","3003.70","2978.00","3014.80","2978.00","196.99K","+2.13%"
"10/17/2014","2941.10","2940.00","2960.70","2902.00","283.92K","+0.14%"
"10/16/2014","2936.85","2956.10","2980.00","2912.00","168.76K","-0.85%"
"10/14/2014","2962.10","2980.10","2992.70","2957.10","176.34K","-0.36%"
"10/13/2014","2972.85","2941.00","2980.00","2925.05","158.75K","+0.22%"
"10/10/2014","2966.20","2990.10","2995.00","2942.00","249.86K","-1.33%"
"10/09/2014","3006.20","2961.00","3013.55","2961.00","292.84K","+1.87%"
"10/08/2014","2951.10","2939.00","2968.00","2924.05","283.87K","+0.42%"
"10/07/2014","2938.65","2971.00","2994.00","2934.00","295.32K","-1.09%"
"10/01/2014","2970.95","3048.00","3081.90","2961.15","513.84K","-3.00%"
"09/30/2014","3062.85","3018.00","3078.00","3013.80","293.39K","+1.82%"
"09/29/2014","3008.15","3036.00","3037.00","3001.85","217.94K","-0.98%"
"09/26/2014","3038.00","3040.30","3087.00","2961.90","290.10K","-0.63%"
"09/25/2014","3057.25","3075.00","3100.00","3043.00","318.29K","-0.47%"
"09/24/2014","3071.80","3075.00","3090.00","3031.00","211.36K","+0.33%"
"09/23/2014","3061.80","3079.00","3112.00","3054.10","331.24K","-0.14%"
"09/22/2014","3066.20","3074.30","3085.00","3041.50","228.96K","-0.53%"
"09/19/2014","3082.40","3045.20","3094.00","3030.00","276.97K","+1.30%"
"09/18/2014","3042.70","2978.00","3060.00","2960.00","369.87K","+2.54%"
"09/17/2014","2967.20","2950.00","2985.00","2916.25","313.98K","+0.57%"
"09/16/2014","2950.35","2955.00","2980.30","2931.00","360.77K","-0.41%"
"09/15/2014","2962.60","2970.90","2974.40","2930.00","287.60K","-0.31%"
"09/12/2014","2971.80","2921.00","2979.00","2921.00","453.66K","+1.88%"
"09/11/2014","2917.10","2905.00","2924.00","2876.25","280.99K","+0.35%"
"09/10/2014","2906.95","2891.05","2919.95","2885.00","185.11K","-0.10%"
"09/09/2014","2910.00","2930.00","2932.00","2903.00","194.45K","-0.19%"
"09/08/2014","2915.65","2875.00","2924.40","2856.00","393.87K","+1.21%"
"09/05/2014","2880.75","2872.00","2901.95","2859.90","262.63K","-0.59%"
"09/04/2014","2897.75","2910.00","2923.55","2883.10","254.07K","-0.37%"
"09/03/2014","2908.55","2940.00","2942.00","2897.00","423.90K","-0.22%"
"09/02/2014","2915.05","2929.00","2966.00","2907.80","431.82K","+0.08%"
"09/01/2014","2912.80","2804.00","2930.00","2792.00","640.85K","+4.61%"
"08/28/2014","2784.50","2775.00","2803.70","2761.70","444.33K","+0.55%"
"08/27/2014","2769.25","2785.00","2798.65","2760.75","308.09K","-0.11%"
"08/26/2014","2772.40","2785.00","2799.90","2755.00","295.10K","-1.19%"
"08/25/2014","2805.85","2781.00","2824.95","2779.20","390.94K","+1.85%"
"08/22/2014","2754.85","2756.00","2767.90","2729.00","192.63K","+0.16%"
"08/21/2014","2750.55","2743.95","2771.00","2738.10","206.50K","+0.46%"
"08/20/2014","2737.85","2749.00","2755.00","2724.95","212.48K","-0.42%"
"08/19/2014","2749.30","2715.00","2760.00","2712.20","404.91K","+1.69%"
"08/18/2014","2703.55","2651.15","2722.50","2651.15","359.55K","+1.39%"
"08/14/2014","2666.55","2645.00","2693.00","2645.00","311.54K","+0.59%"
"08/13/2014","2650.95","2653.30","2674.95","2643.00","186.80K","-0.50%"
"08/12/2014","2664.25","2672.00","2684.95","2647.20","223.24K","-0.01%"
"08/11/2014","2664.55","2639.00","2672.00","2635.05","226.56K","+1.60%"
"08/08/2014","2622.60","2629.00","2635.00","2593.50","266.24K","-1.01%"
"08/07/2014","2649.40","2629.50","2667.00","2629.50","286.07K","+0.47%"
"08/06/2014","2637.00","2654.00","2670.00","2630.35","238.19K","-1.08%"
"08/05/2014","2665.85","2653.70","2675.00","2628.60","412.32K","+0.76%"
"08/04/2014","2645.70","2590.00","2660.00","2571.40","480.50K","+2.31%"
"08/01/2014","2586.00","2510.00","2626.55","2509.00","943.61K","+2.45%"
"07/31/2014","2524.05","2564.75","2590.00","2511.40","958.10K","-1.11%"
"07/30/2014","2552.45","2509.95","2560.00","2485.00","189.66K","+1.87%"
"07/28/2014","2505.50","2510.00","2525.00","2492.60","182.18K","-0.15%"
"07/25/2014","2509.30","2497.00","2537.00","2496.90","230.98K","+0.42%"
"07/24/2014","2498.70","2500.00","2511.00","2485.00","288.87K","+0.35%"
"07/23/2014","2490.05","2525.15","2529.45","2479.00","253.47K","-0.93%"
"07/22/2014","2513.40","2545.80","2561.00","2493.65","236.10K","-1.10%"
"07/21/2014","2541.35","2524.60","2573.00","2524.60","238.24K","+0.66%"
"07/18/2014","2524.60","2550.00","2553.20","2505.00","260.81K","-1.40%"
"07/17/2014","2560.35","2575.00","2579.75","2527.25","214.43K","-0.46%"
"07/16/2014","2572.15","2524.95","2584.80","2502.00","255.64K","+2.13%"
"07/15/2014","2518.45","2526.00","2549.35","2507.00","171.34K","+0.35%"
"07/14/2014","2509.65","2482.00","2525.55","2482.00","142.26K","+0.20%"
"07/11/2014","2504.65","2525.00","2560.95","2472.00","273.18K","-1.07%"
"07/10/2014","2531.70","2517.00","2630.00","2490.00","349.30K","+0.61%"
"07/09/2014","2516.45","2607.00","2607.00","2492.20","406.36K","-2.83%"
"07/08/2014","2589.65","2660.00","2661.15","2578.00","325.37K","-1.86%"
"07/07/2014","2638.85","2649.00","2660.00","2618.60","252.39K","-0.14%"
"07/04/2014","2642.50","2627.00","2654.30","2616.65","347.00K","+0.48%"
"07/03/2014","2629.90","2650.00","2662.00","2615.00","395.69K","-0.46%"
"07/02/2014","2641.95","2593.80","2665.00","2568.25","775.55K","+2.25%"
"07/01/2014","2583.80","2453.80","2605.40","2446.60","1.51M","+5.92%"
"06/30/2014","2439.35","2454.95","2469.50","2428.20","240.67K","-0.63%"
"06/27/2014","2454.70","2480.05","2480.05","2440.00","151.99K","-1.29%"
"06/26/2014","2486.90","2485.00","2503.95","2437.50","539.04K","+0.64%"
"06/25/2014","2471.00","2414.95","2528.00","2391.10","430.87K","+2.34%"
"06/24/2014","2414.60","2390.00","2422.00","2389.20","217.97K","+1.44%"
"06/23/2014","2380.30","2392.00","2394.95","2351.05","158.50K","+0.59%"
"06/20/2014","2366.40","2363.25","2397.35","2362.00","135.95K","-0.57%"
"06/19/2014","2380.05","2441.00","2449.00","2371.00","305.89K","-2.26%"
"06/18/2014","2435.00","2415.00","2449.00","2400.00","501.19K","+0.85%"
"06/17/2014","2414.45","2388.00","2422.50","2381.00","190.28K","+1.40%"
"06/16/2014","2381.15","2399.00","2409.00","2360.50","225.81K","-0.92%"
"06/13/2014","2403.35","2485.00","2496.00","2393.55","328.11K","-3.12%"
"06/12/2014","2480.85","2420.00","2488.35","2406.75","446.51K","+1.32%"
"06/11/2014","2448.55","2470.00","2482.50","2433.00","395.49K","-0.64%"
"06/10/2014","2464.30","2475.00","2484.00","2411.00","559.45K","+1.20%"
"06/09/2014","2435.15","2415.00","2449.00","2387.05","315.08K","+1.80%"
"06/06/2014","2392.05","2402.00","2412.90","2380.00","252.01K","+0.46%"
"06/05/2014","2381.20","2410.00","2427.00","2367.15","553.41K","+0.39%"
"06/04/2014","2372.05","2339.30","2393.05","2338.00","296.03K","+1.51%"
"06/03/2014","2336.85","2344.70","2356.80","2310.00","372.13K","+0.54%"
"06/02/2014","2324.30","2270.00","2340.35","2270.00","246.58K","+2.31%"
"05/30/2014","2271.80","2314.15","2339.95","2254.00","189.18K","-1.48%"
"05/29/2014","2305.85","2303.10","2337.70","2255.05","352.98K","-0.18%"
"05/28/2014","2309.95","2290.00","2360.30","2285.25","352.58K","+0.34%"
"05/27/2014","2302.05","2345.95","2368.00","2289.00","241.82K","-1.68%"
"05/26/2014","2341.30","2407.50","2505.00","2314.05","778.71K","-1.87%"
"05/23/2014","2385.85","2278.70","2403.00","2265.35","397.79K","+5.34%"
"05/22/2014","2264.80","2204.95","2287.00","2204.95","679.92K","+4.41%"
"05/21/2014","2169.20","2201.00","2209.95","2166.00","186.66K","-1.13%"
"05/20/2014","2194.00","2222.00","2236.80","2182.55","225.13K","-0.93%"
"05/19/2014","2214.65","2190.00","2250.00","2190.00","490.57K","+2.90%"
"05/16/2014","2152.15","2200.00","2318.50","2140.10","808.44K","+1.62%"
"05/15/2014","2117.85","2082.00","2127.00","2078.00","441.64K","+1.57%"
"05/14/2014","2085.20","2092.00","2120.00","2059.50","329.24K","-0.25%"
"05/13/2014","2090.35","2080.00","2120.00","2042.55","528.81K","+1.97%"
"05/12/2014","2049.90","1975.00","2064.85","1965.05","555.62K","+3.80%"
"05/09/2014","1974.85","1880.00","1983.75","1880.00","457.29K","+4.13%"
"05/08/2014","1896.60","1888.00","1900.00","1876.20","180.80K","+0.82%"
"05/07/2014","1881.25","1905.20","1907.20","1878.10","246.11K","-1.52%"
"05/06/2014","1910.25","1899.00","1916.05","1883.00","239.21K","+0.65%"
"05/05/2014","1897.85","1883.00","1916.40","1866.00","352.89K","+0.77%"
"05/02/2014","1883.40","1895.00","1908.70","1880.05","324.65K","-2.06%"
"04/30/2014","1923.00","1921.10","1940.80","1911.00","243.90K","+0.34%"
"04/29/2014","1916.50","1955.00","1961.00","1910.30","335.61K","-1.74%"
"04/28/2014","1950.45","1950.00","1966.80","1936.95","258.68K","-0.29%"
"04/25/2014","1956.20","1990.00","1994.00","1917.00","1.06M","-1.30%"
"04/23/2014","1982.05","1984.90","1994.00","1969.00","398.69K","+0.33%"
"04/22/2014","1975.60","1998.95","2006.85","1967.00","323.79K","-0.64%"
"04/21/2014","1988.30","1953.45","2001.00","1953.45","481.90K","+1.89%"
"04/17/2014","1951.35","1937.50","1961.50","1915.90","337.63K","+0.83%"
"04/16/2014","1935.25","1929.25","1964.80","1926.45","371.55K","+0.42%"
"04/15/2014","1927.20","1924.30","1948.60","1904.00","228.76K","-0.44%"
"04/11/2014","1935.70","1941.00","1948.70","1923.15","504.76K","-1.24%"
"04/10/2014","1959.95","1933.00","1973.50","1916.10","486.86K","+1.42%"
"04/09/2014","1932.50","1890.00","1940.00","1876.00","698.36K","+1.45%"
"04/07/2014","1904.95","1925.00","1936.00","1872.00","319.40K","-1.15%"
"04/04/2014","1927.20","1940.00","1950.00","1917.15","195.93K","-0.64%"
"04/03/2014","1939.70","1940.00","1964.40","1927.00","307.54K","+0.34%"
"04/02/2014","1933.20","1935.00","1948.70","1922.85","268.93K","+0.12%"
"04/01/2014","1930.85","1976.00","1980.00","1922.10","288.56K","-2.07%"
"03/31/2014","1971.75","1937.95","1980.00","1925.00","437.61K","+2.09%"
"03/28/2014","1931.40","1935.90","1956.55","1920.10","326.41K","-0.21%"
"03/27/2014","1935.55","1941.00","1968.40","1920.15","825.83K","-0.08%"
"03/26/2014","1937.10","1911.00","1949.00","1911.00","634.82K","+1.86%"
"03/25/2014","1901.70","1881.00","1912.00","1875.85","395.16K","+0.82%"
"03/24/2014","1886.30","1877.65","1903.00","1873.25","329.81K","+0.95%"
"03/21/2014","1868.55","1856.55","1879.25","1856.55","284.18K","+0.65%"
"03/20/2014","1856.55","1869.00","1874.80","1848.05","310.20K","-0.71%"
"03/19/2014","1869.75","1873.00","1889.00","1850.75","621.51K","+0.08%"
"03/18/2014","1868.20","1900.00","1909.00","1852.25","1.80M","+7.46%"
"03/14/2014","1738.45","1715.00","1756.35","1710.00","589.00K","-0.51%"
"03/13/2014","1747.35","1766.00","1790.90","1733.00","641.72K","-0.95%"
"03/12/2014","1764.05","1725.00","1791.00","1680.00","1.44M","+0.56%"
"03/11/2014","1754.15","1804.00","1811.70","1744.80","703.25K","-2.61%"
"03/10/2014","1801.10","1730.00","1817.25","1716.65","1.32M","+3.81%"
"03/07/2014","1735.05","1655.00","1747.00","1640.20","944.18K","+5.13%"
"03/06/2014","1650.45","1629.70","1657.00","1618.00","422.91K","+1.54%"
"03/05/2014","1625.40","1614.70","1636.95","1593.55","728.06K","+1.75%"
"03/04/2014","1597.40","1577.00","1603.00","1550.00","797.76K","+0.96%"
"03/03/2014","1582.20","1582.00","1616.90","1575.00","1.06M","-0.43%"
"02/28/2014","1589.00","1640.00","1659.05","1573.00","1.77M","-4.51%"
"02/26/2014","1664.05","1668.00","1684.10","1651.00","584.84K","-0.83%"
"02/25/2014","1678.00","1690.10","1693.90","1672.40","245.38K","-0.38%"
"02/24/2014","1684.40","1675.00","1695.00","1645.80","326.90K","+0.53%"
"02/21/2014","1675.60","1686.10","1702.40","1671.55","340.95K","-0.46%"
"02/20/2014","1683.30","1697.00","1706.00","1674.20","345.00K","-0.87%"
"02/19/2014","1698.10","1714.00","1721.00","1692.00","341.01K","-0.61%"
"02/18/2014","1708.45","1675.00","1733.65","1666.10","954.64K","+2.57%"
"02/17/2014","1665.70","1635.00","1674.90","1635.00","617.23K","+1.36%"
"02/14/2014","1643.40","1642.00","1653.55","1615.65","451.95K","+0.13%"
"02/13/2014","1641.25","1646.00","1658.80","1632.50","439.09K","-0.39%"
"02/12/2014","1647.70","1685.00","1689.80","1643.10","442.82K","-1.81%"
"02/11/2014","1678.15","1690.25","1698.00","1668.10","294.69K","-0.63%"
"02/10/2014","1688.85","1665.00","1701.60","1665.00","896.68K","+1.44%"
"02/07/2014","1664.95","1654.95","1670.40","1648.50","921.28K","+1.54%"
"02/06/2014","1639.70","1610.20","1644.95","1593.00","1.24M","+2.05%"
"02/05/2014","1606.70","1619.00","1623.10","1602.10","627.28K","-0.80%"
"02/04/2014","1619.65","1601.00","1630.00","1590.00","703.28K","+0.07%"
"02/03/2014","1618.50","1620.00","1660.00","1613.05","957.50K","-1.08%"
"01/31/2014","1636.25","1655.00","1655.00","1620.85","729.35K","+0.02%"
"01/30/2014","1635.90","1668.00","1674.00","1625.60","1.65M","-2.27%"
"01/29/2014","1673.85","1615.20","1697.80","1615.20","6.74M","+6.89%"
"01/28/2014","1566.00","1715.00","1751.50","1540.40","6.60M","-8.01%"
"01/27/2014","1702.30","1755.00","1755.00","1690.00","923.08K","-4.06%"
"01/24/2014","1774.25","1784.90","1804.90","1769.25","377.71K","-1.09%"
"01/23/2014","1793.80","1796.10","1819.90","1788.45","493.79K","-0.78%"
"01/22/2014","1807.85","1805.50","1819.00","1795.00","424.77K","+0.33%"
"01/21/2014","1801.90","1782.00","1812.70","1782.00","541.96K","+1.33%"
"01/20/2014","1778.20","1774.00","1797.35","1762.00","340.05K","+0.17%"
"01/17/2014","1775.20","1778.20","1808.80","1766.30","310.36K","-0.82%"
"01/16/2014","1789.85","1803.10","1810.80","1785.00","429.53K","-0.57%"
"01/15/2014","1800.10","1790.00","1807.00","1767.10","612.34K","+1.51%"
"01/14/2014","1773.35","1783.00","1791.80","1759.10","530.94K","-0.53%"
"01/13/2014","1782.75","1800.00","1814.75","1765.00","559.98K","-0.63%"
"01/10/2014","1794.10","1811.10","1814.55","1768.00","670.38K","-0.98%"
"01/09/2014","1811.80","1858.80","1859.00","1801.10","947.52K","-1.40%"
"01/08/2014","1837.50","1850.00","1860.00","1827.05","1.40M","-0.45%"
"01/07/2014","1845.75","1838.00","1854.25","1820.10","1.61M","+2.10%"
"01/06/2014","1807.70","1805.00","1819.40","1792.55","549.38K","+0.51%"
"01/03/2014","1798.60","1766.00","1808.65","1752.25","583.50K","+1.71%"
"01/02/2014","1768.40","1759.00","1814.80","1759.00","1.57M","+0.25%"
"01/01/2014","1764.00","1770.00","1776.90","1756.55","214.45K","+0.01%"
"12/31/2013","1763.90","1780.10","1784.95","1757.55","303.54K","-0.75%"
"12/30/2013","1777.20","1785.00","1794.85","1768.00","358.01K","+0.12%"
"12/27/2013","1775.05","1790.25","1800.70","1763.00","503.57K","-1.03%"
"12/26/2013","1793.60","1785.00","1803.75","1778.45","362.44K","+0.27%"
"12/24/2013","1788.80","1795.00","1802.55","1775.25","409.33K","-0.75%"
"12/23/2013","1802.40","1809.00","1819.90","1795.60","681.38K","-0.40%"
"12/20/2013","1809.65","1795.00","1830.00","1774.95","1.49M","+1.63%"
"12/19/2013","1780.55","1741.00","1798.00","1725.25","1.47M","+2.92%"
"12/18/2013","1729.95","1703.75","1740.85","1695.40","791.84K","+1.65%"
"12/17/2013","1701.90","1710.20","1731.70","1694.95","552.33K","+0.02%"
"12/16/2013","1701.60","1687.00","1714.90","1676.00","428.12K","+0.71%"
"12/13/2013","1689.60","1710.00","1719.95","1682.60","577.33K","-1.47%"
"12/12/2013","1714.80","1748.00","1748.00","1710.40","478.49K","-2.18%"
"12/11/2013","1753.00","1743.30","1775.90","1735.00","668.01K","+0.07%"
"12/10/2013","1751.80","1763.00","1780.60","1746.00","1.05M","-0.68%"
"12/09/2013","1763.75","1738.90","1770.00","1709.50","1.18M","+3.66%"
"12/06/2013","1701.50","1705.75","1717.65","1694.00","834.90K","+0.08%"
"12/05/2013","1700.15","1667.15","1708.70","1667.15","1.95M","+3.68%"
"12/04/2013","1639.75","1652.30","1669.80","1633.95","428.77K","-1.41%"
"12/03/2013","1663.25","1660.00","1686.85","1652.25","572.13K","+0.11%"
"12/02/2013","1661.40","1670.00","1682.30","1656.60","495.57K","-0.88%"
"11/29/2013","1676.15","1670.00","1692.65","1667.15","502.12K","+0.57%"
"11/28/2013","1666.65","1669.00","1675.00","1648.15","888.68K","+0.40%"
"11/27/2013","1659.95","1668.05","1670.00","1641.00","571.22K","-0.20%"
"11/26/2013","1663.30","1680.00","1688.00","1654.55","395.92K","-0.93%"
"11/25/2013","1678.90","1653.00","1689.80","1646.30","730.90K","+2.36%"
"11/22/2013","1640.15","1662.00","1676.75","1636.25","822.90K","-0.42%"
"11/21/2013","1647.00","1654.90","1667.70","1638.85","591.47K","-0.17%"
"11/20/2013","1649.85","1690.00","1700.00","1643.10","612.99K","-1.94%"
"11/19/2013","1682.55","1630.00","1691.10","1625.45","1.25M","+3.27%"
"11/18/2013","1629.35","1627.70","1635.15","1612.05","642.61K","+1.04%"
"11/14/2013","1612.60","1596.70","1625.00","1591.45","633.13K","+2.10%"
"11/13/2013","1579.50","1580.00","1594.00","1573.00","446.75K","-0.48%"
"11/12/2013","1587.10","1591.50","1622.00","1582.10","720.33K","+0.29%"
"11/11/2013","1582.55","1580.00","1604.00","1561.30","509.62K","+0.13%"
"11/08/2013","1580.55","1605.10","1610.00","1557.50","740.94K","-1.88%"
"11/07/2013","1610.80","1610.30","1644.90","1602.40","496.58K","-0.23%"
"11/06/2013","1614.55","1622.00","1644.00","1610.00","526.95K","-0.54%"
"11/05/2013","1623.25","1645.00","1645.00","1617.20","491.09K","-0.79%"
"11/01/2013","1636.15","1642.00","1655.85","1626.25","733.49K","-0.00%"
"10/31/2013","1636.20","1626.10","1646.70","1617.25","760.64K","-0.03%"
"10/30/2013","1636.65","1641.00","1659.90","1625.00","951.17K","+0.09%"
"10/29/2013","1635.25","1590.90","1646.50","1565.75","4.09M","+8.05%"
"10/28/2013","1513.35","1510.35","1529.00","1503.00","919.52K","+0.31%"
"10/25/2013","1508.70","1501.10","1533.10","1490.00","432.13K","-0.34%"
"10/24/2013","1513.90","1528.00","1549.75","1499.95","580.72K","-0.98%"
"10/23/2013","1528.85","1516.80","1545.00","1482.50","534.86K","+0.94%"
"10/22/2013","1514.60","1523.00","1536.00","1505.30","351.92K","-0.35%"
"10/21/2013","1519.95","1470.35","1542.75","1470.10","877.35K","+3.49%"
"10/18/2013","1468.75","1432.00","1472.50","1428.10","490.22K","+2.92%"
"10/17/2013","1427.05","1440.05","1451.80","1418.00","316.07K","-0.89%"
"10/15/2013","1439.90","1452.00","1473.20","1431.00","413.07K","-0.48%"
"10/14/2013","1446.90","1465.25","1479.00","1442.40","697.24K","-1.17%"
"10/11/2013","1464.00","1436.10","1470.00","1413.10","762.75K","+3.02%"
"10/10/2013","1421.10","1399.00","1425.20","1398.25","617.29K","+1.62%"
"10/09/2013","1398.50","1407.00","1407.00","1386.20","481.83K","-0.58%"
"10/08/2013","1406.60","1420.00","1423.85","1400.00","411.45K","-0.26%"
"10/07/2013","1410.20","1425.00","1432.70","1402.05","329.76K","-1.28%"
"10/04/2013","1428.50","1410.50","1434.95","1406.05","666.37K","+1.14%"
"10/03/2013","1412.35","1394.95","1420.00","1375.20","650.15K","+2.33%"
"10/01/2013","1380.20","1364.05","1410.00","1364.00","931.36K","+1.59%"
"09/30/2013","1358.55","1366.00","1373.65","1340.00","406.92K","-0.61%"
"09/27/2013","1366.95","1391.90","1407.70","1361.55","599.20K","-1.48%"
"09/26/2013","1387.55","1415.00","1423.00","1380.10","537.63K","-0.41%"
"09/25/2013","1393.20","1414.90","1423.00","1376.15","326.34K","-1.25%"
"09/24/2013","1410.80","1390.00","1442.00","1387.00","517.20K","+0.68%"
"09/23/2013","1401.25","1450.00","1454.40","1388.00","500.01K","-4.50%"
"09/20/2013","1467.25","1479.90","1482.00","1401.00","751.24K","-0.86%"
"09/19/2013","1480.00","1441.00","1503.40","1441.00","1.13M","+5.57%"
"09/18/2013","1401.85","1385.00","1405.00","1377.00","413.27K","+1.89%"
"09/17/2013","1375.80","1362.00","1388.80","1360.00","478.21K","+1.17%"
"09/16/2013","1359.90","1343.35","1379.30","1334.45","707.00K","+3.34%"
"09/13/2013","1315.90","1315.00","1335.00","1301.00","534.72K","-0.38%"
"09/12/2013","1320.90","1367.95","1376.00","1315.55","523.30K","-2.93%"
"09/11/2013","1360.80","1351.00","1388.80","1346.30","1.26M","+1.81%"
"09/10/2013","1336.65","1305.00","1349.95","1300.00","857.20K","+3.74%"
"09/06/2013","1288.40","1311.00","1311.95","1277.00","473.92K","-0.86%"
"09/05/2013","1299.60","1290.00","1314.35","1290.00","531.08K","+1.81%"
"09/04/2013","1276.50","1269.00","1282.80","1242.00","656.72K","+0.04%"
"09/03/2013","1276.05","1315.00","1319.60","1254.50","627.61K","-1.84%"
"09/02/2013","1300.00","1240.25","1307.60","1233.00","537.41K","+4.54%"
"08/30/2013","1243.55","1246.00","1249.00","1225.00","758.97K","-0.56%"
"08/29/2013","1250.60","1240.50","1263.80","1223.30","573.97K","+1.15%"
"08/28/2013","1236.35","1238.00","1249.00","1215.00","1.15M","-1.90%"
"08/27/2013","1260.25","1299.90","1306.95","1240.00","929.75K","-3.66%"
"08/26/2013","1308.15","1300.00","1318.30","1294.45","438.71K","+1.17%"
"08/23/2013","1293.00","1299.90","1324.00","1266.05","621.22K","+0.57%"
"08/22/2013","1285.70","1284.20","1299.00","1232.60","1.03M","+0.10%"
"08/21/2013","1284.45","1313.00","1324.85","1275.00","926.58K","-1.04%"
"08/20/2013","1297.90","1300.00","1306.70","1268.60","916.91K","-0.81%"
"08/19/2013","1308.45","1320.00","1336.80","1300.00","429.79K","-1.26%"
"08/16/2013","1325.10","1389.15","1389.20","1317.15","1.46M","-4.75%"
"08/14/2013","1391.20","1398.00","1424.00","1385.00","530.38K","-0.41%"
"08/13/2013","1396.95","1355.00","1412.85","1355.00","1.03M","+1.21%"
"08/12/2013","1380.20","1392.25","1409.00","1372.20","700.03K","-0.35%"
"08/08/2013","1385.05","1331.10","1392.40","1331.10","1.40M","+4.07%"
"08/07/2013","1330.85","1345.00","1349.90","1302.00","456.60K","-0.08%"
"08/06/2013","1331.95","1330.00","1358.75","1309.25","301.43K","-0.89%"
"08/05/2013","1343.90","1345.25","1361.80","1332.05","178.34K","+0.46%"
"08/02/2013","1337.70","1358.00","1363.85","1327.65","360.94K","-0.19%"
"08/01/2013","1340.30","1326.00","1359.60","1322.25","797.57K","+1.06%"
"07/31/2013","1326.30","1336.00","1336.00","1292.00","500.78K","-1.20%"
"07/30/2013","1342.40","1349.90","1362.80","1340.50","459.74K","-0.43%"
"07/29/2013","1348.20","1375.00","1378.10","1335.80","710.72K","-1.98%"
"07/26/2013","1375.40","1448.00","1448.00","1352.70","1.23M","-2.73%"
"07/25/2013","1414.00","1420.40","1452.15","1402.25","1.90M","-0.14%"
"07/24/2013","1416.05","1437.00","1443.80","1402.10","405.61K","-2.25%"
"07/23/2013","1448.70","1442.30","1464.00","1439.70","451.31K","+0.02%"
"07/22/2013","1448.45","1437.00","1466.50","1435.00","324.02K","-0.21%"
"07/19/2013","1451.50","1450.25","1462.00","1432.10","403.86K","+0.41%"
"07/18/2013","1445.55","1415.00","1456.00","1407.20","714.44K","+1.72%"
"07/17/2013","1421.15","1412.25","1432.80","1401.50","1.14M","+0.70%"
"07/16/2013","1411.25","1429.00","1429.90","1401.00","817.38K","-2.44%"
"07/15/2013","1446.60","1449.00","1465.00","1433.15","522.61K","-0.09%"
"07/12/2013","1447.95","1495.00","1505.05","1438.50","945.43K","-3.83%"
"07/11/2013","1505.55","1560.00","1579.10","1497.25","543.70K","-2.46%"
"07/10/2013","1543.50","1537.05","1549.65","1530.00","344.39K","-0.02%"
"07/09/2013","1543.85","1544.00","1549.00","1521.00","467.75K","-0.46%"
"07/08/2013","1551.05","1545.00","1563.00","1530.00","311.17K","-0.23%"
"07/05/2013","1554.55","1571.00","1575.00","1549.00","273.86K","-0.18%"
"07/04/2013","1557.35","1570.00","1577.00","1533.05","278.19K","-0.23%"
"07/03/2013","1560.95","1561.00","1581.00","1555.65","173.72K","-1.12%"
"07/02/2013","1578.65","1590.50","1619.00","1572.50","589.43K","-1.67%"
"07/01/2013","1605.45","1540.00","1622.40","1515.00","856.02K","+4.40%"
"06/28/2013","1537.75","1540.00","1549.20","1517.10","444.72K","+1.09%"
"06/27/2013","1521.20","1560.00","1565.00","1511.20","493.88K","-1.52%"
"06/26/2013","1544.75","1546.20","1557.90","1513.60","408.51K","-0.03%"
"06/25/2013","1545.20","1540.00","1557.20","1502.25","484.81K","+0.05%"
"06/24/2013","1544.45","1546.00","1572.00","1531.80","707.60K","-0.66%"
"06/21/2013","1554.65","1520.00","1559.90","1511.75","433.57K","+1.93%"
"06/20/2013","1525.15","1520.00","1540.90","1493.25","505.08K","-1.20%"
"06/19/2013","1543.75","1529.20","1549.50","1524.00","389.00K","+0.34%"
"06/18/2013","1538.55","1535.00","1547.00","1521.00","529.92K","+0.21%"
"06/17/2013","1535.25","1535.10","1551.40","1505.10","533.29K","+1.39%"
"06/14/2013","1514.15","1482.00","1520.00","1471.65","383.70K","+3.95%"
"06/13/2013","1456.60","1459.00","1461.50","1430.00","690.96K","-1.56%"
"06/12/2013","1479.65","1486.00","1490.00","1461.90","469.66K","-0.72%"
"06/11/2013","1490.45","1512.00","1521.00","1481.00","675.12K","-2.06%"
"06/10/2013","1521.85","1575.00","1580.95","1510.15","503.98K","-2.13%"
"06/07/2013","1554.90","1565.00","1583.50","1545.00","780.95K","-2.03%"
"06/06/2013","1587.10","1558.80","1598.80","1550.00","498.25K","+1.20%"
"06/05/2013","1568.25","1550.10","1576.30","1533.25","621.20K","+1.39%"
"06/04/2013","1546.80","1555.65","1588.75","1539.30","431.39K","-1.39%"
"06/03/2013","1568.55","1599.95","1599.95","1548.35","432.37K","-2.31%"
"05/31/2013","1605.60","1625.10","1652.90","1598.15","410.60K","-1.95%"
"05/30/2013","1637.50","1623.00","1646.00","1603.35","593.47K","+0.20%"
"05/29/2013","1634.15","1650.00","1661.80","1620.65","457.83K","-1.27%"
"05/28/2013","1655.10","1650.05","1669.00","1650.05","333.80K","+0.39%"
"05/27/2013","1648.75","1670.00","1670.00","1633.70","584.29K","-1.56%"
"05/24/2013","1674.90","1650.40","1777.00","1614.00","743.67K","+1.66%"
"05/23/2013","1647.50","1680.00","1687.45","1586.10","1.07M","-2.38%"
"05/22/2013","1687.60","1705.00","1714.65","1682.00","419.21K","-0.58%"
"05/21/2013","1697.40","1742.35","1744.55","1691.60","559.42K","-2.57%"
"05/20/2013","1742.25","1715.00","1774.40","1715.00","549.25K","+1.96%"
"05/17/2013","1708.70","1730.00","1741.25","1700.70","288.44K","-1.13%"
"05/16/2013","1728.20","1730.10","1749.80","1722.30","289.81K","-0.62%"
"05/15/2013","1739.05","1719.75","1758.00","1711.80","653.49K","+2.06%"
"05/14/2013","1703.90","1706.00","1715.90","1691.50","300.61K","-0.06%"
"05/13/2013","1705.00","1740.00","1740.00","1698.85","347.60K","-1.33%"
"05/10/2013","1727.95","1675.00","1734.90","1673.00","1.23M","+4.08%"
"05/09/2013","1660.15","1682.25","1684.00","1655.90","344.45K","-1.23%"
"05/08/2013","1680.85","1697.00","1697.00","1674.00","306.65K","-0.71%"
"05/07/2013","1692.80","1700.00","1707.15","1683.80","462.19K","+0.02%"
"05/06/2013","1692.40","1669.00","1699.00","1657.40","414.87K","+1.62%"
"05/03/2013","1665.40","1682.75","1699.50","1661.60","575.72K","-0.86%"
"05/02/2013","1679.80","1642.00","1709.70","1642.00","877.89K","+0.61%"
"04/30/2013","1669.60","1690.00","1697.00","1655.85","400.58K","-0.83%"
"04/29/2013","1683.50","1675.85","1704.35","1675.85","897.49K","+0.62%"
"04/26/2013","1673.15","1590.95","1693.00","1567.50","3.51M","+5.17%"
"04/25/2013","1590.95","1541.90","1599.25","1541.90","775.65K","+3.55%"
"04/23/2013","1536.35","1541.00","1544.20","1515.15","288.84K","-0.27%"
"04/22/2013","1540.45","1528.00","1553.85","1525.90","352.37K","+1.04%"
"04/18/2013","1524.60","1485.30","1533.45","1485.30","540.86K","+2.01%"
"04/17/2013","1494.50","1486.10","1504.80","1467.10","422.63K","+0.84%"
"04/16/2013","1482.05","1415.00","1487.90","1415.00","620.23K","+4.16%"
"04/15/2013","1422.90","1400.00","1444.90","1396.35","358.38K","+1.03%"
"04/12/2013","1408.45","1420.00","1430.00","1402.15","245.12K","-1.37%"
"04/11/2013","1428.05","1414.00","1432.00","1397.80","506.49K","+1.09%"
"04/10/2013","1412.60","1413.10","1417.65","1384.25","479.13K","+0.37%"
"04/09/2013","1407.40","1426.00","1442.00","1401.00","682.01K","-0.90%"
"04/08/2013","1420.15","1402.20","1424.00","1381.25","781.17K","+0.98%"
"04/05/2013","1406.30","1327.00","1424.00","1327.00","1.68M","+7.26%"
"04/04/2013","1311.10","1292.00","1329.50","1282.00","385.66K","+0.58%"
"04/03/2013","1303.50","1295.00","1328.40","1295.00","361.67K","-0.33%"
"04/02/2013","1307.80","1275.00","1315.85","1260.00","798.83K","+1.87%"
"04/01/2013","1283.80","1280.00","1288.40","1262.00","280.42K","+0.20%"
"03/28/2013","1281.20","1287.00","1315.80","1271.70","840.38K","-0.93%"
"03/26/2013","1293.25","1275.20","1297.90","1266.10","303.74K","+0.63%"
"03/25/2013","1285.20","1321.00","1330.00","1276.40","336.08K","-1.56%"
"03/22/2013","1305.55","1313.80","1323.00","1295.50","719.86K","-0.11%"
"03/21/2013","1306.95","1343.00","1357.70","1288.00","707.61K","-2.66%"
"03/20/2013","1342.60","1355.00","1374.00","1332.00","454.20K","-1.62%"
"03/19/2013","1364.65","1366.00","1382.80","1335.05","677.73K","+0.26%"
"03/18/2013","1361.05","1390.00","1393.90","1355.65","369.62K","-3.25%"
"03/15/2013","1406.70","1424.00","1427.80","1387.60","444.51K","-0.85%"
"03/14/2013","1418.80","1372.00","1424.90","1360.75","627.77K","+3.24%"
"03/13/2013","1374.25","1404.00","1413.70","1371.00","328.46K","-3.02%"
"03/12/2013","1417.00","1410.65","1430.00","1401.70","423.19K","-0.07%"
"03/11/2013","1417.95","1438.90","1448.00","1414.00","372.12K","-0.77%"
"03/08/2013","1428.95","1460.00","1473.95","1415.90","756.49K","-1.41%"
"03/07/2013","1449.35","1419.50","1454.80","1409.85","425.64K","+1.75%"
"03/06/2013","1424.45","1434.45","1442.20","1411.30","436.69K","-0.44%"
"03/05/2013","1430.75","1395.00","1444.80","1395.00","620.39K","+2.29%"
"03/04/2013","1398.75","1408.10","1416.80","1390.90","277.75K","-1.80%"
"03/01/2013","1424.40","1364.00","1436.40","1362.25","935.31K","+5.17%"
"02/28/2013","1354.35","1415.30","1418.80","1340.30","2.96M","-3.85%"
"02/27/2013","1408.55","1400.00","1429.85","1377.20","504.78K","+0.30%"
"02/26/2013","1404.30","1440.00","1440.00","1391.10","686.21K","-2.76%"
"02/25/2013","1444.10","1442.00","1459.90","1438.25","399.08K","+0.40%"
"02/22/2013","1438.40","1463.40","1467.00","1430.10","648.68K","-1.98%"
"02/21/2013","1467.50","1494.00","1507.90","1450.15","957.07K","-2.71%"
"02/20/2013","1508.30","1503.25","1511.25","1482.35","639.00K","-0.20%"
"02/19/2013","1511.25","1471.25","1524.80","1463.30","814.31K","+2.13%"
"02/18/2013","1479.80","1476.00","1485.00","1466.50","457.16K","+0.32%"
"02/15/2013","1475.05","1477.25","1485.00","1463.50","689.00K","-0.69%"
"02/14/2013","1485.25","1515.10","1518.45","1476.35","1.66M","-3.08%"
"02/13/2013","1532.45","1559.70","1570.00","1530.00","598.53K","-1.70%"
"02/12/2013","1558.95","1561.55","1584.00","1548.15","442.76K","+0.01%"
"02/11/2013","1558.80","1593.70","1594.90","1555.85","361.45K","-1.82%"
"02/08/2013","1587.70","1625.00","1631.90","1577.15","659.41K","-2.14%"
"02/07/2013","1622.35","1626.95","1628.90","1614.40","480.02K","-0.34%"
"02/06/2013","1627.85","1610.00","1639.00","1610.00","1.08M","+1.72%"
"02/05/2013","1600.35","1593.00","1610.50","1590.00","491.98K","+0.06%"
"02/04/2013","1599.40","1612.00","1616.80","1591.00","416.40K","-0.64%"
"02/01/2013","1609.70","1585.20","1621.80","1580.00","895.97K","+1.78%"
"01/31/2013","1581.60","1594.00","1616.00","1578.05","933.23K","-1.27%"
"01/30/2013","1601.90","1603.95","1622.75","1596.00","649.45K","+0.56%"
"01/29/2013","1593.05","1608.00","1628.00","1588.00","703.18K","-0.94%"
"01/28/2013","1608.15","1621.00","1633.90","1600.50","1.16M","+0.54%"
"01/25/2013","1599.45","1549.00","1606.00","1542.25","2.99M","+3.94%"
"01/24/2013","1538.80","1576.00","1578.00","1528.70","575.65K","-2.22%"
"01/23/2013","1573.70","1584.00","1586.35","1565.20","841.49K","+0.23%"
"01/22/2013","1570.10","1581.00","1594.90","1567.05","930.31K","-0.29%"
"01/21/2013","1574.60","1555.00","1582.80","1550.75","1.54M","+1.75%"
"01/18/2013","1547.45","1507.80","1564.20","1502.50","1.74M","+3.57%"
"01/17/2013","1494.10","1486.10","1521.70","1486.10","986.78K","+0.06%"
"01/16/2013","1493.20","1540.00","1560.00","1482.30","1.20M","-3.42%"
"01/15/2013","1546.00","1545.00","1564.90","1543.20","693.35K","+0.45%"
"01/14/2013","1539.10","1570.00","1578.00","1531.00","1.49M","-1.67%"
"01/11/2013","1565.25","1572.00","1592.95","1557.70","812.49K","-0.45%"
"01/10/2013","1572.30","1576.10","1589.00","1564.15","911.26K","+0.17%"
"01/09/2013","1569.60","1570.00","1595.40","1561.60","671.72K","-0.33%"
"01/08/2013","1574.85","1593.90","1594.00","1571.00","640.37K","-0.62%"
"01/07/2013","1584.60","1553.50","1601.75","1553.50","951.30K","+2.53%"
"01/04/2013","1545.45","1542.00","1558.90","1539.50","361.75K","+0.14%"
"01/03/2013","1543.30","1567.00","1567.00","1540.30","584.24K","-0.91%"
"01/02/2013","1557.40","1518.80","1566.00","1518.80","801.36K","+2.84%"
"01/01/2013","1514.40","1497.00","1524.00","1484.95","446.06K","+1.63%"
"12/31/2012","1490.05","1502.50","1514.00","1486.75","187.04K","-0.69%"
"12/28/2012","1500.40","1490.00","1517.00","1484.10","453.95K","+1.24%"
"12/27/2012","1482.00","1490.00","1501.00","1475.35","588.29K","+0.13%"
"12/26/2012","1480.10","1478.50","1493.90","1478.00","260.20K","+0.08%"
"12/24/2012","1478.90","1497.25","1500.85","1475.35","338.40K","-1.73%"
"12/21/2012","1504.90","1513.00","1521.90","1500.10","505.27K","-1.00%"
"12/20/2012","1520.15","1513.70","1530.15","1510.00","626.58K","+0.69%"
"12/19/2012","1509.75","1487.35","1516.95","1484.90","960.01K","+2.33%"
"12/18/2012","1475.35","1500.00","1504.95","1471.85","579.11K","-1.62%"
"12/17/2012","1499.65","1490.00","1510.80","1480.55","879.03K","+1.52%"
"12/14/2012","1477.25","1478.25","1488.00","1451.00","464.61K","+0.21%"
"12/13/2012","1474.15","1482.00","1496.00","1470.00","536.60K","-0.13%"
"12/12/2012","1476.00","1485.00","1491.95","1463.05","652.42K","-0.13%"
"12/11/2012","1477.90","1489.90","1500.00","1466.60","309.88K","-1.04%"
"12/10/2012","1493.40","1505.00","1523.50","1490.25","314.52K","-1.10%"
"12/07/2012","1509.95","1490.00","1539.90","1490.00","1.27M","+1.85%"
"12/06/2012","1482.55","1480.80","1486.95","1459.45","340.11K","+0.35%"
"12/05/2012","1477.35","1487.00","1490.00","1472.00","368.33K","-0.22%"
"12/04/2012","1480.55","1502.00","1502.00","1475.65","326.13K","-0.63%"
"12/03/2012","1489.90","1480.00","1504.25","1479.45","710.97K","+1.09%"
"11/30/2012","1473.85","1492.25","1499.00","1470.20","432.37K","-1.02%"
"11/29/2012","1489.10","1500.00","1504.45","1474.15","639.08K","-0.57%"
"11/27/2012","1497.65","1498.00","1509.40","1493.05","531.47K","+0.39%"
"11/26/2012","1491.85","1501.10","1501.25","1485.00","381.17K","-0.10%"
"11/23/2012","1493.30","1501.00","1503.00","1485.00","223.81K","-0.01%"
"11/22/2012","1493.45","1500.00","1514.50","1489.25","427.10K","+0.06%"
"11/21/2012","1492.50","1500.25","1503.95","1480.10","421.43K","-0.45%"
"11/20/2012","1499.30","1505.00","1509.10","1486.95","1.03M","+0.34%"
"11/19/2012","1494.25","1445.90","1506.70","1445.90","1.69M","+3.90%"
"11/16/2012","1438.10","1461.00","1477.00","1434.20","376.34K","-1.91%"
"11/15/2012","1466.05","1446.30","1477.00","1440.75","788.77K","+0.25%"
"11/13/2012","1462.35","1452.00","1466.80","1446.35","119.89K","+0.57%"
"11/12/2012","1454.10","1474.00","1474.00","1443.90","290.53K","-0.64%"
"11/09/2012","1463.40","1459.75","1475.00","1457.50","578.09K","+0.25%"
"11/08/2012","1459.75","1451.20","1473.15","1451.10","459.05K","-0.50%"
"11/07/2012","1467.15","1448.65","1478.25","1448.05","486.74K","+1.07%"
"11/06/2012","1451.60","1468.05","1474.95","1443.10","915.22K","-1.80%"
"11/05/2012","1478.25","1462.00","1487.95","1458.75","741.50K","+0.84%"
"11/02/2012","1465.90","1466.00","1477.35","1454.10","1.15M","+0.42%"
"11/01/2012","1459.75","1439.00","1467.00","1438.10","1.72M","+1.52%"
"10/31/2012","1437.90","1385.00","1443.80","1381.30","2.34M","+3.39%"
"10/30/2012","1390.80","1351.00","1419.00","1338.00","1.70M","+2.10%"
"10/29/2012","1362.20","1370.00","1373.00","1353.60","665.08K","-0.26%"
"10/26/2012","1365.70","1362.00","1378.00","1360.35","320.47K","-0.23%"
"10/25/2012","1368.85","1369.00","1376.95","1348.00","540.86K","+0.14%"
"10/23/2012","1366.90","1365.00","1377.90","1361.00","351.52K","-0.22%"
"10/22/2012","1369.85","1362.00","1377.90","1353.55","278.37K","+0.04%"
"10/19/2012","1369.25","1373.45","1382.00","1362.70","243.01K","-0.69%"
"10/18/2012","1378.75","1373.25","1388.50","1371.10","559.12K","+0.77%"
"10/17/2012","1368.15","1378.85","1389.00","1362.95","896.25K","+0.08%"
"10/16/2012","1367.05","1342.50","1372.70","1337.60","860.59K","+2.15%"
"10/15/2012","1338.25","1374.30","1384.30","1334.00","710.03K","-2.46%"
"10/12/2012","1372.05","1355.50","1387.50","1355.50","792.18K","+0.21%"
"10/11/2012","1369.20","1385.00","1391.00","1347.50","1.28M","-0.71%"
"10/10/2012","1378.95","1385.00","1394.50","1376.00","450.01K","-0.98%"
"10/09/2012","1392.60","1400.00","1405.00","1387.50","755.97K","+0.52%"
"10/08/2012","1385.45","1382.00","1409.90","1375.15","1.10M","-0.16%"
"10/05/2012","1387.70","1399.50","1409.00","1261.20","987.18K","-0.20%"
"10/04/2012","1390.50","1371.25","1409.85","1362.60","1.10M","+1.98%"
"10/03/2012","1363.45","1358.00","1374.30","1354.45","639.21K","+0.40%"
"10/01/2012","1358.00","1359.00","1382.80","1347.60","865.21K","+0.55%"
"09/28/2012","1350.60","1345.00","1370.00","1341.00","1.24M","+1.47%"
"09/27/2012","1331.05","1317.90","1342.00","1317.45","1.27M","+1.44%"
"09/26/2012","1312.10","1308.05","1329.60","1297.45","909.32K","-0.73%"
"09/25/2012","1321.70","1360.80","1368.40","1317.05","693.54K","-2.43%"
"09/24/2012","1354.65","1315.00","1369.80","1310.15","994.28K","+3.27%"
"09/21/2012","1311.75","1294.00","1317.30","1287.15","800.09K","+2.25%"
"09/20/2012","1282.90","1251.00","1301.80","1251.00","940.33K","+0.54%"
"09/18/2012","1275.95","1289.90","1292.60","1268.15","640.87K","-0.26%"
"09/17/2012","1279.30","1281.00","1324.50","1275.05","1.34M","+1.44%"
"09/14/2012","1261.10","1226.00","1267.80","1226.00","1.20M","+4.17%"
"09/13/2012","1210.60","1222.30","1229.85","1204.00","347.56K","-0.79%"
"09/12/2012","1220.20","1216.00","1225.25","1212.30","482.82K","+0.52%"
"09/11/2012","1213.85","1198.50","1220.95","1191.70","498.75K","+0.64%"
"09/10/2012","1206.10","1212.00","1220.75","1197.60","474.32K","+0.09%"
"09/07/2012","1205.00","1196.00","1208.00","1191.30","1.29M","+1.82%"
"09/06/2012","1183.45","1170.00","1196.00","1170.00","767.96K","+0.76%"
"09/05/2012","1174.50","1170.00","1179.00","1162.05","421.80K","-0.01%"
"09/04/2012","1174.65","1162.50","1179.00","1147.50","417.88K","+1.05%"
"09/03/2012","1162.50","1130.20","1170.05","1130.20","445.40K","+1.68%"
"08/31/2012","1143.30","1138.40","1148.50","1130.00","392.59K","-0.03%"
"08/30/2012","1143.60","1160.05","1164.00","1133.10","896.91K","-2.07%"
"08/29/2012","1167.80","1167.25","1173.00","1154.25","630.10K","+0.29%"
"08/28/2012","1164.45","1165.20","1183.30","1156.00","432.47K","-0.29%"
"08/27/2012","1167.80","1194.95","1198.50","1164.05","355.90K","-1.89%"
"08/24/2012","1190.30","1181.20","1193.00","1161.00","470.89K","+0.79%"
"08/23/2012","1181.00","1186.25","1192.05","1177.00","304.31K","-0.18%"
"08/22/2012","1183.15","1185.00","1206.00","1180.05","700.02K","-0.40%"
"08/21/2012","1187.90","1190.00","1197.00","1176.10","1.19M","+0.88%"
"08/17/2012","1177.55","1190.00","1194.80","1171.15","1.99M","+0.42%"
"08/16/2012","1172.60","1191.80","1198.00","1170.00","396.86K","-1.04%"
"08/14/2012","1184.90","1184.00","1191.00","1160.00","418.22K","-0.00%"
"08/13/2012","1184.95","1179.30","1195.00","1177.20","838.20K","+1.64%"
"08/10/2012","1165.80","1144.00","1175.85","1140.65","638.61K","+1.83%"
"08/09/2012","1144.80","1142.00","1166.00","1137.00","895.05K","+0.41%"
"08/08/2012","1140.10","1140.60","1151.25","1136.00","568.51K","-0.60%"
"08/07/2012","1146.95","1139.95","1148.95","1130.00","556.44K","+0.82%"
"08/06/2012","1137.65","1134.00","1141.00","1125.00","425.45K","+1.50%"
"08/03/2012","1120.85","1119.80","1124.85","1108.95","297.51K","-0.40%"
"08/02/2012","1125.35","1129.80","1134.00","1116.00","429.86K","-0.02%"
"08/01/2012","1125.60","1134.00","1144.00","1118.50","704.10K","-0.82%"
"07/31/2012","1134.85","1115.00","1137.60","1112.75","708.50K","+1.33%"
"07/30/2012","1119.90","1085.10","1124.50","1082.65","1.35M","+0.62%"
"07/27/2012","1112.95","1124.75","1124.95","1106.05","884.84K","+0.40%"
"07/26/2012","1108.55","1110.00","1125.60","1098.60","2.11M","+0.51%"
"07/25/2012","1102.95","1095.00","1107.80","1085.95","1.20M","-0.36%"
"07/24/2012","1106.90","1086.00","1119.00","1085.25","2.37M","+2.50%"
"07/23/2012","1079.95","1106.00","1107.00","1074.30","4.04M","-5.89%"
"07/20/2012","1147.50","1095.25","1151.70","1094.75","4.55M","+2.70%"
"07/19/2012","1117.30","1175.00","1175.00","1110.00","8.35M","-8.91%"
"07/18/2012","1226.60","1197.35","1229.00","1186.80","508.73K","+2.54%"
"07/17/2012","1196.20","1210.50","1215.75","1190.60","273.11K","-0.59%"
"07/16/2012","1203.30","1190.00","1212.95","1178.40","599.67K","+1.63%"
"07/13/2012","1183.95","1200.25","1207.90","1175.65","592.80K","-0.97%"
"07/12/2012","1195.60","1199.80","1216.00","1189.15","559.55K","-0.65%"
"07/11/2012","1203.40","1214.00","1218.00","1200.05","407.38K","-1.41%"
"07/10/2012","1220.55","1193.00","1228.80","1181.00","794.62K","+2.76%"
"07/09/2012","1187.75","1212.00","1213.00","1183.75","403.99K","-2.28%"
"07/06/2012","1215.50","1240.35","1242.00","1211.50","611.05K","-2.00%"
"07/05/2012","1240.30","1215.55","1250.00","1213.50","1.28M","+1.57%"
"07/04/2012","1221.15","1197.25","1224.50","1197.25","1.04M","+2.48%"
"07/03/2012","1191.65","1188.00","1201.20","1185.45","973.81K","+1.12%"
"07/02/2012","1178.50","1180.00","1204.80","1155.00","1.14M","+0.75%"
"06/29/2012","1169.75","1140.00","1176.00","1140.00","1.35M","+4.36%"
"06/28/2012","1120.85","1126.95","1132.00","1110.35","516.50K","-0.08%"
"06/27/2012","1121.70","1121.00","1124.00","1109.00","532.53K","+0.76%"
"06/26/2012","1113.20","1115.00","1120.95","1105.05","302.26K","-0.06%"
"06/25/2012","1113.90","1106.60","1133.90","1106.60","910.24K","+1.07%"
"06/22/2012","1102.10","1078.00","1113.30","1074.50","904.65K","+1.22%"
"06/21/2012","1088.85","1080.00","1094.00","1062.10","844.98K","+1.16%"
"06/20/2012","1076.40","1089.00","1092.55","1073.00","616.01K","-1.33%"
"06/19/2012","1090.95","1090.00","1103.70","1076.40","430.25K","-0.08%"
"06/18/2012","1091.80","1115.00","1127.45","1083.50","610.17K","-1.36%"
"06/15/2012","1106.80","1094.00","1110.00","1077.30","685.86K","+2.47%"
"06/14/2012","1080.10","1110.15","1125.30","1073.15","882.66K","-2.50%"
"06/13/2012","1107.75","1138.00","1144.00","1102.50","1.33M","-3.22%"
"06/12/2012","1144.55","1104.00","1152.80","1103.35","534.25K","+3.07%"
"06/11/2012","1110.50","1132.00","1143.40","1102.00","724.28K","-1.21%"
"06/08/2012","1124.05","1137.00","1137.00","1111.15","456.05K","-1.68%"
"06/07/2012","1143.25","1120.00","1146.40","1110.60","984.71K","+3.19%"
"06/06/2012","1107.95","1079.90","1115.80","1076.35","925.83K","+2.68%"
"06/05/2012","1079.00","1077.50","1089.90","1058.30","605.03K","+1.08%"
"06/04/2012","1067.50","1069.70","1078.00","1051.00","548.59K","-0.68%"
"06/01/2012","1074.85","1106.95","1118.60","1071.00","879.73K","-2.31%"
"05/31/2012","1100.25","1129.00","1134.35","1093.15","3.30M","-4.41%"
"05/30/2012","1151.05","1112.05","1157.35","1110.00","1.15M","+2.01%"
"05/29/2012","1128.35","1111.00","1136.20","1105.00","817.10K","+2.25%"
"05/28/2012","1103.55","1124.10","1130.00","1098.20","874.10K","-1.38%"
"05/25/2012","1119.00","1133.00","1150.00","1109.00","921.13K","-2.22%"
"05/24/2012","1144.45","1128.90","1148.85","1115.45","955.70K","-0.75%"
"05/23/2012","1153.10","1141.00","1163.90","1116.00","782.05K","-0.07%"
"05/22/2012","1153.95","1218.85","1224.60","1143.35","950.87K","-4.54%"
"05/21/2012","1208.80","1173.25","1215.95","1170.55","413.87K","+3.61%"
"05/18/2012","1166.65","1175.25","1193.00","1156.00","612.50K","-3.21%"
"05/17/2012","1205.30","1200.00","1218.00","1188.00","599.67K","+1.11%"
"05/16/2012","1192.10","1202.25","1202.25","1167.35","673.60K","-2.07%"
"05/15/2012","1217.30","1238.00","1239.90","1205.10","567.30K","-2.54%"
"05/14/2012","1249.00","1235.00","1258.00","1231.85","491.95K","+1.11%"
"05/11/2012","1235.25","1247.95","1251.15","1217.10","486.14K","-2.11%"
"05/10/2012","1261.85","1290.15","1305.40","1250.15","415.22K","-3.03%"
"05/09/2012","1301.25","1292.25","1312.00","1285.55","330.15K","-0.36%"
"05/08/2012","1306.00","1324.00","1331.70","1299.05","632.98K","-0.37%"
"05/07/2012","1310.85","1264.95","1329.00","1254.00","680.70K","+2.31%"
"05/04/2012","1281.30","1287.30","1291.50","1260.95","644.80K","-0.67%"
"05/03/2012","1290.00","1329.80","1329.80","1284.10","662.79K","-3.22%"
"05/02/2012","1332.90","1384.50","1384.50","1324.00","666.68K","-2.84%"
"04/30/2012","1371.85","1399.00","1399.00","1358.25","956.05K","-0.77%"
"04/27/2012","1382.50","1381.05","1388.40","1374.15","429.22K","+0.04%"
"04/26/2012","1381.95","1380.00","1399.00","1366.10","762.10K","-0.01%"
"04/25/2012","1382.10","1362.10","1389.00","1362.10","593.48K","+1.35%"
"04/24/2012","1363.75","1375.00","1376.60","1349.75","270.41K","-1.00%"
"04/23/2012","1377.55","1391.10","1408.00","1372.10","518.90K","-0.95%"
"04/20/2012","1390.70","1392.25","1417.05","1380.00","816.66K","-0.04%"
"04/19/2012","1391.25","1364.40","1401.40","1357.40","922.58K","+2.87%"
"04/18/2012","1352.50","1350.00","1366.70","1345.05","642.61K","+0.77%"
"04/17/2012","1342.20","1394.80","1394.80","1326.40","583.18K","-0.01%"
"04/16/2012","1342.30","1312.55","1352.85","1309.90","526.32K","+1.48%"
"04/13/2012","1322.75","1315.25","1350.00","1312.40","943.90K","+0.79%"
"04/12/2012","1312.40","1279.70","1315.70","1276.30","671.62K","+3.14%"
"04/11/2012","1272.45","1263.15","1285.10","1262.05","401.18K","-0.26%"
"04/10/2012","1275.80","1282.00","1295.20","1260.65","534.40K","-0.59%"
"04/09/2012","1283.35","1305.00","1321.40","1275.00","420.58K","-2.46%"
"04/04/2012","1315.70","1309.55","1337.80","1306.85","543.77K","+0.47%"
"04/03/2012","1309.55","1345.00","1349.60","1303.90","475.27K","-2.17%"
"04/02/2012","1338.55","1361.00","1364.20","1332.00","486.30K","-0.88%"
"03/30/2012","1350.50","1309.00","1356.50","1293.05","650.44K","+3.42%"
"03/29/2012","1305.85","1279.80","1319.95","1264.20","918.12K","+1.36%"
"03/28/2012","1288.30","1274.85","1294.95","1254.00","584.55K","+1.15%"
"03/27/2012","1273.70","1310.00","1310.25","1258.30","1.14M","-1.83%"
"03/26/2012","1297.45","1315.00","1322.30","1290.40","696.03K","-0.70%"
"03/23/2012","1306.55","1320.05","1320.50","1286.20","806.82K","-1.79%"
"03/22/2012","1330.30","1355.55","1357.70","1321.10","437.40K","-2.41%"
"03/21/2012","1363.20","1365.00","1372.90","1333.00","841.21K","+0.37%"
"03/20/2012","1358.20","1362.10","1363.00","1328.50","471.36K","-0.29%"
"03/19/2012","1362.10","1377.50","1378.80","1353.15","323.10K","-0.89%"
"03/16/2012","1374.35","1352.25","1428.95","1339.00","1.60M","+0.58%"
"03/15/2012","1366.40","1365.00","1379.65","1355.10","575.25K","-0.40%"
"03/14/2012","1371.90","1380.00","1399.70","1366.55","688.97K","+0.27%"
"03/13/2012","1368.25","1345.00","1384.00","1345.00","863.89K","+2.32%"
"03/12/2012","1337.25","1351.00","1356.00","1328.70","434.64K","-0.31%"
"03/09/2012","1341.35","1320.00","1359.00","1320.00","625.54K","+2.51%"
"03/07/2012","1308.55","1321.10","1329.90","1281.00","438.17K","-1.73%"
"03/06/2012","1331.60","1302.00","1350.00","1300.35","662.05K","+1.25%"
"03/05/2012","1315.20","1320.70","1333.90","1309.10","547.96K","-1.15%"
"03/02/2012","1330.55","1334.00","1336.70","1306.65","924.12K","+1.18%"
"03/01/2012","1315.05","1267.90","1322.00","1247.75","1.54M","+4.80%"
"02/29/2012","1254.80","1275.20","1291.80","1239.00","736.51K","-1.17%"
"02/28/2012","1269.60","1263.50","1279.00","1243.05","741.72K","+1.00%"
"02/27/2012","1257.00","1285.10","1290.00","1235.25","345.31K","-2.20%"
"02/24/2012","1285.25","1290.00","1296.55","1277.80","375.09K","+0.46%"
"02/23/2012","1279.40","1291.00","1307.35","1271.65","845.23K","-2.06%"
"02/22/2012","1306.35","1307.00","1329.30","1281.05","510.79K","-0.26%"
"02/21/2012","1309.75","1317.05","1337.05","1295.20","665.60K","-0.89%"
"02/17/2012","1321.55","1359.00","1366.10","1318.05","650.58K","-2.80%"
"02/16/2012","1359.60","1300.00","1375.00","1279.20","1.51M","+4.36%"
"02/15/2012","1302.80","1276.00","1324.90","1275.30","1.01M","+2.77%"
"02/14/2012","1267.70","1220.20","1274.50","1220.20","899.80K","+3.48%"
"02/13/2012","1225.05","1242.20","1258.40","1215.25","639.45K","-1.57%"
"02/10/2012","1244.60","1262.05","1273.95","1233.25","631.79K","-2.00%"
"02/09/2012","1270.00","1259.75","1278.90","1255.15","541.87K","+0.28%"
"02/08/2012","1266.50","1248.00","1280.00","1245.45","517.18K","+1.57%"
"02/07/2012","1246.95","1251.00","1262.00","1240.00","443.31K","-0.46%"
"02/06/2012","1252.75","1250.00","1265.00","1235.50","560.04K","+0.96%"
"02/03/2012","1240.85","1220.00","1254.00","1205.00","647.74K","+1.91%"
"02/02/2012","1217.65","1225.00","1233.45","1204.20","619.87K","+0.23%"
"02/01/2012","1214.80","1190.00","1227.00","1183.00","1.04M","+2.37%"
"01/31/2012","1186.70","1198.00","1209.90","1167.65","1.05M","-0.55%"
"01/30/2012","1193.30","1204.00","1226.00","1185.00","656.60K","-1.43%"
"01/27/2012","1210.65","1167.80","1219.00","1159.70","951.88K","+2.53%"
"01/25/2012","1180.75","1157.00","1198.00","1142.00","1.78M","+1.97%"
"01/24/2012","1157.95","1167.40","1172.15","1128.00","2.01M","-0.23%"
"01/23/2012","1160.65","1084.00","1172.45","1070.05","2.59M","+5.18%"
"01/20/2012","1103.50","1131.00","1135.00","1085.00","729.32K","-2.34%"
"01/19/2012","1129.95","1116.50","1135.00","1107.00","857.88K","+2.55%"
"01/18/2012","1101.80","1112.00","1144.85","1092.50","2.78M","-0.59%"
"01/17/2012","1108.35","1020.00","1120.00","1019.10","3.16M","+9.95%"
"01/16/2012","1008.05","970.00","1019.85","970.00","781.57K","+3.17%"
"01/13/2012","977.05","997.00","1009.20","974.00","516.92K","-1.75%"
"01/12/2012","994.50","984.80","1009.00","982.05","522.58K","+0.67%"
"01/11/2012","987.90","988.55","995.00","972.20","433.99K","+0.16%"
"01/10/2012","986.35","981.00","993.00","977.25","356.55K","+1.58%"
"01/09/2012","971.05","949.90","975.00","948.00","430.39K","+2.24%"
"01/06/2012","949.75","928.70","955.80","927.00","349.11K","+1.75%"
"01/05/2012","933.45","948.00","948.00","925.60","458.78K","-1.56%"
"01/04/2012","948.25","953.00","969.00","943.15","296.63K","-0.48%"
"01/03/2012","952.80","947.00","964.70","941.35","363.20K","+1.48%"
"01/02/2012","938.90","923.00","944.35","917.00","531.42K","+2.24%"
"12/30/2011","918.30","935.00","939.90","911.00","390.62K","-0.37%"
"12/29/2011","921.75","954.00","959.50","915.50","544.04K","-3.91%"
"12/28/2011","959.30","964.90","972.20","950.25","232.28K","-0.40%"
"12/27/2011","963.15","971.00","979.40","951.30","230.30K","-0.65%"
"12/26/2011","969.50","984.00","991.00","965.05","351.16K","-0.62%"
"12/23/2011","975.50","975.00","988.50","968.25","372.59K","+1.00%"
"12/22/2011","965.85","941.00","978.95","941.00","648.19K","+0.41%"
"12/21/2011","961.90","926.10","969.00","926.10","702.71K","+4.99%"
"12/20/2011","916.15","924.00","926.90","908.70","366.36K","-0.05%"
"12/19/2011","916.65","925.00","931.20","900.00","620.88K","-1.60%"
"12/16/2011","931.55","931.70","949.90","908.70","848.87K","-0.02%"
"12/15/2011","931.70","940.00","940.00","911.45","539.25K","-1.68%"
"12/14/2011","947.65","950.00","963.55","937.00","616.85K","-0.93%"
"12/13/2011","956.50","952.10","969.40","950.00","519.13K","-0.18%"
"12/12/2011","958.20","985.80","990.05","951.00","546.17K","-2.80%"
"12/09/2011","985.80","963.50","994.50","956.35","634.65K","+1.01%"
"12/08/2011","975.90","1003.00","1004.85","965.85","537.06K","-2.28%"
"12/07/2011","998.70","999.55","1014.90","991.00","533.51K","-0.09%"
"12/05/2011","999.55","982.05","1005.00","980.05","520.47K","+0.73%"
"12/02/2011","992.35","963.50","997.00","963.00","846.07K","+3.13%"
"12/01/2011","962.25","992.00","1008.00","958.00","1.04M","-1.02%"
"11/30/2011","972.15","956.95","976.15","952.10","473.47K","+1.38%"
"11/29/2011","958.90","965.90","980.80","952.50","423.51K","-0.67%"
"11/28/2011","965.40","966.95","987.10","958.00","927.55K","+1.63%"
"11/25/2011","949.95","992.00","992.10","945.95","916.13K","-3.94%"
"11/24/2011","988.95","953.70","999.00","951.70","656.10K","+3.71%"
"11/23/2011","953.60","954.65","971.50","944.10","574.20K","-0.62%"
"11/22/2011","959.55","953.00","965.00","943.65","844.17K","+1.75%"
"11/21/2011","943.05","939.00","967.30","931.00","1.26M","+0.26%"
"11/18/2011","940.60","945.00","949.00","907.05","1.64M","-0.69%"
"11/17/2011","947.15","988.00","998.95","941.00","1.31M","-4.46%"
"11/16/2011","991.40","1009.00","1009.00","981.50","606.28K","-1.21%"
"11/15/2011","1003.50","1031.25","1041.90","991.00","598.89K","-2.29%"
"11/14/2011","1027.00","1068.35","1072.80","1021.10","464.46K","-3.09%"
"11/11/2011","1059.75","1084.00","1091.80","1037.00","739.35K","-1.56%"
"11/09/2011","1076.50","1129.00","1129.00","1071.55","667.89K","-4.24%"
"11/08/2011","1124.15","1130.00","1133.95","1118.00","228.19K","+0.17%"
"11/04/2011","1122.25","1135.00","1152.80","1117.40","738.19K","-0.64%"
"11/03/2011","1129.50","1120.00","1134.00","1120.00","360.57K","+0.49%"
"11/02/2011","1124.00","1116.00","1136.00","1116.00","359.12K","-0.84%"
"11/01/2011","1133.50","1122.00","1140.00","1112.65","860.76K","+0.73%"
"10/31/2011","1125.30","1072.00","1133.10","1060.00","2.21M","-0.06%"
"10/28/2011","1126.00","1167.00","1185.00","1111.15","1.54M","-2.19%"
"10/25/2011","1151.25","1122.00","1160.00","1117.20","946.34K","+3.49%"
"10/24/2011","1112.40","1112.00","1124.55","1106.30","550.39K","+1.63%"
"10/21/2011","1094.55","1110.00","1117.50","1088.00","1.42M","+1.59%"
"10/20/2011","1077.45","1063.80","1079.90","1050.00","522.62K","+1.09%"
"10/19/2011","1065.80","1065.00","1074.00","1052.30","585.16K","+1.28%"
"10/18/2011","1052.30","1047.00","1064.90","1039.30","597.66K","+0.07%"
"10/17/2011","1051.60","1030.55","1065.90","1010.00","1.68M","+2.37%"
"10/14/2011","1027.25","1050.00","1051.00","1021.60","879.19K","-2.93%"
"10/13/2011","1058.25","1075.05","1083.75","1050.00","816.40K","-2.54%"
"10/12/2011","1085.85","1067.85","1090.00","1065.65","337.69K","+1.18%"
"10/11/2011","1073.20","1065.00","1087.30","1063.20","704.06K","+0.21%"
"10/10/2011","1070.95","1080.10","1091.85","1065.00","709.27K","-3.80%"
"10/07/2011","1113.20","1115.00","1125.00","1096.80","449.11K","+2.55%"
"10/05/2011","1085.55","1117.00","1129.00","1077.00","710.37K","-2.01%"
"10/04/2011","1107.85","1082.00","1116.00","1081.95","1.76M","+2.79%"
"10/03/2011","1077.75","1083.90","1100.00","1073.30","421.51K","-0.48%"
"09/30/2011","1083.00","1100.00","1107.90","1076.10","216.29K","-2.00%"
"09/29/2011","1105.10","1067.35","1116.90","1057.00","662.38K","+2.49%"
"09/28/2011","1078.25","1110.00","1110.65","1067.00","282.42K","-2.52%"
"09/27/2011","1106.15","1082.90","1110.90","1082.90","290.90K","+2.73%"
"09/26/2011","1076.80","1104.00","1108.80","1065.00","413.80K","-1.29%"
"09/23/2011","1090.90","1070.00","1106.15","1048.60","659.22K","+0.35%"
"09/22/2011","1087.10","1110.00","1114.80","1080.00","569.85K","-3.17%"
"09/21/2011","1122.70","1143.05","1148.45","1116.45","448.62K","-2.79%"
"09/20/2011","1154.95","1139.85","1161.90","1116.50","1.15M","+1.24%"
"09/19/2011","1140.75","1105.00","1148.60","1096.05","1.40M","+2.82%"
"09/16/2011","1109.45","1071.10","1117.65","1065.00","1.25M","+2.51%"
"09/15/2011","1082.25","1085.20","1095.85","1060.00","781.40K","-1.13%"
"09/14/2011","1094.60","1078.00","1104.00","1041.35","353.95K","+1.83%"
"09/13/2011","1074.90","1070.55","1096.00","1061.65","422.73K","+0.62%"
"09/12/2011","1068.25","1098.00","1098.00","1056.00","261.20K","-3.19%"
"09/09/2011","1103.40","1136.00","1149.00","1098.90","355.47K","-2.52%"
"09/08/2011","1131.90","1137.90","1142.00","1122.40","469.28K","+0.49%"
"09/07/2011","1126.40","1103.45","1139.90","1093.30","720.71K","+2.13%"
"09/06/2011","1102.95","1088.90","1118.70","1088.90","643.40K","+1.61%"
"09/05/2011","1085.50","1073.50","1098.15","1064.25","359.48K","+0.61%"
"09/02/2011","1078.95","1072.05","1089.00","1067.05","425.14K","-1.15%"
"08/30/2011","1091.55","1070.10","1098.95","1063.60","836.55K","+1.13%"
"08/29/2011","1079.40","1080.00","1107.00","1056.00","688.96K","-0.37%"
"08/26/2011","1083.40","1117.05","1129.00","1047.75","341.74K","-2.47%"
"08/25/2011","1110.80","1124.00","1130.20","1103.40","517.72K","-0.33%"
"08/24/2011","1114.50","1145.00","1156.80","1097.35","650.65K","-3.77%"
"08/23/2011","1158.20","1171.10","1174.50","1152.40","201.78K","-0.96%"
"08/22/2011","1169.40","1165.50","1174.60","1149.10","209.47K","+0.89%"
"08/19/2011","1159.05","1137.00","1166.45","1134.10","271.95K","-0.03%"
"08/18/2011","1159.40","1197.00","1203.00","1152.65","286.99K","-2.24%"
"08/17/2011","1186.00","1220.00","1230.80","1179.00","385.05K","-3.19%"
"08/16/2011","1225.10","1246.20","1255.60","1220.10","340.36K","-1.70%"
"08/12/2011","1246.35","1249.40","1269.00","1238.00","442.14K","-0.10%"
"08/11/2011","1247.65","1270.55","1282.00","1239.25","399.04K","-2.34%"
"08/10/2011","1277.60","1225.00","1283.40","1215.60","819.36K","+5.42%"
"08/09/2011","1211.95","1170.05","1216.90","1170.00","386.25K","+1.69%"
"08/08/2011","1191.75","1178.45","1207.55","1163.10","356.04K","-0.02%"
"08/05/2011","1192.00","1170.00","1200.00","1168.80","363.46K","-0.69%"
"08/04/2011","1200.30","1198.05","1216.00","1193.35","476.07K","-0.99%"
"08/03/2011","1212.30","1195.50","1221.65","1195.50","428.42K","+0.01%"
"08/02/2011","1212.20","1193.05","1215.80","1193.05","271.85K","+0.21%"
"08/01/2011","1209.60","1210.10","1228.90","1191.45","381.54K","+0.24%"
"07/29/2011","1206.65","1189.00","1219.80","1189.00","333.02K","+1.75%"
"07/28/2011","1185.90","1197.00","1225.00","1178.55","653.43K","-1.93%"
"07/27/2011","1209.25","1182.90","1216.40","1172.20","503.55K","+2.74%"
"07/26/2011","1176.95","1176.00","1201.70","1154.75","1.43M","-0.36%"
"07/25/2011","1181.25","1156.70","1185.00","1153.60","203.87K","+1.69%"
"07/22/2011","1161.60","1159.00","1168.00","1155.00","376.87K","+0.47%"
"07/21/2011","1156.15","1155.05","1170.00","1147.60","172.15K","-0.56%"
"07/20/2011","1162.70","1168.70","1176.90","1159.10","255.32K","-0.03%"
"07/19/2011","1163.00","1169.50","1174.90","1158.45","245.37K","-1.00%"
"07/18/2011","1174.75","1170.00","1188.95","1165.00","151.33K","-0.24%"
"07/15/2011","1177.55","1170.05","1184.70","1161.60","171.03K","+0.29%"
"07/14/2011","1174.20","1151.30","1188.40","1151.30","368.75K","+0.81%"
"07/13/2011","1164.80","1154.00","1167.90","1154.00","151.86K","+1.51%"
"07/12/2011","1147.45","1151.50","1152.00","1140.25","174.21K","-1.43%"
"07/11/2011","1164.15","1175.20","1178.00","1155.00","162.94K","-1.70%"
"07/08/2011","1184.25","1184.80","1202.00","1177.05","341.44K","+0.13%"
"07/07/2011","1182.70","1163.00","1189.00","1158.80","229.23K","+1.18%"
"07/06/2011","1168.90","1155.20","1174.85","1155.20","179.42K","+0.22%"
"07/05/2011","1166.35","1155.10","1170.85","1153.50","183.26K","+0.74%"
"07/04/2011","1157.80","1144.00","1163.95","1131.35","278.50K","+1.28%"
"07/01/2011","1143.15","1154.00","1155.00","1130.00","447.04K","-1.44%"
"06/30/2011","1159.90","1185.00","1186.75","1154.05","416.03K","-1.45%"
"06/29/2011","1176.95","1157.00","1183.00","1155.25","235.70K","+1.65%"
"06/28/2011","1157.85","1174.70","1174.70","1142.25","267.34K","+0.44%"
"06/27/2011","1152.75","1109.90","1159.20","1106.00","434.61K","+2.96%"
"06/24/2011","1119.60","1104.00","1125.00","1085.80","836.97K","+1.85%"
"06/23/2011","1099.30","1117.00","1118.00","1092.00","556.23K","-2.09%"
"06/22/2011","1122.75","1145.15","1149.90","1117.10","359.73K","-1.93%"
"06/21/2011","1144.80","1164.95","1170.00","1136.00","261.59K","-1.37%"
"06/20/2011","1160.75","1177.00","1177.00","1130.05","523.59K","-0.36%"
"06/17/2011","1165.00","1224.00","1232.00","1161.30","1.08M","-2.36%"
"06/16/2011","1193.15","1196.00","1200.00","1183.90","354.30K","-1.39%"
"06/15/2011","1210.00","1214.20","1223.90","1205.10","175.75K","-1.02%"
"06/14/2011","1222.45","1215.00","1228.90","1208.20","290.86K","-0.20%"
"06/13/2011","1224.95","1220.00","1236.40","1208.15","408.85K","-0.14%"
"06/10/2011","1226.65","1205.15","1241.00","1191.05","577.99K","+0.95%"
"06/09/2011","1215.05","1215.00","1222.70","1210.00","168.52K","-0.72%"
"06/08/2011","1223.90","1225.00","1236.05","1218.00","187.92K","-1.30%"
"06/07/2011","1240.00","1210.95","1245.00","1210.95","278.51K","+0.65%"
"06/06/2011","1232.00","1228.00","1238.90","1210.00","186.59K","-0.15%"
"06/03/2011","1233.90","1230.00","1244.90","1218.55","219.80K","+0.69%"
"06/02/2011","1225.40","1231.00","1245.85","1220.00","230.63K","-1.98%"
"06/01/2011","1250.10","1220.00","1255.00","1220.00","444.04K","+1.62%"
"05/31/2011","1230.15","1220.00","1237.00","1213.00","419.39K","+1.63%"
"05/30/2011","1210.45","1224.95","1226.00","1207.00","122.59K","-0.92%"
"05/27/2011","1221.70","1210.00","1227.00","1201.00","215.16K","+0.53%"
"05/26/2011","1215.30","1195.35","1234.60","1195.35","261.04K","+1.21%"
"05/25/2011","1200.75","1201.00","1208.85","1192.25","134.93K","-0.31%"
"05/24/2011","1204.50","1206.00","1225.95","1195.65","139.39K","+0.06%"
"05/23/2011","1203.75","1207.00","1220.00","1200.00","83.64K","-1.59%"
"05/20/2011","1223.20","1212.30","1240.80","1210.00","82.34K","+0.94%"
"05/19/2011","1211.75","1210.00","1223.20","1206.00","106.57K","-0.40%"
"05/18/2011","1216.60","1209.00","1232.90","1190.00","343.94K","+0.55%"
"05/17/2011","1210.00","1230.50","1230.50","1205.00","125.00K","-1.67%"
"05/16/2011","1230.50","1215.00","1238.35","1203.30","221.71K","+0.66%"
"05/13/2011","1222.45","1219.20","1237.00","1215.00","146.62K","+0.27%"
"05/12/2011","1219.20","1220.00","1238.00","1215.00","189.67K","-0.30%"
"05/11/2011","1222.85","1236.40","1245.80","1214.15","347.24K","-1.53%"
"05/10/2011","1241.80","1245.00","1254.50","1234.00","186.67K","-0.30%"
"05/09/2011","1245.50","1276.50","1279.90","1240.00","154.13K","-2.20%"
"05/06/2011","1273.50","1254.00","1287.00","1242.40","481.37K","+1.57%"
"05/05/2011","1253.85","1244.00","1274.30","1235.30","370.01K","+0.74%"
"05/04/2011","1244.60","1268.50","1269.00","1241.00","421.19K","-2.29%"
"05/03/2011","1273.80","1290.00","1290.00","1241.25","660.81K","-1.38%"
"05/02/2011","1291.60","1320.00","1334.00","1286.10","541.71K","-1.98%"
"04/29/2011","1317.65","1295.25","1328.65","1288.65","336.44K","+1.26%"
"04/28/2011","1301.25","1321.20","1325.30","1297.00","255.73K","-1.18%"
"04/27/2011","1316.80","1308.90","1329.90","1305.20","307.29K","+1.09%"
"04/26/2011","1302.60","1324.90","1324.90","1297.25","543.62K","-1.80%"
"04/25/2011","1326.45","1310.00","1335.00","1286.30","1.33M","+1.49%"
"04/21/2011","1307.00","1274.90","1314.00","1267.00","687.12K","+3.32%"
"04/20/2011","1265.00","1258.00","1270.10","1250.10","370.51K","+0.82%"
"04/19/2011","1254.70","1250.00","1267.25","1240.00","342.40K","-0.61%"
"04/18/2011","1262.35","1256.00","1282.00","1250.50","472.62K","+0.41%"
"04/15/2011","1257.20","1270.50","1284.00","1255.00","199.83K","-1.64%"
"04/13/2011","1278.15","1214.00","1282.15","1214.00","486.62K","+3.28%"
"04/11/2011","1237.60","1250.00","1254.10","1231.00","161.33K","-1.30%"
"04/08/2011","1253.85","1275.00","1284.50","1250.00","274.03K","-1.91%"
"04/07/2011","1278.25","1279.55","1285.00","1268.00","378.38K","-1.48%"
"04/06/2011","1297.50","1327.00","1328.10","1288.05","477.88K","-1.02%"
"04/05/2011","1310.85","1300.35","1322.00","1282.80","327.41K","+0.81%"
"04/04/2011","1300.35","1286.00","1304.90","1258.60","406.62K","+2.30%"
"04/01/2011","1271.10","1251.65","1292.40","1251.65","373.30K","+0.71%"
"03/31/2011","1262.15","1269.00","1286.00","1251.00","851.04K","-0.54%"
"03/30/2011","1269.00","1246.00","1295.80","1238.85","934.50K","+2.51%"
"03/29/2011","1237.95","1210.00","1249.90","1206.00","593.16K","+3.02%"
"03/28/2011","1201.70","1189.80","1210.35","1180.00","604.13K","+1.64%"
"03/25/2011","1182.30","1173.00","1185.00","1161.50","505.00K","+1.30%"
"03/24/2011","1167.15","1170.00","1184.00","1157.80","569.66K","-0.75%"
"03/23/2011","1175.95","1170.00","1181.00","1157.10","458.50K","+0.34%"
"03/22/2011","1171.95","1136.05","1179.00","1133.05","879.11K","+3.88%"
"03/21/2011","1128.20","1161.20","1166.00","1122.00","524.67K","-2.42%"
"03/18/2011","1156.20","1183.70","1201.00","1147.10","1.09M","-0.76%"
"03/17/2011","1165.10","1205.20","1213.90","1155.05","1.14M","-4.44%"
"03/16/2011","1219.25","1219.80","1228.90","1214.10","233.47K","+0.42%"
"03/15/2011","1214.15","1220.00","1229.90","1200.00","447.42K","-3.41%"
"03/14/2011","1257.00","1242.25","1266.00","1218.05","555.01K","+0.49%"
"03/11/2011","1250.85","1256.50","1278.50","1240.00","252.69K","-1.62%"
"03/10/2011","1271.40","1264.75","1285.00","1255.35","220.93K","+0.43%"
"03/09/2011","1266.00","1262.00","1283.00","1260.10","181.25K","+0.78%"
"03/08/2011","1256.15","1267.80","1274.90","1245.50","406.65K","-0.37%"
"03/07/2011","1260.85","1281.00","1290.00","1249.15","252.35K","-3.90%"
"03/04/2011","1312.05","1325.00","1341.60","1294.90","455.17K","-0.77%"
"03/03/2011","1322.25","1281.15","1334.00","1271.05","461.59K","+2.44%"
"03/01/2011","1290.75","1209.10","1312.70","1206.00","759.15K","+6.83%"
"02/28/2011","1208.20","1171.00","1228.00","1158.50","376.91K","+3.38%"
"02/25/2011","1168.65","1183.00","1183.00","1144.60","347.52K","-0.50%"
"02/24/2011","1174.55","1178.00","1199.00","1154.70","656.06K","-1.51%"
"02/23/2011","1192.50","1178.00","1202.60","1178.00","339.47K","+0.97%"
"02/22/2011","1181.10","1205.00","1205.00","1170.10","189.50K","-2.17%"
"02/21/2011","1207.35","1229.00","1230.00","1181.00","203.84K","-1.74%"
"02/18/2011","1228.70","1227.00","1256.00","1225.00","355.71K","+0.05%"
"02/17/2011","1228.05","1218.90","1239.95","1215.00","128.26K","+0.01%"
"02/16/2011","1227.95","1240.00","1240.00","1221.00","94.61K","-0.71%"
"02/15/2011","1236.70","1225.00","1242.00","1212.00","215.21K","+1.03%"
"02/14/2011","1224.10","1200.00","1228.00","1193.00","258.85K","+3.62%"
"02/11/2011","1181.35","1145.00","1186.80","1145.00","306.10K","+1.84%"
"02/10/2011","1160.00","1157.50","1174.85","1148.10","268.35K","+0.52%"
"02/09/2011","1154.00","1174.00","1189.00","1145.00","178.84K","-1.94%"
"02/08/2011","1176.80","1194.00","1194.00","1170.10","214.48K","-1.09%"
"02/07/2011","1189.75","1201.00","1201.00","1180.00","155.14K","+0.57%"
"02/04/2011","1182.95","1230.00","1236.40","1176.00","309.32K","-2.89%"
"02/03/2011","1218.20","1210.00","1229.90","1205.30","355.41K","+0.09%"
"02/02/2011","1217.05","1248.45","1248.45","1211.00","446.21K","-2.04%"
"02/01/2011","1242.40","1266.00","1275.00","1233.60","331.42K","-0.83%"
"01/31/2011","1252.85","1199.00","1264.45","1150.30","1.06M","+1.91%"
"01/28/2011","1229.35","1272.00","1272.00","1220.00","609.44K","-3.18%"
"01/27/2011","1269.70","1299.80","1299.80","1263.10","188.75K","-1.43%"
"01/25/2011","1288.15","1305.00","1305.00","1276.05","237.02K","-0.34%"
"01/24/2011","1292.50","1269.00","1299.95","1255.00","285.34K","+3.51%"
"01/21/2011","1248.65","1264.00","1267.70","1238.20","361.85K","-0.84%"
"01/20/2011","1259.25","1267.55","1268.00","1245.10","186.73K","-1.06%"
"01/19/2011","1272.70","1284.00","1284.00","1266.50","233.33K","-0.38%"
"01/18/2011","1277.60","1276.00","1285.05","1268.05","210.06K","+0.63%"
"01/17/2011","1269.60","1270.00","1280.00","1255.00","206.24K","-0.01%"
"01/14/2011","1269.70","1316.00","1319.00","1263.30","468.85K","-3.49%"
"01/13/2011","1315.55","1320.00","1325.00","1301.60","263.44K","-0.16%"
"01/12/2011","1317.65","1324.00","1328.90","1294.90","316.61K","-0.06%"
"01/11/2011","1318.45","1325.00","1330.70","1305.95","394.19K","-0.57%"
"01/10/2011","1326.00","1349.00","1350.00","1318.20","254.47K","-1.09%"
"01/07/2011","1340.55","1365.00","1367.70","1337.55","493.73K","-2.43%"
"01/06/2011","1373.90","1415.05","1425.00","1366.30","353.27K","-2.73%"
"01/05/2011","1412.45","1428.00","1435.00","1406.35","275.10K","-1.14%"
"01/04/2011","1428.75","1427.00","1453.40","1404.05","540.33K","+0.19%"
"01/03/2011","1426.05","1430.00","1450.00","1418.50","300.16K","+0.31%"
"12/31/2010","1421.60","1420.80","1430.50","1415.00","153.41K","+0.08%"
"12/30/2010","1420.45","1422.00","1439.50","1413.00","231.78K","+0.18%"
"12/29/2010","1417.90","1394.10","1424.00","1386.35","228.65K","+1.63%"
"12/28/2010","1395.20","1400.00","1406.00","1386.05","193.30K","+0.06%"
"12/27/2010","1394.35","1398.00","1407.80","1386.70","149.33K","+0.20%"
"12/24/2010","1391.50","1391.00","1398.45","1368.00","208.17K","-0.06%"
"12/23/2010","1392.35","1390.25","1399.95","1385.10","346.69K","-0.13%"
"12/22/2010","1394.10","1425.05","1431.00","1384.20","297.20K","-2.05%"
"12/21/2010","1423.30","1416.60","1454.80","1402.50","610.37K","+0.60%"
"12/20/2010","1414.85","1380.50","1422.00","1346.00","325.14K","+2.67%"
"12/16/2010","1378.00","1398.00","1399.00","1365.25","338.08K","-1.22%"
"12/15/2010","1395.00","1414.00","1414.95","1387.60","222.33K","-1.33%"
"12/14/2010","1413.85","1420.05","1435.00","1406.00","112.04K","-0.56%"
"12/13/2010","1421.85","1420.00","1434.05","1402.00","202.84K","+0.61%"
"12/10/2010","1413.25","1390.00","1418.85","1365.70","156.71K","+1.59%"
"12/09/2010","1391.15","1406.00","1415.00","1383.25","228.11K","-1.83%"
"12/08/2010","1417.15","1430.00","1444.70","1392.15","309.19K","-0.80%"
"12/07/2010","1428.65","1410.00","1446.70","1408.70","376.51K","+1.46%"
"12/06/2010","1408.10","1417.00","1417.00","1391.00","129.51K","+0.54%"
"12/03/2010","1400.60","1410.00","1419.80","1391.30","228.41K","-0.59%"
"12/02/2010","1408.85","1437.30","1437.30","1403.40","234.36K","-0.37%"
"12/01/2010","1414.10","1420.00","1446.50","1402.15","414.01K","-0.56%"
"11/30/2010","1422.00","1406.05","1428.75","1376.45","215.56K","+1.13%"
"11/29/2010","1406.05","1370.00","1417.40","1365.30","143.09K","+2.86%"
"11/26/2010","1367.00","1386.00","1389.90","1336.00","199.11K","-0.95%"
"11/25/2010","1380.10","1416.15","1427.90","1371.35","407.03K","-2.54%"
"11/24/2010","1416.05","1440.00","1467.00","1403.15","202.98K","-1.77%"
"11/23/2010","1441.50","1415.00","1453.85","1396.90","331.03K","+1.45%"
"11/22/2010","1420.95","1410.00","1428.00","1395.00","145.58K","+1.11%"
"11/19/2010","1405.40","1433.90","1433.90","1397.10","235.53K","-1.74%"
"11/18/2010","1430.35","1409.85","1437.70","1376.70","359.75K","+2.12%"
"11/16/2010","1400.65","1444.95","1449.35","1385.55","382.48K","-2.52%"
"11/15/2010","1436.90","1452.00","1459.15","1424.00","133.35K","-1.21%"
"11/12/2010","1454.50","1463.00","1469.00","1444.05","213.20K","-1.08%"
"11/11/2010","1470.40","1485.00","1487.50","1465.20","217.66K","-0.32%"
"11/10/2010","1475.10","1475.00","1478.00","1460.05","209.77K","+0.21%"
"11/09/2010","1471.95","1490.00","1506.00","1466.00","382.79K","-1.12%"
"11/08/2010","1488.60","1515.00","1519.00","1486.00","228.49K","-1.57%"
"11/05/2010","1512.35","1525.00","1525.00","1507.00","40.10K","+0.32%"
"11/04/2010","1507.60","1501.00","1514.00","1496.05","352.79K","+0.77%"
"11/03/2010","1496.10","1497.55","1508.60","1487.00","235.50K","+0.18%"
"11/02/2010","1493.40","1509.85","1524.00","1488.00","345.65K","-0.99%"
"11/01/2010","1508.30","1560.00","1560.00","1482.50","875.79K","-2.79%"
"10/29/2010","1551.60","1534.80","1559.00","1516.05","236.78K","+1.09%"
"10/28/2010","1534.80","1529.70","1549.00","1515.00","665.10K","+0.60%"
"10/27/2010","1525.60","1567.15","1570.00","1507.20","794.18K","-2.63%"
"10/26/2010","1566.80","1517.95","1585.00","1511.00","2.32M","+3.97%"
"10/25/2010","1507.00","1504.90","1525.90","1500.20","151.67K","+0.25%"
"10/22/2010","1503.30","1515.00","1525.00","1495.00","133.66K","-0.68%"
"10/21/2010","1513.65","1500.00","1519.00","1481.30","208.64K","+1.54%"
"10/20/2010","1490.70","1490.00","1508.00","1485.00","151.28K","-0.28%"
"10/19/2010","1494.85","1495.05","1515.00","1481.05","243.57K","+0.22%"
"10/18/2010","1491.55","1515.00","1520.00","1482.60","388.54K","-1.80%"
"10/15/2010","1518.90","1555.00","1560.55","1481.85","597.94K","-2.47%"
"10/14/2010","1557.40","1560.05","1574.40","1541.35","647.86K","-0.06%"
"10/13/2010","1558.40","1525.00","1566.80","1518.00","1.20M","+2.52%"
"10/12/2010","1520.05","1519.95","1529.00","1503.25","355.63K","+0.18%"
"10/11/2010","1517.25","1508.10","1526.25","1495.00","307.96K","+1.34%"
"10/08/2010","1497.20","1492.00","1507.00","1472.30","208.21K","+0.48%"
"10/07/2010","1490.10","1519.05","1524.40","1485.00","288.75K","-1.75%"
"10/06/2010","1516.70","1510.00","1529.00","1507.00","361.33K","+0.89%"
"10/05/2010","1503.35","1486.00","1524.00","1478.20","620.56K","+1.57%"
"10/04/2010","1480.15","1490.00","1498.00","1475.30","246.30K","+0.01%"
"10/01/2010","1479.95","1456.00","1491.80","1451.00","736.84K","+2.71%"
"09/30/2010","1440.90","1440.00","1497.25","1390.35","457.48K","+0.76%"
"09/29/2010","1430.05","1452.00","1481.95","1425.20","413.92K","-2.59%"
"09/28/2010","1468.10","1452.00","1484.60","1452.00","405.99K","-0.74%"
"09/27/2010","1479.10","1494.00","1495.00","1472.00","371.00K","-0.18%"
"09/24/2010","1481.75","1465.00","1485.00","1460.10","609.32K","+1.59%"
"09/23/2010","1458.60","1465.00","1470.00","1444.45","494.10K","-0.36%"
"09/22/2010","1463.85","1420.25","1470.00","1420.25","1.29M","+3.59%"
"09/21/2010","1413.10","1400.05","1417.90","1387.10","582.68K","+1.02%"
"09/20/2010","1398.90","1390.00","1405.00","1380.00","542.22K","+0.76%"
"09/17/2010","1388.35","1400.00","1414.20","1382.00","322.01K","-0.64%"
"09/16/2010","1397.30","1360.00","1405.40","1358.90","1.24M","+2.09%"
"09/15/2010","1368.65","1349.00","1380.00","1348.70","1.03M","+1.65%"
"09/14/2010","1346.50","1330.15","1367.90","1330.15","1.53M","+1.38%"
"09/13/2010","1328.15","1325.00","1333.00","1314.15","235.56K","+1.02%"
"09/09/2010","1314.80","1312.00","1321.00","1307.50","244.34K","+0.56%"
"09/08/2010","1307.50","1319.70","1336.90","1303.00","372.46K","-0.60%"
"09/07/2010","1315.40","1305.00","1328.75","1304.45","441.54K","+0.99%"
"09/06/2010","1302.55","1280.00","1313.00","1277.35","446.65K","+2.39%"
"09/03/2010","1272.10","1277.00","1284.00","1213.65","209.24K","-0.36%"
"09/02/2010","1276.70","1276.00","1291.95","1273.50","480.52K","+0.31%"
"09/01/2010","1272.75","1262.00","1281.15","1262.00","688.89K","+1.21%"
"08/31/2010","1257.50","1234.35","1264.45","1228.00","478.91K","+1.79%"
"08/30/2010","1235.35","1222.00","1247.80","1222.00","322.58K","+1.37%"
"08/27/2010","1218.70","1218.00","1245.00","1210.05","209.56K","-0.69%"
"08/26/2010","1227.20","1223.65","1234.75","1212.60","962.07K","+0.59%"
"08/25/2010","1220.05","1236.40","1242.00","1216.10","198.99K","-1.05%"
"08/24/2010","1233.05","1255.00","1255.00","1225.00","215.63K","-0.97%"
"08/23/2010","1245.10","1240.40","1252.75","1236.00","148.10K","+0.44%"
"08/20/2010","1239.70","1248.00","1257.00","1238.00","152.66K","-0.95%"
"08/19/2010","1251.65","1261.80","1267.85","1250.05","202.68K","-0.22%"
"08/18/2010","1254.35","1258.85","1264.15","1251.00","182.88K","+0.06%"
"08/17/2010","1253.55","1260.00","1267.00","1245.45","311.85K","-0.24%"
"08/16/2010","1256.55","1249.00","1271.80","1245.00","537.80K","+0.59%"
"08/13/2010","1249.15","1230.00","1254.40","1222.50","683.95K","+1.89%"
"08/12/2010","1226.00","1209.00","1232.70","1203.50","334.17K","+0.89%"
"08/11/2010","1215.20","1227.00","1234.90","1211.05","668.24K","-0.98%"
"08/10/2010","1227.25","1230.00","1237.95","1222.00","291.16K","-0.39%"
"08/09/2010","1232.10","1216.70","1234.00","1215.75","365.49K","+0.88%"
"08/06/2010","1221.40","1230.00","1235.55","1218.50","358.99K","-0.35%"
"08/05/2010","1225.75","1218.00","1240.95","1217.50","875.38K","+1.00%"
"08/04/2010","1213.60","1214.00","1221.00","1206.40","581.63K","+0.03%"
"08/03/2010","1213.20","1223.45","1224.00","1210.05","461.04K","+0.27%"
"08/02/2010","1209.90","1211.00","1218.50","1202.20","660.85K","+0.94%"
"07/30/2010","1198.60","1199.00","1212.90","1192.55","553.52K","+0.07%"
"07/29/2010","1197.75","1205.00","1214.45","1190.10","1.60M","-0.40%"
"07/28/2010","1202.60","1210.00","1223.70","1200.00","848.41K","-0.41%"
"07/27/2010","1207.50","1190.00","1239.90","1182.00","4.50M","+1.35%"
"07/26/2010","1191.45","1302.30","1317.50","1126.85","6.49M","-12.28%"
"07/23/2010","1358.20","1365.00","1372.70","1346.30","736.08K","+0.30%"
"07/22/2010","1354.15","1379.90","1380.00","1345.25","514.17K","-0.61%"
"07/21/2010","1362.40","1369.00","1379.90","1359.10","293.18K","+0.29%"
"07/20/2010","1358.50","1395.00","1395.00","1351.10","141.51K","-0.35%"
"07/19/2010","1363.30","1335.00","1387.90","1335.00","220.02K","-0.79%"
"07/16/2010","1374.10","1372.90","1382.70","1364.00","184.12K","-0.08%"
"07/15/2010","1375.25","1415.00","1415.00","1371.00","308.92K","-1.32%"
"07/14/2010","1393.60","1417.00","1423.45","1386.60","182.51K","-1.10%"
"07/13/2010","1409.10","1415.05","1415.90","1391.05","284.45K","-0.02%"
"07/12/2010","1409.35","1435.00","1435.00","1405.80","271.22K","-1.05%"
"07/09/2010","1424.25","1400.00","1429.75","1395.00","615.30K","+1.49%"
"07/08/2010","1403.40","1392.20","1408.90","1387.90","419.02K","+1.70%"
"07/07/2010","1380.00","1392.00","1409.80","1372.25","350.25K","-0.89%"
"07/06/2010","1392.35","1396.00","1396.00","1385.00","261.30K","-0.27%"
"07/05/2010","1396.10","1415.90","1415.90","1392.20","196.98K","-1.40%"
"07/02/2010","1415.90","1400.00","1425.80","1381.00","580.33K","+1.07%"
"07/01/2010","1400.90","1424.30","1424.30","1380.00","637.32K","-1.60%"
"06/30/2010","1423.75","1370.00","1433.95","1370.00","735.10K","+2.51%"
"06/29/2010","1388.95","1390.00","1409.90","1380.25","362.73K","-0.42%"
"06/28/2010","1394.75","1398.00","1403.80","1380.35","292.39K","-0.15%"
"06/25/2010","1396.80","1382.00","1421.90","1376.00","1.34M","+0.71%"
"06/24/2010","1386.95","1410.00","1416.90","1371.00","1.36M","-1.45%"
"06/23/2010","1407.35","1365.00","1414.00","1360.00","860.77K","+2.80%"
"06/22/2010","1369.05","1367.50","1380.00","1360.00","235.52K","-0.52%"
"06/21/2010","1376.25","1362.00","1383.00","1358.65","312.69K","+1.86%"
"06/18/2010","1351.15","1374.70","1383.00","1347.00","557.65K","-2.07%"
"06/17/2010","1379.75","1369.00","1387.00","1356.50","428.10K","+1.12%"
"06/16/2010","1364.45","1349.00","1369.90","1332.60","616.33K","+1.60%"
"06/15/2010","1342.90","1355.00","1359.85","1332.10","316.34K","-0.93%"
"06/14/2010","1355.45","1364.00","1367.00","1344.00","245.16K","-0.09%"
"06/11/2010","1356.65","1347.00","1364.00","1340.00","733.73K","+0.78%"
"06/10/2010","1346.15","1316.00","1349.80","1296.00","910.60K","+3.31%"
"06/09/2010","1303.00","1295.65","1317.50","1290.05","403.15K","+0.67%"
"06/08/2010","1294.35","1319.90","1337.50","1286.50","608.64K","-1.60%"
"06/07/2010","1315.45","1282.10","1319.80","1280.80","464.37K","-1.10%"
"06/04/2010","1330.05","1304.00","1335.00","1290.00","883.34K","+2.56%"
"06/03/2010","1296.80","1288.00","1310.00","1287.00","686.35K","+1.45%"
"06/02/2010","1278.25","1261.00","1286.00","1261.00","785.64K","+1.69%"
"06/01/2010","1257.00","1235.00","1297.00","1231.05","1.45M","+1.63%"
"05/31/2010","1236.85","1236.00","1240.00","1224.65","233.63K","+0.95%"
"05/28/2010","1225.20","1243.00","1244.80","1216.20","330.71K","-1.05%"
"05/27/2010","1238.15","1205.00","1248.75","1191.00","982.23K","+3.12%"
"05/26/2010","1200.70","1195.00","1224.00","1184.15","584.22K","+0.16%"
"05/25/2010","1198.75","1201.20","1211.00","1177.60","457.43K","-1.39%"
"05/24/2010","1215.65","1254.90","1259.00","1205.00","263.27K","-1.85%"
"05/21/2010","1238.55","1176.00","1245.00","1170.00","744.95K","+2.50%"
"05/20/2010","1208.35","1238.80","1239.30","1198.60","485.64K","-1.50%"
"05/19/2010","1226.80","1234.70","1254.00","1221.00","496.23K","-1.26%"
"05/18/2010","1242.45","1241.30","1252.45","1236.00","462.42K","+0.08%"
"05/17/2010","1241.50","1250.00","1254.80","1237.05","322.92K","-1.43%"
"05/14/2010","1259.50","1269.00","1281.00","1246.90","443.39K","-1.28%"
"05/13/2010","1275.80","1275.00","1285.60","1270.35","662.61K","+0.83%"
"05/12/2010","1265.25","1270.00","1286.80","1262.00","589.71K","-0.22%"
"05/11/2010","1268.10","1300.00","1300.00","1265.00","395.08K","-2.11%"
"05/10/2010","1295.45","1291.20","1299.90","1276.70","564.00K","+1.29%"
"05/07/2010","1279.00","1261.00","1288.00","1250.00","488.32K","+0.04%"
"05/06/2010","1278.50","1284.00","1289.00","1265.25","394.58K","-0.32%"
"05/05/2010","1282.55","1247.70","1290.00","1233.80","550.72K","+1.36%"
"05/04/2010","1265.35","1288.00","1297.45","1257.50","457.05K","-1.26%"
"05/03/2010","1281.45","1275.00","1294.25","1263.35","599.87K","+0.14%"
"04/30/2010","1279.70","1300.00","1300.00","1275.10","441.04K","-0.75%"
"04/29/2010","1289.40","1273.10","1294.70","1272.00","815.73K","+1.50%"
"04/28/2010","1270.35","1275.00","1287.80","1255.00","1.21M","-1.01%"
"04/27/2010","1283.30","1329.00","1335.15","1280.00","2.35M","-3.78%"
"04/26/2010","1333.70","1370.00","1385.40","1327.05","1.94M","-2.03%"
"04/23/2010","1361.35","1380.00","1388.70","1355.05","268.93K","-1.30%"
"04/22/2010","1379.35","1375.00","1399.80","1364.50","483.67K","+0.14%"
"04/21/2010","1377.45","1350.00","1380.00","1350.00","314.74K","+1.86%"
"04/20/2010","1352.35","1340.00","1366.05","1332.00","379.98K","+1.50%"
"04/19/2010","1332.30","1352.60","1352.60","1324.20","239.03K","-1.40%"
"04/16/2010","1351.15","1350.75","1361.70","1345.00","220.12K","-0.27%"
"04/15/2010","1354.85","1371.00","1378.90","1350.00","296.63K","-0.62%"
"04/13/2010","1363.30","1375.00","1376.80","1352.80","309.66K","-0.60%"
"04/12/2010","1371.55","1398.00","1408.80","1363.50","401.80K","-0.44%"
"04/09/2010","1377.65","1396.00","1399.00","1370.25","441.99K","-0.47%"
"04/08/2010","1384.10","1247.70","1412.00","1247.70","410.23K","-1.34%"
"04/07/2010","1402.90","1389.70","1407.00","1368.00","634.82K","+1.91%"
"04/06/2010","1376.65","1410.00","1410.00","1373.25","343.71K","-1.48%"
"04/05/2010","1397.35","1399.50","1409.00","1386.30","409.19K","+0.30%"
"04/01/2010","1393.15","1425.00","1429.00","1386.25","477.13K","-1.75%"
"03/31/2010","1417.95","1391.55","1423.50","1349.00","320.92K","+0.73%"
"03/30/2010","1407.65","1400.00","1446.00","1400.00","354.80K","-1.39%"
"03/29/2010","1427.45","1409.80","1437.80","1397.20","628.03K","+2.19%"
"03/26/2010","1396.85","1372.00","1413.00","1368.05","576.50K","+1.95%"
"03/25/2010","1370.15","1390.00","1397.85","1360.00","656.34K","-1.67%"
"03/23/2010","1393.40","1404.95","1412.20","1388.00","313.87K","-0.29%"
"03/22/2010","1397.45","1420.00","1423.80","1391.00","470.48K","-2.23%"
"03/19/2010","1429.30","1428.00","1434.30","1421.00","286.97K","+0.53%"
"03/18/2010","1421.70","1444.00","1446.00","1409.00","631.91K","-0.82%"
"03/17/2010","1433.50","1465.00","1473.75","1428.65","648.68K","-1.73%"
"03/16/2010","1458.80","1459.80","1462.80","1436.45","256.30K","+0.88%"
"03/15/2010","1446.10","1464.00","1464.80","1426.15","445.08K","-1.20%"
"03/12/2010","1463.60","1470.00","1487.50","1460.00","334.67K","-0.04%"
"03/11/2010","1464.20","1470.05","1484.95","1455.00","554.03K","-1.06%"
"03/10/2010","1479.85","1508.00","1519.80","1470.00","976.36K","-1.31%"
"03/09/2010","1499.50","1480.00","1509.15","1471.00","875.54K","+1.44%"
"03/08/2010","1478.15","1473.70","1492.30","1463.00","515.60K","+1.45%"
"03/05/2010","1457.05","1467.00","1474.40","1447.70","353.41K","-0.01%"
"03/04/2010","1457.15","1477.00","1489.00","1452.10","413.80K","-1.31%"
"03/03/2010","1476.50","1496.00","1500.90","1460.65","809.67K","-0.98%"
"03/02/2010","1491.10","1472.00","1501.00","1462.55","1.32M","+2.13%"
"02/26/2010","1459.95","1398.80","1490.00","1375.00","1.71M","+4.29%"
"02/25/2010","1399.90","1374.20","1407.90","1358.00","794.24K","+2.53%"
"02/24/2010","1365.40","1325.00","1388.85","1317.65","827.26K","+2.22%"
"02/23/2010","1335.75","1369.85","1389.00","1317.70","484.78K","-3.64%"
"02/22/2010","1386.25","1380.00","1403.00","1378.30","385.25K","+1.11%"
"02/19/2010","1371.00","1354.00","1381.00","1335.00","399.80K","+0.83%"
"02/18/2010","1359.65","1390.00","1390.00","1349.00","323.68K","-1.49%"
"02/17/2010","1380.25","1369.95","1386.90","1365.30","372.00K","+1.69%"
"02/16/2010","1357.35","1339.70","1370.45","1334.00","322.87K","+1.60%"
"02/15/2010","1336.00","1364.00","1368.80","1330.10","288.77K","-1.50%"
"02/11/2010","1356.35","1330.10","1363.50","1330.10","289.02K","+1.68%"
"02/10/2010","1333.90","1355.00","1368.60","1328.25","433.68K","-1.39%"
"02/09/2010","1352.75","1355.00","1374.00","1342.50","491.00K","-0.68%"
"02/08/2010","1362.05","1375.10","1388.80","1347.20","555.65K","+0.23%"
"02/05/2010","1358.90","1349.50","1378.05","1320.25","471.27K","-0.46%"
"02/04/2010","1365.15","1370.00","1385.00","1355.00","453.97K","-0.88%"
"02/03/2010","1377.25","1365.00","1384.90","1360.20","594.12K","+0.27%"
"02/02/2010","1373.55","1418.25","1418.25","1360.00","573.31K","-1.82%"
"02/01/2010","1398.95","1389.00","1419.70","1375.25","584.35K","+0.68%"
"01/29/2010","1389.45","1374.40","1399.00","1332.00","468.95K","+0.81%"
"01/28/2010","1378.30","1377.00","1399.00","1362.05","835.50K","+0.62%"
"01/27/2010","1369.80","1431.00","1447.00","1350.30","1.18M","-5.28%"
"01/25/2010","1446.20","1412.00","1475.00","1412.00","851.32K","+0.12%"
"01/22/2010","1444.45","1440.00","1457.00","1405.00","650.26K","-0.57%"
"01/21/2010","1452.75","1445.00","1480.00","1440.00","1.22M","-0.38%"
"01/20/2010","1458.35","1428.80","1465.00","1421.00","1.38M","+2.75%"
"01/19/2010","1419.30","1435.00","1450.00","1413.10","1.01M","-0.70%"
"01/18/2010","1429.35","1409.00","1447.00","1407.00","916.18K","+1.12%"
"01/15/2010","1413.45","1410.00","1442.90","1408.15","723.39K","-0.10%"
"01/14/2010","1414.85","1439.00","1443.25","1411.00","480.49K","-0.97%"
"01/13/2010","1428.75","1437.00","1449.50","1410.80","612.47K","-0.85%"
"01/12/2010","1441.00","1454.75","1462.00","1435.00","767.99K","-0.95%"
"01/11/2010","1454.75","1442.00","1462.25","1438.00","478.94K","+1.51%"
"01/08/2010","1433.15","1459.00","1463.80","1421.10","1.29M","-1.39%"
"01/07/2010","1453.30","1468.00","1485.00","1450.00","901.16K","-0.57%"
"01/06/2010","1461.65","1518.00","1522.80","1460.00","1.57M","-3.58%"
"01/05/2010","1515.85","1563.50","1567.55","1510.00","1.41M","-2.29%"
"01/04/2010","1551.45","1565.00","1586.70","1546.15","534.23K","-0.55%"
"12/31/2009","1560.10","1575.15","1575.15","1541.50","664.24K","-0.66%"
"12/30/2009","1570.40","1567.15","1573.00","1555.15","501.39K","+0.21%"
"12/29/2009","1567.15","1574.90","1577.00","1558.90","366.47K","+0.08%"
"12/24/2009","1565.95","1564.90","1574.00","1551.10","477.68K","+0.49%"
"12/23/2009","1558.35","1534.00","1564.00","1534.00","343.06K","+1.77%"
"12/22/2009","1531.25","1528.00","1540.00","1523.00","230.85K","+0.66%"
"12/21/2009","1521.25","1553.00","1562.00","1514.75","481.00K","-1.78%"
"12/18/2009","1548.80","1540.00","1560.00","1534.10","635.33K","-0.36%"
"12/17/2009","1554.45","1574.00","1574.00","1550.00","311.71K","-0.99%"
"12/16/2009","1569.95","1590.95","1590.95","1557.30","444.17K","-0.56%"
"12/15/2009","1578.85","1619.00","1619.00","1562.25","639.34K","-1.90%"
"12/14/2009","1609.45","1595.00","1625.00","1586.50","497.72K","+1.11%"
"12/11/2009","1591.75","1592.00","1615.00","1584.10","529.54K","+0.11%"
"12/10/2009","1589.95","1615.00","1628.25","1582.50","541.05K","-1.31%"
"12/09/2009","1611.10","1573.00","1635.60","1550.00","1.66M","+2.72%"
"12/08/2009","1568.45","1577.00","1591.85","1563.10","382.30K","-0.57%"
"12/07/2009","1577.50","1590.00","1613.60","1570.00","326.35K","-0.91%"
"12/04/2009","1591.95","1631.00","1635.00","1583.00","685.68K","-3.11%"
"12/03/2009","1643.00","1623.00","1651.90","1612.40","745.29K","+1.86%"
"12/02/2009","1612.95","1597.00","1637.65","1597.00","844.83K","+1.62%"
"12/01/2009","1587.20","1565.00","1607.00","1565.00","956.33K","+1.92%"
"11/30/2009","1557.35","1692.30","1692.30","1548.00","338.52K","-0.63%"
"11/27/2009","1567.20","1516.00","1583.85","1458.80","613.06K","-0.77%"
"11/26/2009","1579.40","1620.00","1635.60","1560.35","577.69K","-2.62%"
"11/25/2009","1621.95","1600.25","1639.00","1600.00","745.04K","+1.39%"
"11/24/2009","1599.65","1558.50","1619.00","1558.50","1.15M","+2.53%"
"11/23/2009","1560.25","1557.70","1567.10","1544.05","574.18K","+1.13%"
"11/20/2009","1542.80","1531.25","1549.50","1520.10","711.99K","-0.50%"
"11/19/2009","1550.55","1550.00","1574.60","1528.10","906.25K","-0.56%"
"11/18/2009","1559.25","1550.00","1575.80","1521.25","747.71K","+0.19%"
"11/17/2009","1556.35","1554.00","1567.50","1537.10","1.08M","-0.13%"
"11/16/2009","1558.35","1425.00","1568.00","1425.00","1.57M","+5.41%"
"11/13/2009","1478.35","1423.00","1484.45","1390.00","1.20M","+3.88%"
"11/12/2009","1423.10","1460.00","1479.85","1416.00","1.26M","-1.95%"
"11/11/2009","1451.45","1435.35","1462.00","1418.00","1.10M","+0.41%"
"11/10/2009","1445.55","1495.10","1501.00","1438.50","895.51K","-2.61%"
"11/09/2009","1484.25","1473.00","1493.80","1447.10","661.93K","+0.88%"
"11/06/2009","1471.25","1503.00","1519.00","1461.10","754.05K","-0.97%"
"11/05/2009","1485.70","1459.00","1493.85","1416.10","786.36K","+1.60%"
"11/04/2009","1462.30","1434.80","1470.00","1416.10","581.77K","+2.42%"
"11/03/2009","1427.80","1403.00","1436.85","1396.00","1.12M","+1.75%"
"10/30/2009","1403.30","1423.90","1445.90","1376.60","1.06M","+1.75%"
"10/29/2009","1379.15","1400.00","1413.90","1368.00","1.39M","-2.56%"
"10/28/2009","1415.40","1475.00","1479.90","1405.60","804.62K","-4.30%"
"10/27/2009","1479.05","1500.00","1528.50","1465.35","572.33K","-2.54%"
"10/26/2009","1517.55","1522.00","1550.00","1496.35","880.44K","-0.08%"
"10/23/2009","1518.80","1500.00","1535.90","1495.00","821.45K","+1.86%"
"10/22/2009","1491.10","1501.00","1514.40","1462.20","1.08M","-1.07%"
"10/21/2009","1507.20","1550.00","1558.90","1495.30","485.37K","-2.68%"
"10/20/2009","1548.75","1527.50","1567.80","1515.00","832.58K","+2.22%"
"10/16/2009","1515.15","1529.00","1553.90","1509.50","662.63K","-0.71%"
"10/15/2009","1526.05","1531.10","1548.00","1512.20","601.44K","+0.42%"
"10/14/2009","1519.60","1527.20","1549.00","1512.00","1.07M","+0.26%"
"10/12/2009","1515.65","1489.00","1529.90","1481.00","1.14M","+2.39%"
"10/09/2009","1480.30","1518.10","1524.85","1471.35","1.15M","-2.02%"
"10/08/2009","1510.75","1550.00","1560.00","1505.00","2.20M","-1.94%"
"10/07/2009","1540.60","1609.80","1614.50","1533.10","1.44M","-3.67%"
"10/06/2009","1599.25","1619.00","1628.95","1577.20","895.97K","+0.14%"
"10/05/2009","1597.05","1647.00","1647.00","1587.60","766.88K","-3.56%"
"10/01/2009","1655.95","1715.00","1715.00","1647.60","704.60K","-2.67%"
"09/30/2009","1701.40","1642.00","1737.30","1629.00","798.36K","+3.85%"
"09/29/2009","1638.40","1648.00","1668.00","1621.00","683.69K","+0.03%"
"09/25/2009","1637.90","1625.00","1674.00","1618.70","548.33K","+0.17%"
"09/24/2009","1635.20","1645.00","1656.00","1612.00","663.24K","-1.15%"
"09/23/2009","1654.20","1659.80","1674.50","1642.00","494.51K","-0.22%"
"09/22/2009","1657.85","1648.60","1688.00","1639.90","619.69K","+1.13%"
"09/18/2009","1639.30","1560.00","1650.00","1540.20","1.66M","+5.09%"
"09/17/2009","1559.95","1523.50","1576.45","1521.40","1.08M","+2.81%"
"09/16/2009","1517.30","1500.00","1530.00","1495.15","671.11K","+1.15%"
"09/15/2009","1500.00","1479.60","1509.00","1464.00","600.51K","+1.74%"
"09/14/2009","1474.40","1459.80","1489.60","1454.60","563.35K","+0.39%"
"09/11/2009","1468.60","1519.35","1519.35","1446.35","815.50K","-1.38%"
"09/10/2009","1489.10","1521.40","1547.00","1482.10","549.50K","-1.58%"
"09/09/2009","1513.05","1519.00","1542.00","1505.60","598.37K","-0.31%"
"09/08/2009","1517.75","1570.00","1572.00","1513.10","518.41K","-2.37%"
"09/07/2009","1554.60","1560.00","1584.75","1542.80","634.94K","+0.52%"
"09/04/2009","1546.60","1510.00","1555.40","1506.00","729.25K","+2.60%"
"09/03/2009","1507.40","1527.65","1538.30","1494.10","822.45K","-0.13%"
"09/02/2009","1509.30","1545.00","1569.90","1502.00","1.37M","-2.02%"
"09/01/2009","1540.45","1447.00","1561.00","1445.65","2.72M","+7.14%"
"08/31/2009","1437.75","1411.15","1459.00","1393.30","751.63K","+1.15%"
"08/28/2009","1421.40","1425.00","1437.00","1390.00","543.48K","+0.39%"
"08/27/2009","1415.90","1398.00","1425.00","1383.60","1.18M","+0.76%"
"08/26/2009","1405.25","1435.00","1435.00","1391.05","693.78K","-0.88%"
"08/25/2009","1417.75","1428.00","1448.00","1411.00","777.47K","-0.97%"
"08/24/2009","1431.70","1402.05","1441.90","1395.00","860.80K","+3.13%"
"08/21/2009","1388.20","1366.00","1390.00","1348.75","883.02K","+1.29%"
"08/20/2009","1370.50","1320.00","1375.00","1316.30","1.17M","+5.27%"
"08/19/2009","1301.85","1308.00","1330.00","1275.05","785.51K","+0.11%"
"08/18/2009","1300.40","1280.00","1319.00","1266.25","770.07K","+1.94%"
"08/17/2009","1275.60","1325.00","1330.00","1265.55","784.97K","-5.46%"
"08/14/2009","1349.25","1370.00","1385.00","1342.00","731.35K","-1.74%"
"08/13/2009","1373.10","1330.00","1385.90","1301.00","1.55M","+6.43%"
"08/12/2009","1290.10","1272.00","1298.90","1255.80","917.42K","-0.48%"
"08/11/2009","1296.30","1220.00","1309.50","1220.00","1.47M","+3.82%"
"08/10/2009","1248.55","1319.85","1332.80","1225.10","2.63M","-3.47%"
"08/07/2009","1293.40","1350.00","1355.00","1282.00","1.98M","-5.22%"
"08/06/2009","1364.70","1443.00","1443.80","1342.20","1.29M","-5.34%"
"08/05/2009","1441.70","1515.00","1515.00","1431.30","838.35K","-3.41%"
"08/04/2009","1492.55","1469.85","1515.90","1450.00","1.17M","+1.40%"
"08/03/2009","1471.90","1411.00","1484.00","1411.00","705.68K","+4.06%"
"07/31/2009","1414.45","1434.00","1448.65","1402.00","577.93K","+1.25%"
"07/30/2009","1397.05","1381.00","1416.95","1371.00","954.94K","-0.07%"
"07/29/2009","1398.05","1395.00","1418.95","1362.00","675.42K","+0.65%"
"07/28/2009","1389.05","1370.00","1418.00","1345.00","972.54K","+1.40%"
"07/27/2009","1369.90","1388.00","1394.00","1349.70","673.48K","-0.61%"
"07/24/2009","1378.25","1301.00","1399.90","1297.10","1.72M","+6.36%"
"07/23/2009","1295.80","1220.00","1305.00","1220.00","1.81M","+6.71%"
"07/22/2009","1214.30","1241.00","1249.95","1201.00","542.02K","-2.08%"
"07/21/2009","1240.05","1180.00","1248.50","1180.00","591.62K","+2.50%"
"07/20/2009","1209.75","1188.00","1219.90","1184.00","691.04K","+2.40%"
"07/17/2009","1181.45","1159.00","1193.65","1148.00","1.16M","+3.45%"
"07/16/2009","1142.00","1115.10","1152.40","1086.30","657.95K","+2.93%"
"07/15/2009","1109.45","1085.00","1117.75","1065.35","488.42K","+2.18%"
"07/14/2009","1085.75","1074.30","1095.00","1068.35","828.89K","+1.76%"
"07/13/2009","1067.00","1090.00","1094.90","1040.40","319.36K","-3.32%"
"07/10/2009","1103.60","1095.00","1115.00","1068.75","659.23K","+0.40%"
"07/09/2009","1099.15","1108.00","1124.00","1090.10","485.33K","-0.28%"
"07/08/2009","1102.25","1060.00","1108.40","1056.50","850.42K","+2.05%"
"07/07/2009","1080.15","1028.70","1110.00","1020.00","719.62K","+4.10%"
"07/06/2009","1037.60","1058.75","1073.60","991.50","801.79K","-2.00%"
"07/03/2009","1058.75","1049.70","1066.90","1040.15","272.95K","+0.60%"
"07/02/2009","1052.40","1080.00","1080.00","1029.00","309.18K","-1.85%"
"07/01/2009","1072.25","1078.00","1086.00","1053.00","425.21K","+0.31%"
"06/30/2009","1068.95","1075.00","1078.10","1050.00","670.63K","+0.10%"
"06/29/2009","1067.90","1059.10","1079.80","1038.35","279.15K","+0.82%"
"06/26/2009","1059.25","1037.00","1063.65","1018.10","441.04K","+3.26%"
"06/25/2009","1025.80","1068.00","1069.00","1009.90","584.59K","-3.22%"
"06/24/2009","1059.90","1055.00","1064.90","1029.00","661.16K","+0.62%"
"06/23/2009","1053.35","1052.00","1066.90","1036.00","806.33K","-1.21%"
"06/22/2009","1066.20","1060.00","1074.75","1038.05","354.92K","+1.55%"
"06/19/2009","1049.90","1035.00","1064.00","1031.30","410.02K","+1.76%"
"06/18/2009","1031.75","1055.00","1059.90","1025.15","474.39K","-2.76%"
"06/17/2009","1061.05","1071.30","1085.40","1050.00","561.00K","-1.35%"
"06/16/2009","1075.55","1046.35","1093.90","1040.00","613.59K","+0.95%"
"06/15/2009","1065.45","1046.35","1083.80","1046.35","473.58K","-1.81%"
"06/12/2009","1085.10","1053.65","1114.85","1053.65","854.06K","-1.13%"
"06/11/2009","1097.45","1073.35","1111.00","1073.35","481.71K","-1.07%"
"06/10/2009","1109.35","1100.00","1119.00","1090.00","671.17K","+1.78%"
"06/09/2009","1089.95","1029.00","1111.80","1005.15","560.51K","+3.62%"
"06/08/2009","1051.85","1075.05","1103.00","1026.15","751.31K","-3.24%"
"06/05/2009","1087.10","1080.00","1112.80","1070.10","623.64K","+0.76%"
"06/04/2009","1078.90","1030.00","1084.70","1030.00","956.53K","+3.25%"
"06/03/2009","1044.90","1030.00","1063.30","1022.75","812.23K","+0.85%"
"06/02/2009","1036.05","1035.00","1049.00","1020.50","1.39M","-0.61%"
"06/01/2009","1042.40","1025.00","1062.00","1025.00","750.21K","+1.49%"
"05/29/2009","1027.10","1009.00","1037.45","983.00","1.69M","+2.32%"
"05/28/2009","1003.85","974.50","1028.80","965.30","1.89M","+3.01%"
"05/27/2009","974.50","970.20","983.00","946.20","584.87K","+1.73%"
"05/26/2009","957.90","973.50","980.00","948.00","465.22K","-1.59%"
"05/25/2009","973.35","962.50","985.50","958.00","553.10K","+1.19%"
"05/22/2009","961.95","962.00","974.90","954.00","1.39M","-0.75%"
"05/21/2009","969.25","1026.00","1041.85","957.65","1.44M","-6.97%"
"05/20/2009","1041.85","992.00","1058.90","981.40","1.49M","+4.20%"
"05/19/2009","999.90","960.00","1064.00","940.00","2.30M","+6.58%"
"05/18/2009","938.20","924.00","954.00","918.00","22.80K","+10.61%"
"05/15/2009","848.20","842.00","857.00","837.00","588.32K","+1.86%"
"05/14/2009","832.70","815.65","841.85","795.00","773.57K","-0.76%"
"05/13/2009","839.05","857.60","872.00","830.00","1.11M","-2.88%"
"05/12/2009","863.90","830.00","875.50","820.05","1.49M","+3.57%"
"05/11/2009","834.10","836.00","845.95","819.25","730.64K","+0.70%"
"05/08/2009","828.30","838.00","845.95","816.55","582.40K","-1.32%"
"05/07/2009","839.40","815.00","843.90","800.00","1.23M","+3.82%"
"05/06/2009","808.55","827.50","837.90","797.00","2.00M","-2.78%"
"05/05/2009","831.65","845.00","859.00","815.05","1.81M","-0.92%"
"05/04/2009","839.35","821.35","849.80","820.25","962.63K","+3.11%"
"04/29/2009","814.00","809.00","819.90","784.30","1.81M","+1.35%"
"04/28/2009","803.15","806.00","822.00","790.50","1.27M","-0.77%"
"04/27/2009","809.35","779.50","821.80","773.60","2.96M","+0.79%"
"04/24/2009","803.00","808.00","818.70","763.50","2.61M","+0.55%"
"04/23/2009","798.60","755.00","816.00","743.00","2.42M","+5.89%"
"04/22/2009","754.15","828.80","828.80","741.00","2.28M","-4.39%"
"04/21/2009","788.75","827.00","838.20","777.25","1.28M","-5.69%"
"04/20/2009","836.35","837.85","854.00","828.25","398.41K","+0.02%"
"04/17/2009","836.20","851.00","866.00","825.35","777.89K","-2.22%"
"04/16/2009","855.15","852.00","873.80","845.00","1.12M","+1.01%"
"04/15/2009","846.60","815.00","854.80","807.00","1.42M","+2.89%"
"04/13/2009","822.80","815.25","839.00","811.00","922.17K","+1.69%"
"04/09/2009","809.10","820.00","829.50","798.30","995.20K","-1.00%"
"04/08/2009","817.30","785.00","820.00","770.05","1.22M","+2.28%"
"04/06/2009","799.10","797.65","804.00","785.05","1.08M","+0.57%"
"04/02/2009","794.55","801.65","831.40","780.00","1.54M","+0.26%"
"04/01/2009","792.50","780.00","799.00","765.05","1.23M","+1.62%"
"03/31/2009","779.85","761.00","788.85","751.50","1.99M","+2.86%"
"03/30/2009","758.20","760.00","769.35","732.35","1.09M","-1.34%"
"03/27/2009","768.50","770.00","774.65","751.20","997.42K","-0.21%"
"03/26/2009","770.15","745.00","799.00","734.20","2.06M","+4.94%"
"03/25/2009","733.90","733.00","753.80","723.25","1.36M","-0.02%"
"03/24/2009","734.05","738.00","756.00","717.65","3.06M","+0.13%"
"03/23/2009","733.10","719.00","737.70","717.10","523.61K","+3.12%"
"03/20/2009","710.95","735.00","735.00","708.25","608.12K","-2.73%"
"03/19/2009","730.90","721.00","744.00","716.00","1.33M","+1.85%"
"03/18/2009","717.60","715.15","728.00","709.00","1.99M","+1.11%"
"03/17/2009","709.75","708.70","715.00","692.00","1.89M","+1.57%"
"03/16/2009","698.75","712.85","715.95","688.35","1.59M","-2.02%"
"03/13/2009","713.15","697.00","719.50","688.35","1.98M","+3.39%"
"03/12/2009","689.75","669.95","697.30","652.05","1.84M","+5.81%"
"03/09/2009","651.90","674.80","677.30","640.40","811.57K","+0.35%"
"03/06/2009","649.65","679.00","679.00","643.30","1.70M","-2.78%"
"03/05/2009","668.25","699.80","699.80","663.60","957.09K","-2.20%"
"03/04/2009","683.30","675.00","688.90","666.90","1.17M","+1.80%"
"03/03/2009","671.25","659.00","687.60","659.00","1.58M","-0.50%"
"03/02/2009","674.60","698.70","698.70","657.10","1.93M","-0.40%"
"02/27/2009","677.30","690.00","690.00","659.05","2.10M","-1.95%"
"02/26/2009","690.75","632.40","709.40","632.40","2.26M","+4.04%"
"02/25/2009","663.90","647.40","669.40","644.00","2.08M","+3.54%"
"02/24/2009","641.20","617.00","647.85","614.00","1.30M","+1.86%"
"02/20/2009","629.50","617.00","635.90","615.15","1.14M","-0.36%"
"02/19/2009","631.80","618.00","637.40","618.00","1.08M","+2.42%"
"02/18/2009","616.90","604.00","624.00","593.00","662.74K","+2.37%"
"02/17/2009","602.60","617.30","617.30","595.60","939.12K","-3.13%"
"02/16/2009","622.10","625.00","641.00","609.00","1.57M","-1.07%"
"02/13/2009","628.80","616.30","637.40","616.30","748.94K","+2.44%"
"02/12/2009","613.85","625.00","628.00","607.40","990.87K","-2.92%"
"02/11/2009","632.30","600.00","634.00","597.00","1.44M","+3.93%"
"02/10/2009","608.40","590.00","615.90","589.30","902.01K","+2.22%"
"02/09/2009","595.20","597.50","598.90","574.10","543.32K","+3.03%"
"02/06/2009","577.70","579.00","586.70","572.00","688.41K","+0.11%"
"02/05/2009","577.05","585.60","603.90","571.40","1.41M","-4.14%"
"02/04/2009","602.00","587.50","606.80","585.50","1.54M","+3.13%"
"02/03/2009","583.75","570.00","594.25","570.00","1.03M","+2.95%"
"02/02/2009","567.00","561.00","588.80","555.00","1.26M","-0.23%"
"01/30/2009","568.30","535.00","578.90","531.00","1.71M","+4.38%"
"01/29/2009","544.45","526.20","555.00","521.20","2.41M","+4.59%"
"01/28/2009","520.55","540.00","547.95","511.25","1.18M","-3.18%"
"01/27/2009","537.65","512.35","547.00","512.35","768.92K","+4.36%"
"01/23/2009","515.20","520.00","525.00","502.30","866.11K","-0.81%"
"01/22/2009","519.40","540.45","550.00","513.10","1.10M","-3.77%"
"01/21/2009","539.75","556.00","561.70","536.15","893.23K","-3.55%"
"01/20/2009","559.60","567.90","567.90","556.10","451.96K","-2.49%"
"01/19/2009","573.90","585.10","585.10","567.60","754.47K","-2.67%"
"01/16/2009","589.65","590.10","597.90","581.80","1.07M","-0.05%"
"01/15/2009","589.95","575.00","598.20","542.35","1.13M","-0.97%"
"01/14/2009","595.75","583.00","604.00","578.00","1.51M","+1.40%"
"01/13/2009","587.50","580.00","595.00","566.00","1.24M","+1.41%"
"01/12/2009","579.35","580.10","596.75","561.60","1.98M","-1.11%"
"01/09/2009","585.85","553.00","596.00","550.10","1.87M","+3.66%"
"01/07/2009","565.15","570.00","579.70","551.30","1.15M","+0.67%"
"01/06/2009","561.40","552.00","571.85","546.35","900.91K","+0.78%"
"01/05/2009","557.05","578.90","578.90","543.55","906.57K","+2.32%"
"01/02/2009","544.40","539.00","559.00","534.00","954.85K","-1.00%"
"01/01/2009","549.90","521.00","558.00","515.15","1.33M","+5.71%"
"12/31/2008","520.20","520.10","527.00","506.35","1.71M","+0.34%"
"12/30/2008","518.45","504.90","523.95","497.05","1.07M","+3.85%"
"12/29/2008","499.25","519.20","519.20","484.00","2.10M","-2.15%"
"12/26/2008","510.20","502.00","518.40","501.40","1.06M","+1.52%"
"12/24/2008","502.55","524.70","524.70","495.70","1.40M","-2.05%"
"12/23/2008","513.05","527.00","527.00","508.20","1.08M","-2.89%"
"12/22/2008","528.30","555.00","558.95","525.40","1.21M","-3.84%"
"12/19/2008","549.40","528.00","568.90","528.00","1.64M","+2.47%"
"12/18/2008","536.15","478.00","542.80","478.00","1.19M","+5.18%"
"12/17/2008","509.75","520.00","520.00","504.55","1.26M","+0.10%"
"12/16/2008","509.25","509.00","518.90","491.55","1.44M","+0.10%"
"12/15/2008","508.75","515.00","524.00","505.60","1.22M","+0.34%"
"12/12/2008","507.05","480.00","513.00","475.70","956.69K","-0.71%"
"12/11/2008","510.70","522.00","528.00","501.00","1.34M","-0.99%"
"12/10/2008","515.80","505.00","524.80","487.40","1.26M","+3.35%"
"12/08/2008","499.10","500.00","524.00","476.70","2.47M","+1.72%"
"12/05/2008","490.65","490.00","496.30","477.15","1.21M","+0.57%"
"12/04/2008","487.85","485.00","494.70","468.15","1.55M","+0.61%"
"12/03/2008","484.90","468.00","493.90","445.50","1.61M","+5.41%"
"12/02/2008","460.00","433.00","476.00","433.00","1.54M","-5.56%"
"12/01/2008","487.10","540.50","544.90","482.10","1.31M","-8.71%"
"11/28/2008","533.55","537.00","548.90","521.00","872.07K","+0.36%"
"11/26/2008","531.65","539.00","542.85","508.00","1.15M","-0.65%"
"11/25/2008","535.15","574.00","574.00","522.70","890.10K","+0.91%"
"11/24/2008","530.35","515.05","535.00","495.15","468.77K","+4.00%"
"11/21/2008","509.95","486.30","524.70","480.15","763.90K","+5.70%"
"11/20/2008","482.45","506.00","510.00","467.80","1.05M","-6.55%"
"11/19/2008","516.25","517.00","548.00","504.10","707.69K","+0.58%"
"11/18/2008","513.25","545.00","568.80","505.55","714.02K","-6.32%"
"11/17/2008","547.85","533.00","558.80","520.10","636.37K","+2.18%"
"11/14/2008","536.15","580.00","580.00","530.05","1.23M","-4.13%"
"11/12/2008","559.25","568.00","569.85","546.10","838.33K","-2.47%"
"11/11/2008","573.40","590.00","590.00","560.15","1.04M","-3.67%"
"11/10/2008","595.25","600.00","608.00","584.55","560.67K","-0.70%"
"11/07/2008","599.45","595.00","609.75","570.00","995.13K","-0.23%"
"11/06/2008","600.85","600.00","624.40","582.45","1.10M","-2.44%"
"11/05/2008","615.85","639.00","639.00","610.10","840.17K","+0.02%"
"11/04/2008","615.75","600.00","619.70","583.15","648.04K","+2.26%"
"11/03/2008","602.15","565.50","619.00","565.50","720.33K","+6.92%"
"10/31/2008","563.20","561.00","584.00","546.70","887.14K","+3.75%"
"10/29/2008","542.85","556.00","562.00","505.30","1.22M","-0.79%"
"10/28/2008","547.15","536.00","567.00","536.00","47.86K","+6.09%"
"10/27/2008","515.75","525.50","538.40","475.00","719.16K","-4.18%"
"10/24/2008","538.25","580.00","581.50","512.00","1.56M","-9.60%"
"10/23/2008","595.40","628.00","645.00","587.30","1.01M","-8.22%"
"10/22/2008","648.70","660.00","674.00","628.55","646.44K","-4.24%"
"10/21/2008","677.45","663.80","690.00","645.35","825.52K","+3.21%"
"10/20/2008","656.35","637.00","674.80","625.00","587.31K","+2.47%"
"10/17/2008","640.50","684.10","689.00","632.30","1.06M","-5.64%"
"10/16/2008","678.80","665.90","685.00","643.15","706.47K","-0.42%"
"10/15/2008","681.65","705.00","713.00","668.25","868.01K","-5.29%"
"10/14/2008","719.75","732.00","749.00","711.00","945.50K","-0.48%"
"10/13/2008","723.20","676.00","725.80","676.00","944.84K","+6.40%"
"10/10/2008","679.70","631.00","689.70","631.00","899.35K","-1.18%"
"10/08/2008","687.85","651.00","698.00","627.50","2.05M","+2.34%"
"10/07/2008","672.10","660.55","688.70","619.10","1.38M","+1.99%"
"10/06/2008","659.00","665.00","692.00","653.40","565.47K","-3.49%"
"10/03/2008","682.85","681.00","715.00","672.05","757.32K","-2.55%"
"10/01/2008","700.75","695.35","708.00","684.00","600.34K","+1.53%"
"09/30/2008","690.20","647.60","701.00","636.30","739.03K","+4.13%"
"09/29/2008","662.85","645.05","690.00","645.05","517.92K","-3.10%"
"09/26/2008","684.05","700.00","703.00","671.25","273.56K","-3.02%"
"09/25/2008","705.35","682.65","712.00","682.65","817.95K","+0.46%"
"09/24/2008","702.10","698.00","716.10","692.40","563.17K","+0.17%"
"09/23/2008","700.90","700.00","726.90","695.05","899.11K","-2.83%"
"09/22/2008","721.30","766.00","766.00","710.50","1.04M","-2.67%"
"09/19/2008","741.05","732.50","749.95","724.00","902.22K","+3.37%"
"09/18/2008","716.90","680.00","734.70","670.00","1.11M","+2.38%"
"09/17/2008","700.25","715.00","715.00","681.00","1.13M","+0.63%"
"09/16/2008","695.90","700.00","720.05","684.05","978.69K","-3.44%"
"09/15/2008","720.70","655.65","737.85","655.65","1.21M","+2.47%"
"09/12/2008","703.35","682.00","711.90","682.00","1.44M","+3.53%"
"09/11/2008","679.35","687.00","702.10","675.00","694.80K","-2.35%"
"09/10/2008","695.70","698.00","707.90","688.30","621.55K","-1.74%"
"09/09/2008","708.05","690.00","713.40","676.40","634.81K","+1.92%"
"09/08/2008","694.70","685.55","719.95","682.30","1.29M","+2.12%"
"09/05/2008","680.25","666.00","685.00","653.35","787.17K","-1.08%"
"09/04/2008","687.70","658.00","693.50","645.10","1.14M","+3.37%"
"09/02/2008","665.25","630.20","670.00","630.20","747.59K","+5.01%"
"09/01/2008","633.50","649.60","649.60","618.50","1.06M","-2.48%"
"08/29/2008","649.60","635.00","661.30","635.00","1.08M","+3.22%"
"08/28/2008","629.35","615.00","636.65","611.35","512.97K","+0.51%"
"08/27/2008","626.15","630.00","635.00","620.00","797.42K","-0.52%"
"08/26/2008","629.45","619.00","641.90","609.70","933.64K","+0.60%"
"08/25/2008","625.70","620.00","649.80","615.15","749.15K","-0.92%"
"08/22/2008","631.50","610.00","634.00","603.20","774.96K","+2.09%"
"08/21/2008","618.55","625.00","630.00","611.50","618.14K","-1.05%"
"08/20/2008","625.10","616.50","629.90","615.00","1.03M","+1.39%"
"08/19/2008","616.50","639.85","639.85","601.95","1.38M","-3.69%"
"08/18/2008","640.10","651.00","655.00","618.00","929.83K","-1.60%"
"08/14/2008","650.50","666.00","666.00","643.40","907.15K","-2.83%"
"08/13/2008","669.45","679.05","689.50","658.00","1.20M","-1.41%"
"08/12/2008","679.05","709.00","713.70","661.30","1.84M","-5.59%"
"08/11/2008","719.25","690.90","725.70","682.00","1.50M","+5.90%"
"08/08/2008","679.15","626.65","684.05","626.65","714.93K","+1.11%"
"08/07/2008","671.70","649.00","680.00","647.00","1.38M","+3.07%"
"08/06/2008","651.70","644.00","674.90","627.00","2.76M","+6.14%"
"08/05/2008","614.00","576.00","623.00","572.10","1.06M","+7.21%"
"08/04/2008","572.70","562.15","576.00","556.30","519.50K","+1.88%"
"08/01/2008","562.15","564.90","569.90","553.00","1.44M","-2.35%"
"07/31/2008","575.65","592.00","598.80","570.00","1.26M","-2.08%"
"07/30/2008","587.85","557.00","595.00","557.00","769.76K","+3.79%"
"07/29/2008","566.40","602.00","604.00","559.20","687.53K","-7.25%"
"07/28/2008","610.65","615.00","624.00","608.10","645.26K","-0.61%"
"07/25/2008","614.40","610.00","623.00","600.30","747.76K","-0.77%"
"07/24/2008","619.15","610.00","634.80","610.00","981.66K","+1.83%"
"07/23/2008","608.00","601.00","614.75","592.35","2.11M","+3.44%"
"07/22/2008","587.80","625.25","625.25","585.00","2.57M","-9.17%"
"07/21/2008","647.15","625.15","660.00","615.00","477.05K","+4.51%"
"07/18/2008","619.25","605.00","623.00","588.35","772.61K","+3.33%"
"07/17/2008","599.30","560.00","602.70","556.00","984.97K","+9.31%"
"07/16/2008","548.25","549.00","554.85","540.00","443.60K","-0.19%"
"07/15/2008","549.30","520.50","561.00","520.50","201.59K","-3.38%"
"07/14/2008","568.50","574.70","584.70","560.10","452.88K","+0.66%"
"07/11/2008","564.75","571.90","578.80","556.10","352.96K","-0.14%"
"07/10/2008","565.55","592.00","596.00","560.00","697.50K","-3.40%"
"07/09/2008","585.45","575.05","606.90","575.00","816.81K","+2.85%"
"07/08/2008","569.20","563.90","576.00","540.50","546.87K","-0.69%"
"07/07/2008","573.15","555.00","593.50","549.00","578.90K","+4.44%"
"07/04/2008","548.80","548.00","573.75","535.00","402.25K","+0.06%"
"07/03/2008","548.45","577.35","579.20","545.00","595.92K","-5.31%"
"07/02/2008","579.20","571.50","590.00","560.00","769.38K","+1.35%"
"07/01/2008","571.50","616.55","620.00","558.10","599.02K","-7.31%"
"06/30/2008","616.55","654.80","654.80","610.00","420.91K","-4.08%"
"06/27/2008","642.75","675.90","675.90","636.00","828.05K","-4.90%"
"06/26/2008","675.90","691.95","718.00","666.10","1.03M","-2.32%"
"06/25/2008","691.95","663.00","699.90","638.00","358.92K","+2.25%"
"06/24/2008","676.70","685.00","699.00","662.25","858.99K","-1.64%"
"06/23/2008","687.95","727.00","727.00","681.35","459.47K","-5.55%"
"06/20/2008","728.35","747.05","750.00","711.00","493.68K","-2.50%"
"06/19/2008","747.05","741.00","762.00","734.30","293.92K","-0.17%"
"06/18/2008","748.35","755.00","760.00","737.10","329.44K","-0.90%"
"06/17/2008","755.15","715.00","764.80","715.00","672.71K","+5.31%"
"06/16/2008","717.05","733.00","736.80","712.55","627.68K","-0.71%"
"06/13/2008","722.15","742.00","742.00","718.10","406.17K","-1.99%"
"06/12/2008","736.80","720.00","747.00","702.00","391.04K","+0.42%"
"06/11/2008","733.75","748.00","763.00","729.10","367.13K","-1.05%"
"06/10/2008","741.50","739.50","748.20","718.00","476.42K","+0.40%"
"06/09/2008","738.55","751.00","751.00","725.00","420.91K","-1.53%"
"06/06/2008","750.00","765.00","773.00","742.15","413.76K","-1.48%"
"06/05/2008","761.30","743.00","769.25","733.15","721.14K","+1.98%"
"06/04/2008","746.55","782.50","789.00","731.00","638.25K","-4.56%"
"06/03/2008","782.20","770.00","789.80","761.55","281.24K","-0.65%"
"06/02/2008","787.30","765.50","802.00","756.00","1.43M","+3.18%"
"05/30/2008","763.05","782.50","782.50","757.00","335.52K","+0.01%"
"05/29/2008","763.00","794.90","794.90","757.15","569.96K","-1.85%"
"05/28/2008","777.35","768.00","790.00","751.25","268.47K","+1.65%"
"05/27/2008","764.75","780.80","780.80","755.30","327.63K","+0.39%"
"05/26/2008","761.75","780.00","780.20","755.50","610.54K","-3.53%"
"05/23/2008","789.60","805.00","812.80","784.20","585.07K","-2.00%"
"05/22/2008","805.70","805.00","813.00","790.05","528.47K","-0.93%"
"05/21/2008","813.25","805.00","816.00","790.00","582.10K","-0.17%"
"05/20/2008","814.65","830.00","835.00","810.00","1.20M","-0.79%"
"05/16/2008","821.10","831.95","831.95","816.00","453.99K","-0.09%"
"05/15/2008","821.80","802.15","826.90","800.00","1.16M","+3.11%"
"05/14/2008","797.05","775.00","799.50","767.05","966.25K","+3.43%"
"05/13/2008","770.65","778.00","786.00","769.00","420.80K","+0.04%"
"05/12/2008","770.35","764.90","774.90","763.00","545.99K","+0.71%"
"05/09/2008","764.90","766.00","770.80","758.00","1.62M","-0.73%"
"05/08/2008","770.55","768.90","774.00","761.50","593.48K","-0.66%"
"05/07/2008","775.65","770.00","777.80","759.05","438.19K","+1.17%"
"05/06/2008","766.70","788.00","788.00","757.55","814.24K","-2.26%"
"05/05/2008","784.40","793.00","809.90","780.30","1.04M","-0.44%"
"05/02/2008","787.90","751.10","791.90","751.10","1.87M","+6.17%"
"04/30/2008","742.10","734.90","749.00","730.00","927.58K","+1.50%"
"04/29/2008","731.15","720.00","736.70","720.00","782.36K","+1.22%"
"04/28/2008","722.35","737.95","749.00","720.20","1.02M","-2.11%"
"04/25/2008","737.95","732.00","754.00","732.00","856.30K","-1.22%"
"04/24/2008","747.05","775.80","777.00","726.55","2.31M","-2.35%"
"04/23/2008","765.05","757.85","769.90","754.25","446.65K","+0.95%"
"04/22/2008","757.85","765.00","769.00","753.60","283.32K","-1.36%"
"04/21/2008","768.30","750.00","783.50","725.00","354.95K","+1.03%"
"04/17/2008","760.50","761.00","766.50","753.00","282.04K","+0.58%"
"04/16/2008","756.10","765.00","765.00","751.30","393.86K","-0.03%"
"04/15/2008","756.30","739.15","759.90","727.60","241.39K","+2.32%"
"04/11/2008","739.15","745.00","747.90","730.50","300.75K","+0.17%"
"04/10/2008","737.90","736.00","748.85","730.00","685.40K","+0.58%"
"04/09/2008","733.65","745.00","745.00","725.10","786.70K","-1.48%"
"04/08/2008","744.65","765.00","765.00","740.10","550.60K","-1.97%"
"04/07/2008","759.65","768.00","769.90","738.05","917.33K","-0.65%"
"04/04/2008","764.60","790.20","792.00","761.15","475.67K","-2.83%"
"04/03/2008","786.90","818.85","819.70","775.00","760.06K","-2.93%"
"04/02/2008","810.65","829.00","849.00","805.50","243.59K","-0.63%"
"04/01/2008","815.75","840.00","855.00","807.55","454.50K","-1.36%"
"03/31/2008","827.00","840.00","840.00","811.00","685.95K","-1.29%"
"03/28/2008","837.80","834.75","855.00","822.00","519.84K","-0.06%"
"03/27/2008","838.30","840.25","848.50","831.00","557.45K","-0.86%"
"03/26/2008","845.60","850.00","856.00","835.05","699.17K","+0.21%"
"03/25/2008","843.85","825.00","863.95","816.00","747.21K","+4.15%"
"03/24/2008","810.20","863.55","863.55","790.00","505.10K","-1.49%"
"03/19/2008","822.45","830.00","836.25","801.60","649.08K","+1.12%"
"03/18/2008","813.35","810.00","824.85","805.15","446.49K","+0.84%"
"03/17/2008","806.55","810.00","829.90","800.00","361.66K","-3.14%"
"03/14/2008","832.70","840.00","849.80","805.00","652.89K","-0.91%"
"03/13/2008","840.35","850.00","874.90","806.00","797.09K","-1.99%"
"03/12/2008","857.40","876.00","884.90","851.10","965.82K","-1.07%"
"03/11/2008","866.65","885.00","892.00","852.00","846.19K","-3.17%"
"03/10/2008","895.05","919.00","938.00","883.00","1.36M","-3.54%"
"03/07/2008","927.85","921.25","938.10","873.55","1.55M","-1.31%"
"03/05/2008","940.20","907.00","944.50","902.00","1.50M","+3.94%"
"03/04/2008","904.55","875.00","915.00","875.00","1.39M","+3.66%"
"03/03/2008","872.65","859.70","909.00","847.50","1.83M","+0.51%"
"02/29/2008","868.20","830.00","875.00","825.00","1.70M","+3.71%"
"02/28/2008","837.15","830.00","843.00","816.70","517.89K","+0.51%"
"02/27/2008","832.90","815.00","840.00","815.00","678.21K","+2.41%"
"02/26/2008","813.30","811.30","816.00","791.00","349.14K","+1.59%"
"02/25/2008","800.55","775.00","805.50","768.25","623.55K","+4.46%"
"02/22/2008","766.35","765.00","774.80","750.10","599.10K","+0.42%"
"02/21/2008","763.15","777.00","790.00","754.45","631.75K","-0.85%"
"02/20/2008","769.70","808.00","808.00","763.00","750.17K","-4.90%"
"02/19/2008","809.40","813.00","819.00","805.15","394.13K","+0.40%"
"02/18/2008","806.20","830.00","830.00","801.00","212.45K","-0.77%"
"02/15/2008","812.45","825.00","829.00","805.00","658.13K","-2.02%"
"02/14/2008","829.20","821.10","845.00","820.00","245.04K","+1.46%"
"02/13/2008","817.25","812.00","824.95","802.15","394.85K","+1.18%"
"02/12/2008","807.70","815.40","827.00","796.25","313.85K","-0.69%"
"02/11/2008","813.35","805.75","850.00","775.00","467.65K","+0.94%"
"02/08/2008","805.75","802.00","814.00","780.10","588.53K","+0.72%"
"02/07/2008","800.00","845.00","845.00","790.00","549.23K","-3.88%"
"02/06/2008","832.25","855.10","860.00","827.00","400.68K","-4.62%"
"02/05/2008","872.60","912.00","920.00","869.00","296.90K","-2.76%"
"02/04/2008","897.35","920.00","923.90","891.20","773.01K","-0.93%"
"02/01/2008","905.75","833.15","918.00","826.00","425.62K","+6.53%"
"01/31/2008","850.20","843.00","864.80","825.00","702.86K","+0.63%"
"01/30/2008","844.90","870.00","870.00","833.00","462.36K","-2.10%"
"01/29/2008","863.00","870.00","881.00","816.30","739.34K","-0.20%"
"01/28/2008","864.70","775.05","874.00","775.05","358.06K","+3.72%"
"01/25/2008","833.70","823.00","845.00","794.00","563.33K","+5.70%"
"01/24/2008","788.75","850.00","850.00","761.00","1.05M","-4.53%"
"01/23/2008","826.15","835.00","859.00","785.00","777.63K","+2.37%"
"01/22/2008","807.05","780.00","840.00","700.00","949.56K","+0.48%"
"01/21/2008","803.20","824.00","834.50","755.05","614.10K","-4.61%"
"01/18/2008","842.00","860.00","865.55","835.10","444.88K","-2.64%"
"01/17/2008","864.80","855.00","894.90","842.15","602.64K","+2.02%"
"01/16/2008","847.70","868.00","868.00","827.00","558.88K","-2.71%"
"01/15/2008","871.35","873.95","881.35","852.00","1.00M","+0.91%"
"01/14/2008","863.45","899.70","909.00","840.00","698.56K","-4.03%"
"01/11/2008","899.70","927.00","927.00","888.00","857.64K","-1.04%"
"01/10/2008","909.20","931.00","941.75","905.05","510.75K","-1.68%"
"01/09/2008","924.75","944.90","1055.00","912.50","601.34K","-1.60%"
"01/08/2008","939.80","965.00","970.00","936.00","644.37K","-2.49%"
"01/07/2008","963.75","952.00","970.00","952.00","683.16K","-0.04%"
"01/04/2008","964.15","975.00","982.50","959.00","798.96K","-0.93%"
"01/03/2008","973.20","999.00","999.00","969.95","455.66K","-2.39%"
"01/02/2008","997.05","1005.00","1009.95","978.60","351.37K","+0.55%"
"01/01/2008","991.55","1000.00","1000.00","986.00","183.16K","-0.30%"
"12/31/2007","994.50","1000.00","1009.90","985.10","471.36K","+0.80%"
"12/28/2007","986.60","992.00","1010.00","978.50","622.90K","-0.86%"
"12/27/2007","995.20","999.00","1014.80","992.25","485.17K","+0.21%"
"12/26/2007","993.10","994.70","1007.00","988.70","915.10K","+0.29%"
"12/24/2007","990.25","1000.00","1012.50","982.30","622.85K","-0.34%"
"12/20/2007","993.60","1005.00","1028.00","981.10","451.96K","-0.44%"
"12/19/2007","998.00","1037.80","1042.00","980.00","338.36K","-1.96%"
"12/18/2007","1018.00","1000.00","1042.70","1000.00","513.21K","+0.51%"
"12/17/2007","1012.80","1042.00","1044.00","1006.75","391.24K","-2.83%"
"12/14/2007","1042.35","1045.00","1048.95","1021.10","380.20K","+0.52%"
"12/13/2007","1037.00","1083.00","1089.80","1026.20","425.77K","-3.38%"
"12/12/2007","1073.30","1080.00","1098.00","1058.05","908.70K","-0.40%"
"12/11/2007","1077.60","1050.00","1085.00","1040.00","716.83K","+3.06%"
"12/10/2007","1045.65","1059.90","1059.90","1034.75","434.31K","+0.40%"
"12/07/2007","1041.45","1050.00","1056.00","1004.30","416.82K","+0.06%"
"12/06/2007","1040.80","1040.00","1064.80","1035.00","475.76K","+0.62%"
"12/05/2007","1034.40","1012.00","1044.00","1012.00","321.10K","+0.63%"
"12/04/2007","1027.95","1020.00","1035.00","973.45","249.54K","-0.47%"
"12/03/2007","1032.85","1030.00","1049.00","1021.50","275.46K","+1.84%"
"11/30/2007","1014.15","1000.00","1024.95","996.40","397.03K","+2.43%"
"11/29/2007","990.10","984.35","1008.80","975.05","544.16K","+2.34%"
"11/28/2007","967.50","945.50","974.80","945.05","337.46K","+3.21%"
"11/27/2007","937.45","951.70","954.00","930.25","577.46K","-1.50%"
"11/26/2007","951.70","950.10","974.00","948.00","852.96K","+0.45%"
"11/23/2007","947.45","970.00","986.00","938.05","398.65K","-1.84%"
"11/22/2007","965.25","954.25","986.00","940.00","336.48K","+1.15%"
"11/21/2007","954.25","1016.00","1016.00","945.00","610.78K","-5.24%"
"11/20/2007","1007.00","1048.00","1048.00","995.70","251.00K","-4.44%"
"11/19/2007","1053.80","1051.00","1065.40","1051.00","178.72K","+0.65%"
"11/16/2007","1046.95","1020.00","1059.90","1007.00","439.60K","+0.94%"
"11/15/2007","1037.15","1037.50","1065.50","1025.00","400.61K","-0.11%"
"11/14/2007","1038.25","1010.00","1046.00","1010.00","552.73K","+3.51%"
"11/13/2007","1003.05","997.95","1020.00","981.00","310.10K","+0.76%"
"11/12/2007","995.50","972.00","1001.00","957.05","248.56K","+0.55%"
"11/09/2007","990.05","1010.00","1010.40","980.00","48.71K","-0.45%"
"11/08/2007","994.50","990.00","1010.00","961.25","414.00K","-0.49%"
"11/07/2007","999.35","995.00","1011.90","960.00","635.22K","+2.81%"
"11/06/2007","972.00","1010.00","1023.80","962.80","703.92K","-2.28%"
"11/05/2007","994.65","1026.15","1036.50","970.30","756.24K","-2.60%"
"11/02/2007","1021.20","1000.00","1033.00","969.00","1.19M","+1.46%"
"11/01/2007","1006.55","1100.00","1100.00","997.05","1.16M","-6.27%"
"10/31/2007","1073.85","1090.00","1128.90","1045.00","1.65M","-1.25%"
"10/30/2007","1087.40","1189.85","1203.00","1080.00","2.02M","-8.61%"
"10/29/2007","1189.85","1194.40","1248.00","1175.55","1.03M","+0.65%"
"10/26/2007","1182.20","1140.10","1199.00","1130.00","469.88K","+1.55%"
"10/25/2007","1164.20","1110.00","1184.90","1090.00","1.28M","+4.09%"
"10/24/2007","1118.45","1112.00","1139.00","1088.00","653.91K","+1.41%"
"10/23/2007","1102.90","1061.00","1116.85","1061.00","741.07K","+4.03%"
"10/22/2007","1060.15","1059.90","1094.90","1025.00","1.13M","-1.53%"
"10/19/2007","1076.60","1160.00","1180.00","1048.00","826.78K","-5.51%"
"10/18/2007","1139.35","1175.00","1210.00","1125.00","1.08M","-2.95%"
"10/17/2007","1174.00","1075.55","1224.00","1075.55","1.41M","-0.90%"
"10/16/2007","1184.70","1161.00","1190.00","1123.10","1.10M","+2.07%"
"10/15/2007","1160.70","1095.00","1177.40","1095.00","1.23M","+5.83%"
"10/12/2007","1096.75","1119.90","1119.90","1084.00","921.23K","-2.02%"
"10/11/2007","1119.35","1107.00","1134.05","1084.25","1.25M","+1.66%"
"10/10/2007","1101.05","1105.00","1135.00","1076.00","1.69M","-0.36%"
"10/09/2007","1105.05","1023.80","1114.70","1010.00","1.83M","+7.78%"
"10/08/2007","1025.25","1051.00","1051.00","1001.05","1.13M","-0.93%"
"10/05/2007","1034.85","1045.00","1053.70","1020.00","1.13M","-0.71%"
"10/04/2007","1042.25","1020.00","1048.00","1011.00","1.63M","+2.26%"
"10/03/2007","1019.25","985.00","1034.70","960.25","1.75M","+2.94%"
"10/01/2007","990.15","1008.80","1010.00","978.75","1.10M","-0.86%"
"09/28/2007","998.75","980.25","1028.00","971.25","1.95M","+1.90%"
"09/27/2007","980.15","970.20","984.80","956.60","1.83M","+1.89%"
"09/26/2007","961.95","992.00","1000.00","955.00","1.12M","-2.95%"
"09/25/2007","991.15","980.00","1001.00","950.30","1.44M","+1.06%"
"09/24/2007","980.75","931.40","1001.20","931.40","2.27M","+5.30%"
"09/21/2007","931.40","909.00","935.50","909.00","979.63K","+2.33%"
"09/20/2007","910.15","930.00","930.00","907.20","623.47K","-1.48%"
"09/19/2007","923.85","889.00","934.00","889.00","1.67M","+5.53%"
"09/18/2007","875.40","876.00","884.00","868.00","563.91K","+0.05%"
"09/17/2007","874.95","865.00","880.90","863.20","645.18K","+0.95%"
"09/14/2007","866.75","895.00","904.80","863.50","744.01K","-2.80%"
"09/13/2007","891.70","803.55","894.00","803.55","861.76K","+3.74%"
"09/12/2007","859.55","869.80","869.80","854.60","214.25K","-0.19%"
"09/11/2007","861.15","879.00","881.80","856.00","408.31K","-1.54%"
"09/10/2007","874.60","837.00","880.90","837.00","355.97K","+0.15%"
"09/07/2007","873.30","884.90","887.90","870.00","502.10K","-0.83%"
"09/06/2007","880.65","839.70","883.00","839.70","496.61K","+0.79%"
"09/05/2007","873.75","893.50","900.00","868.10","667.30K","-2.19%"
"09/04/2007","893.30","889.95","898.80","870.00","1.01M","+1.32%"
"09/03/2007","881.65","876.70","901.00","875.30","992.40K","+1.61%"
"08/31/2007","867.70","825.00","872.90","825.00","1.24M","+3.70%"
"08/30/2007","836.75","845.00","849.75","831.00","1.01M","+0.38%"
"08/29/2007","833.55","820.00","838.00","810.30","586.96K","+0.13%"
"08/28/2007","832.50","834.00","838.00","815.30","288.65K","-0.11%"
"08/27/2007","833.45","804.00","848.00","802.25","603.24K","+5.49%"
"08/24/2007","790.05","789.00","802.90","766.10","922.18K","+1.82%"
"08/23/2007","775.95","795.00","804.05","760.15","829.54K","+1.33%"
"08/22/2007","765.80","765.00","789.00","749.00","450.40K","-0.22%"
"08/21/2007","767.50","790.00","791.00","761.00","278.62K","-2.07%"
"08/20/2007","783.75","800.00","815.90","780.20","597.45K","+0.65%"
"08/17/2007","778.65","793.80","793.80","715.00","1.12M","-1.87%"
"08/16/2007","793.45","829.95","829.95","780.00","475.59K","-3.65%"
"08/14/2007","823.55","843.00","843.00","817.15","379.82K","-1.10%"
"08/13/2007","832.70","815.00","836.90","813.05","299.83K","+2.86%"
"08/10/2007","809.55","810.00","816.00","795.50","579.13K","-2.09%"
"08/09/2007","826.85","844.00","869.00","817.00","818.00K","-1.17%"
"08/08/2007","836.60","832.00","841.00","825.10","589.16K","+1.42%"
"08/07/2007","824.85","847.00","847.00","821.00","563.43K","-0.01%"
"08/06/2007","824.90","845.00","847.00","819.50","801.44K","-3.03%"
"08/03/2007","850.65","834.00","856.00","828.80","850.18K","+2.20%"
"08/02/2007","832.30","825.20","851.00","821.00","478.69K","+1.35%"
"08/01/2007","821.20","831.10","835.00","806.10","699.40K","-2.76%"
"07/31/2007","844.55","848.00","854.95","820.00","675.19K","-0.15%"
"07/30/2007","845.85","860.00","860.00","806.50","774.05K","+1.88%"
"07/27/2007","830.25","835.00","845.00","808.00","1.26M","-1.09%"
"07/26/2007","839.40","812.00","857.35","810.00","3.22M","+3.64%"
"07/25/2007","809.90","819.55","826.80","808.00","449.11K","-1.18%"
"07/24/2007","819.55","831.00","837.80","815.25","271.11K","-1.26%"
"07/23/2007","830.05","821.00","839.30","815.10","435.11K","+0.38%"
"07/20/2007","826.90","834.40","845.00","821.00","420.61K","-0.02%"
"07/19/2007","827.05","824.00","830.40","812.35","519.60K","+0.78%"
"07/18/2007","820.65","824.90","826.00","808.20","155.87K","-0.51%"
"07/17/2007","824.85","829.85","841.10","818.00","406.54K","-0.34%"
"07/16/2007","827.65","833.00","843.50","820.30","705.31K","-0.44%"
"07/13/2007","831.30","830.00","839.00","824.00","680.88K","+0.36%"
"07/12/2007","828.35","806.30","830.75","804.00","719.37K","+2.73%"
"07/11/2007","806.30","810.00","814.80","795.20","233.13K","-0.92%"
"07/10/2007","813.75","795.70","819.00","786.15","370.65K","+2.27%"
"07/09/2007","795.70","802.00","805.00","790.00","205.18K","-0.16%"
"07/06/2007","797.00","760.30","808.90","760.30","255.77K","-1.00%"
"07/05/2007","805.05","792.05","810.10","792.00","735.53K","+1.72%"
"07/04/2007","791.40","790.00","799.00","776.25","387.12K","+1.01%"
"07/03/2007","783.50","777.00","785.00","772.00","658.34K","+1.67%"
"07/02/2007","770.60","745.00","786.60","745.00","1.03M","+3.55%"
"06/29/2007","744.15","758.00","758.00","740.10","921.22K","-0.61%"
"06/28/2007","748.70","748.00","758.90","738.95","581.07K","-0.35%"
"06/27/2007","751.30","760.00","760.00","746.10","270.30K","-0.79%"
"06/26/2007","757.30","749.00","759.90","747.15","187.25K","+0.53%"
"06/25/2007","753.30","769.00","769.00","751.00","193.27K","-1.06%"
"06/22/2007","761.35","753.10","763.75","750.00","229.03K","+0.30%"
"06/21/2007","759.05","771.00","772.00","756.00","378.13K","-1.15%"
"06/20/2007","767.90","751.45","772.40","751.45","339.01K","+2.19%"
"06/19/2007","751.45","742.05","753.90","735.50","250.61K","+1.16%"
"06/18/2007","742.85","741.00","749.90","738.15","250.70K","+0.37%"
"06/15/2007","740.10","734.90","747.00","729.25","691.51K","+1.50%"
"06/14/2007","729.15","729.00","733.00","724.70","434.68K","+1.10%"
"06/13/2007","721.20","721.00","734.00","715.05","902.65K","+0.22%"
"06/12/2007","719.65","735.00","739.90","717.00","559.38K","-1.87%"
"06/11/2007","733.35","740.10","748.80","728.10","561.20K","-0.57%"
"06/08/2007","737.55","751.55","758.00","731.00","846.44K","-3.08%"
"06/07/2007","760.95","774.00","784.00","740.30","407.13K","-2.02%"
"06/06/2007","776.60","823.75","823.75","772.65","349.17K","-2.90%"
"06/05/2007","799.80","839.80","839.80","796.00","624.28K","-0.84%"
"06/04/2007","806.55","876.00","876.00","804.00","303.32K","-0.58%"
"06/01/2007","811.25","820.00","829.95","808.15","483.88K","-0.72%"
"05/31/2007","817.10","808.00","820.00","805.00","585.38K","+1.55%"
"05/30/2007","804.60","825.00","826.00","802.00","290.27K","-1.87%"
"05/29/2007","819.95","826.50","833.00","815.10","342.54K","-0.73%"
"05/28/2007","825.95","819.40","831.70","812.00","482.54K","+1.93%"
"05/25/2007","810.30","805.00","819.50","795.00","205.96K","-0.01%"
"05/24/2007","810.40","805.55","818.00","805.55","178.31K","-0.59%"
"05/23/2007","815.20","840.00","840.00","811.25","303.63K","-1.85%"
"05/22/2007","830.60","823.00","844.00","796.00","757.25K","+1.17%"
"05/21/2007","821.00","810.10","825.00","800.25","406.62K","+1.35%"
"05/18/2007","810.10","815.00","825.00","799.00","328.88K","-0.82%"
"05/17/2007","816.80","803.00","820.00","803.00","345.83K","+1.78%"
"05/16/2007","802.55","807.00","810.00","792.20","321.38K","-0.50%"
"05/15/2007","806.55","801.10","808.90","791.00","248.63K","+0.35%"
"05/14/2007","803.70","820.00","820.00","800.10","211.56K","+1.03%"
"05/11/2007","795.50","795.00","806.50","751.25","543.75K","+0.08%"
"05/10/2007","794.90","848.70","848.70","790.10","597.80K","-0.92%"
"05/09/2007","802.30","801.00","814.45","791.10","904.91K","+0.19%"
"05/08/2007","800.75","811.00","814.90","782.50","490.36K","-0.52%"
"05/07/2007","804.95","820.00","824.00","801.10","391.28K","-0.31%"
"05/04/2007","807.45","821.00","822.00","803.00","221.44K","-0.85%"
"05/03/2007","814.35","817.50","824.60","811.00","369.32K","+1.02%"
"04/30/2007","806.10","798.50","808.75","783.00","422.75K","+1.28%"
"04/27/2007","795.90","794.20","810.00","789.25","924.95K","-0.20%"
"04/26/2007","797.50","840.00","840.00","785.55","1.70M","+0.82%"
"04/25/2007","791.00","800.00","815.00","783.00","1.36M","-0.63%"
"04/24/2007","796.00","770.00","810.00","762.00","2.36M","+3.79%"
"04/23/2007","766.90","798.70","798.70","764.00","543.38K","-1.50%"
"04/20/2007","778.60","778.10","791.80","772.00","594.58K","+0.87%"
"04/19/2007","771.90","764.00","780.00","746.00","406.23K","+1.00%"
"04/18/2007","764.25","765.00","774.35","761.25","438.85K","+0.28%"
"04/17/2007","762.10","781.15","784.50","760.15","452.48K","-2.04%"
"04/16/2007","778.00","777.10","786.00","775.10","442.88K","+0.78%"
"04/13/2007","771.95","760.00","777.00","755.00","564.29K","+1.71%"
"04/12/2007","758.95","770.00","778.00","750.55","582.22K","-2.94%"
"04/11/2007","781.95","790.00","790.00","777.35","416.52K","-0.53%"
"04/10/2007","786.15","790.00","801.00","785.00","568.65K","-0.42%"
"04/09/2007","789.45","754.00","795.90","754.00","637.12K","+4.44%"
"04/05/2007","755.90","746.00","763.90","741.00","607.16K","+1.33%"
"04/04/2007","745.95","765.00","768.00","743.55","639.32K","-1.39%"
"04/03/2007","756.45","745.00","765.80","745.00","798.11K","+0.96%"
"04/02/2007","749.25","795.00","795.00","741.35","1.76M","-8.65%"
"03/30/2007","820.20","812.00","830.00","790.00","893.38K","+0.95%"
"03/29/2007","812.45","828.50","828.50","794.10","1.33M","+1.98%"
"03/28/2007","796.65","775.25","829.70","775.25","609.22K","-3.05%"
"03/26/2007","821.70","837.15","843.90","815.15","991.77K","-2.25%"
"03/23/2007","840.65","833.00","849.00","818.00","1.25M","+1.12%"
"03/22/2007","831.30","790.50","838.50","790.50","1.35M","+5.01%"
"03/21/2007","791.65","796.00","797.00","785.00","1.46M","+0.25%"
"03/20/2007","789.65","792.00","801.25","782.00","2.15M","+0.10%"
"03/19/2007","788.85","786.00","794.90","762.20","953.06K","+1.12%"
"03/16/2007","780.10","798.00","804.10","770.10","596.14K","-2.02%"
"03/15/2007","796.15","804.10","815.00","791.00","991.16K","+0.56%"
"03/14/2007","791.75","791.00","809.90","768.00","1.17M","-1.22%"
"03/13/2007","801.55","800.00","808.25","791.35","746.59K","+0.56%"
"03/12/2007","797.10","789.80","806.90","788.00","685.01K","+1.26%"
"03/09/2007","787.20","792.00","815.00","781.00","985.05K","-0.65%"
"03/08/2007","792.35","787.00","798.00","757.15","1.02M","+2.26%"
"03/07/2007","774.85","797.00","802.00","755.05","765.26K","-2.13%"
"03/06/2007","791.75","790.00","817.00","785.00","1.13M","+2.44%"
"03/05/2007","772.90","825.00","825.00","762.00","988.48K","-7.23%"
"03/02/2007","833.10","844.00","853.00","827.50","640.14K","-0.93%"
"03/01/2007","840.90","848.00","870.40","825.00","1.24M","-0.10%"
"02/28/2007","841.70","850.00","875.00","825.50","1.08M","-5.11%"
"02/27/2007","887.05","877.00","894.00","866.00","450.10K","+1.00%"
"02/26/2007","878.30","870.00","900.00","846.25","875.10K","+1.71%"
"02/23/2007","863.50","888.00","897.00","850.00","881.15K","-1.88%"
"02/22/2007","880.00","915.00","915.00","865.10","835.80K","-2.02%"
"02/21/2007","898.15","895.00","910.25","885.50","442.43K","+0.60%"
"02/20/2007","892.75","919.00","919.00","889.00","599.08K","-2.33%"
"02/19/2007","914.05","900.00","923.00","880.10","591.78K","+2.44%"
"02/15/2007","892.25","872.00","896.00","866.00","621.60K","+4.11%"
"02/14/2007","857.05","945.00","945.00","841.10","984.47K","-3.80%"
"02/13/2007","890.90","912.00","924.00","880.50","620.66K","-2.31%"
"02/12/2007","912.00","938.20","948.60","907.55","433.14K","-3.15%"
"02/09/2007","941.70","963.00","963.00","938.10","400.53K","-2.17%"
"02/08/2007","962.55","951.95","966.00","942.10","602.13K","+1.15%"
"02/07/2007","951.60","953.20","959.90","943.50","213.36K","-0.09%"
"02/06/2007","952.50","965.10","972.85","936.00","550.28K","-1.12%"
"02/05/2007","963.25","945.00","965.00","935.15","669.84K","+1.97%"
"02/02/2007","944.60","943.80","950.00","940.00","445.28K","+0.46%"
"02/01/2007","940.25","939.90","954.00","920.00","602.36K","+1.66%"
"01/31/2007","924.90","939.00","941.50","920.00","609.54K","-1.28%"
"01/29/2007","936.85","949.80","949.80","927.25","444.48K","-1.18%"
"01/25/2007","948.05","939.00","956.00","927.30","1.19M","+1.49%"
"01/24/2007","934.15","921.10","936.40","914.15","1.03M","+1.65%"
"01/23/2007","918.95","940.00","941.85","910.10","957.46K","-2.11%"
"01/22/2007","938.80","915.00","944.00","893.65","2.39M","+2.90%"
"01/19/2007","912.30","922.00","924.00","905.00","643.20K","-0.69%"
"01/18/2007","918.65","908.00","925.00","902.00","587.95K","+1.09%"
"01/17/2007","908.75","930.00","930.00","906.00","363.57K","-0.21%"
"01/16/2007","910.65","913.00","913.00","902.70","544.72K","+0.44%"
"01/15/2007","906.70","922.00","930.00","903.50","911.13K","-1.70%"
"01/12/2007","922.35","914.70","925.00","914.00","538.03K","+1.83%"
"01/11/2007","905.80","888.00","909.85","882.00","401.99K","+2.87%"
"01/10/2007","880.50","890.00","898.80","872.20","550.93K","-0.67%"
"01/09/2007","886.45","905.00","906.00","880.00","821.39K","-1.28%"
"01/08/2007","897.95","934.90","939.55","895.00","1.10M","-3.96%"
"01/05/2007","934.95","969.65","970.00","930.00","1.05M","-3.35%"
"01/04/2007","967.35","974.55","977.50","961.00","434.69K","-0.74%"
"01/03/2007","974.55","976.50","984.90","970.00","759.73K","+0.61%"
"01/02/2007","968.60","939.00","972.00","936.10","557.12K","+4.24%"
"12/29/2006","929.20","926.00","934.80","925.00","322.40K","+0.63%"
"12/28/2006","923.40","929.00","933.90","920.00","424.44K","-0.51%"
"12/27/2006","928.15","932.00","939.75","923.20","464.27K","-0.26%"
"12/26/2006","930.60","929.00","936.00","924.90","373.04K","+0.55%"
"12/22/2006","925.55","936.00","939.90","918.10","763.07K","-0.05%"
"12/21/2006","926.05","913.00","965.00","906.00","963.57K","+0.37%"
"12/20/2006","922.65","915.00","936.90","895.00","701.15K","+1.41%"
"12/19/2006","909.80","920.00","934.00","900.00","776.51K","-1.37%"
"12/18/2006","922.40","913.00","924.50","880.10","592.46K","+1.82%"
"12/15/2006","905.90","917.00","917.00","901.50","324.12K","+0.23%"
"12/14/2006","903.80","900.00","910.80","890.00","502.95K","+2.15%"
"12/13/2006","884.75","885.30","904.00","860.00","887.31K","-0.06%"
"12/12/2006","885.30","912.00","924.80","860.00","703.90K","-2.32%"
"12/11/2006","906.30","935.95","939.90","890.00","423.97K","-2.81%"
"12/08/2006","932.55","953.00","953.00","930.10","229.47K","-1.40%"
"12/07/2006","945.75","943.80","954.00","941.00","265.60K","+0.48%"
"12/06/2006","941.25","954.00","961.00","935.05","352.81K","-0.91%"
"12/05/2006","949.85","965.00","971.00","947.00","337.94K","-1.23%"
"12/04/2006","961.65","954.00","973.75","954.00","504.72K","+1.02%"
"12/01/2006","951.95","930.40","956.50","928.50","1.05M","+2.79%"
"11/30/2006","926.15","925.00","937.00","920.00","589.46K","+0.48%"
"11/29/2006","921.75","917.30","932.75","917.30","674.15K","+1.00%"
"11/28/2006","912.60","905.00","922.00","876.00","553.55K","+0.28%"
"11/27/2006","910.05","912.20","919.95","906.00","387.12K","-0.21%"
"11/24/2006","911.95","906.00","916.90","900.00","473.95K","+0.67%"
"11/23/2006","905.90","900.00","910.00","895.55","576.75K","+1.02%"
"11/22/2006","896.75","890.00","899.00","885.50","366.36K","+1.32%"
"11/21/2006","885.05","882.10","897.00","872.00","545.87K","+1.68%"
"11/20/2006","870.40","887.00","887.00","865.10","542.27K","-2.11%"
"11/17/2006","889.15","898.00","898.95","882.10","795.67K","-0.48%"
"11/16/2006","893.40","908.00","913.80","889.80","883.14K","-1.31%"
"11/15/2006","905.30","904.00","917.90","898.65","988.79K","-0.25%"
"11/14/2006","907.60","920.00","920.90","903.00","464.17K","-1.07%"
"11/13/2006","917.45","910.00","920.80","908.00","564.78K","+1.11%"
"11/10/2006","907.35","913.00","918.20","900.00","1.10M","-0.48%"
"11/09/2006","911.70","942.30","948.80","897.65","2.35M","-2.72%"
"11/08/2006","937.15","945.00","948.00","931.05","821.12K","-0.72%"
"11/07/2006","943.90","955.00","963.70","940.00","838.44K","-1.14%"
"11/06/2006","954.80","975.00","977.00","944.50","938.10K","-2.05%"
"11/03/2006","974.75","985.00","988.00","963.10","717.51K","-0.78%"
"11/02/2006","982.40","964.70","988.90","964.70","972.61K","+2.17%"
"11/01/2006","961.55","968.00","978.60","956.20","819.50K","-0.67%"
"10/31/2006","968.00","961.00","973.50","952.70","709.20K","+0.77%"
"10/30/2006","960.60","963.00","977.00","952.95","834.11K","-0.62%"
"10/27/2006","966.60","955.70","968.80","955.10","539.57K","+1.74%"
"10/26/2006","950.10","950.00","955.70","943.10","784.61K","+0.35%"
"10/23/2006","946.75","945.00","960.00","936.60","989.55K","+1.00%"
"10/20/2006","937.40","951.00","954.00","933.00","436.54K","-0.54%"
"10/19/2006","942.45","954.00","954.00","933.00","389.09K","-0.74%"
"10/18/2006","949.45","963.00","967.20","940.30","843.26K","-1.14%"
"10/17/2006","960.35","960.10","967.90","945.00","896.68K","-0.06%"
"10/16/2006","960.95","960.25","965.80","953.50","404.18K","+0.29%"
"10/13/2006","958.20","965.00","968.00","954.10","488.31K","+0.03%"
"10/12/2006","957.90","940.00","960.50","933.10","552.38K","+2.46%"
"10/11/2006","934.90","960.00","962.00","930.00","455.13K","-1.88%"
"10/10/2006","952.85","945.90","960.00","945.00","705.23K","+1.33%"
"10/09/2006","940.30","940.00","950.00","911.25","488.36K","-0.29%"
"10/06/2006","943.00","952.95","958.90","940.10","515.73K","-0.47%"
"10/05/2006","947.50","955.00","967.45","945.55","1.02M","+0.05%"
"10/04/2006","947.00","974.80","985.00","944.00","1.12M","-2.25%"
"10/03/2006","968.80","982.10","990.70","965.65","1.01M","-1.27%"
"09/29/2006","981.30","945.00","987.80","944.00","1.41M","+4.03%"
"09/28/2006","943.25","964.00","964.00","936.00","803.25K","-2.13%"
"09/27/2006","963.75","954.40","966.50","949.00","1.26M","+1.84%"
"09/26/2006","946.35","934.00","947.80","920.55","1.06M","+2.19%"
"09/25/2006","926.10","935.00","942.90","920.00","685.13K","-1.15%"
"09/22/2006","936.90","945.00","945.00","928.00","756.63K","-0.88%"
"09/21/2006","945.25","925.35","949.20","925.35","1.06M","+1.84%"
"09/20/2006","928.15","924.40","932.00","910.00","1.14M","+1.31%"
"09/19/2006","916.15","942.50","954.45","908.10","811.39K","-2.78%"
"09/18/2006","942.30","954.45","955.70","938.10","467.02K","-0.78%"
"09/15/2006","949.75","948.00","955.85","941.50","908.30K","+0.07%"
"09/14/2006","949.05","956.10","963.00","946.70","986.75K","-0.74%"
"09/13/2006","956.10","927.00","966.80","927.00","2.50M","+3.64%"
"09/12/2006","922.50","921.10","931.70","902.50","1.49M","+0.56%"
"09/11/2006","917.35","948.00","948.00","911.10","1.91M","-2.49%"
"09/08/2006","940.80","919.90","951.25","916.10","2.03M","+3.05%"
"09/07/2006","912.95","890.00","915.00","885.00","1.31M","+2.29%"
"09/06/2006","892.50","896.45","904.95","886.00","839.30K","-0.21%"
"09/05/2006","894.35","811.00","905.00","811.00","624.74K","-0.95%"
"09/04/2006","902.90","880.00","904.90","879.05","1.17M","+3.21%"
"09/01/2006","874.85","860.05","878.00","853.50","1.50M","+1.57%"
"08/31/2006","861.35","865.00","867.00","852.05","923.91K","-0.11%"
"08/30/2006","862.30","855.20","867.50","855.00","1.22M","+0.83%"
"08/29/2006","855.20","835.00","857.90","835.00","1.28M","+2.87%"
"08/28/2006","831.35","837.90","842.75","828.55","570.24K","-0.25%"
"08/25/2006","833.40","834.40","839.40","825.00","573.17K","+0.33%"
"08/24/2006","830.65","822.00","834.00","817.15","763.27K","+0.56%"
"08/23/2006","826.00","836.40","838.80","822.00","737.35K","-1.27%"
"08/22/2006","836.65","849.00","869.00","830.60","963.15K","-0.55%"
"08/21/2006","841.30","840.65","844.00","834.00","826.65K","+0.08%"
"08/18/2006","840.65","815.00","845.00","815.00","1.51M","+2.55%"
"08/17/2006","819.75","815.00","828.00","810.55","1.25M","+0.59%"
"08/16/2006","814.95","807.00","820.00","807.00","792.32K","+1.58%"
"08/14/2006","802.25","800.00","809.00","797.40","772.47K","+0.77%"
"08/11/2006","796.10","793.50","812.00","793.50","988.32K","+0.33%"
"08/10/2006","793.50","790.00","804.95","759.90","794.58K","-0.45%"
"08/09/2006","797.05","785.00","806.00","775.00","1.17M","+1.50%"
"08/08/2006","785.30","768.05","787.00","764.00","487.46K","+2.23%"
"08/07/2006","768.20","780.00","784.20","765.10","575.42K","-1.97%"
"08/04/2006","783.65","786.00","797.50","779.10","519.90K","-0.87%"
"08/03/2006","790.55","780.00","801.85","780.00","1.20M","+1.27%"
"08/02/2006","780.65","783.50","790.00","773.25","1.26M","-0.37%"
"08/01/2006","783.55","785.00","787.70","770.00","847.47K","-0.55%"
"07/31/2006","787.85","784.45","793.50","770.50","726.01K","+2.47%"
"07/28/2006","768.85","785.45","791.60","757.25","1.21M","-1.52%"
"07/27/2006","780.75","769.50","795.00","769.50","2.39M","+2.19%"
"07/26/2006","764.05","745.00","769.50","735.00","866.88K","+2.83%"
"07/25/2006","743.05","729.00","745.00","729.00","840.11K","+2.75%"
"07/24/2006","723.15","701.10","729.00","691.00","1.13M","+1.67%"
"07/21/2006","711.25","740.00","740.00","705.00","884.55K","-3.47%"
"07/20/2006","736.80","730.00","754.60","730.00","1.31M","+1.80%"
"07/19/2006","723.80","755.15","763.95","719.95","1.28M","-3.37%"
"07/18/2006","749.05","758.00","765.00","736.00","957.93K","-0.82%"
"07/17/2006","755.25","790.00","795.00","752.55","826.81K","-5.00%"
"07/14/2006","795.00","799.40","799.40","782.50","997.34K","-1.60%"
"07/13/2006","807.90","819.00","819.00","796.35","1.60M","-1.46%"
"07/12/2006","819.90","783.00","831.20","768.10","1.60M","+4.09%"
"07/11/2006","787.70","805.00","805.00","783.00","926.55K","-2.30%"
"07/10/2006","806.25","779.00","810.00","766.00","1.06M","+3.22%"
"07/07/2006","781.10","806.85","817.90","775.00","1.21M","-2.81%"
"07/06/2006","803.70","805.00","806.85","793.25","1.13M","-0.73%"
"07/05/2006","809.65","787.00","815.00","770.00","1.09M","+2.95%"
"07/04/2006","786.45","714.95","807.00","714.95","940.20K","-0.93%"
"07/03/2006","793.80","802.00","815.00","788.50","1.09M","-0.36%"
"06/30/2006","796.70","748.75","802.00","746.25","1.64M","+8.59%"
"06/29/2006","733.65","734.40","748.75","725.40","947.47K","+1.44%"
"06/28/2006","723.25","719.00","734.40","705.55","1.06M","+0.27%"
"06/27/2006","721.30","745.00","745.00","713.10","1.38M","-1.96%"
"06/26/2006","735.75","775.00","777.00","727.00","762.54K","-4.83%"
"06/23/2006","773.10","769.85","777.00","757.00","1.02M","-0.44%"
"06/22/2006","776.50","762.30","787.85","762.30","890.19K","+2.54%"
"06/21/2006","757.25","745.00","762.30","730.00","838.12K","+0.57%"
"06/20/2006","752.95","735.00","765.90","732.25","1.20M","-0.38%"
"06/19/2006","755.85","764.80","764.80","716.25","1.17M","+3.90%"
"06/16/2006","727.50","724.00","770.00","685.25","1.85M","+1.67%"
"06/15/2006","715.55","699.70","724.00","687.25","1.52M","+5.11%"
"06/14/2006","680.75","720.00","780.00","668.10","2.31M","-3.07%"
"06/13/2006","702.30","742.20","742.20","693.10","1.34M","-6.44%"
"06/12/2006","750.65","770.00","789.50","742.20","1.59M","-2.52%"
"06/09/2006","770.05","708.00","778.00","708.00","1.04M","+7.23%"
"06/08/2006","718.10","709.00","734.00","675.00","1.67M","+0.36%"
"06/07/2006","715.50","730.00","749.85","700.00","1.41M","-2.11%"
"06/06/2006","730.90","710.00","751.50","706.00","2.30M","-0.70%"
"06/05/2006","736.05","790.00","790.00","731.35","1.94M","-4.37%"
"06/02/2006","769.70","690.00","819.40","690.00","3.80M","+12.60%"
"06/01/2006","683.60","739.40","756.00","671.15","3.01M","-6.99%"
"05/31/2006","735.00","755.25","755.25","706.65","1.17M","-4.40%"
"05/30/2006","768.85","795.00","803.90","755.25","601.59K","-2.84%"
"05/29/2006","791.30","811.00","811.70","787.60","550.83K","-0.05%"
"05/26/2006","791.70","798.00","811.00","780.00","1.11M","-0.16%"
"05/25/2006","792.95","756.85","815.00","715.25","1.26M","+3.97%"
"05/24/2006","762.70","812.00","814.45","750.10","859.55K","-5.34%"
"05/23/2006","805.70","716.60","820.00","660.00","881.67K","+7.63%"
"05/22/2006","748.60","802.90","805.00","655.00","876.82K","-4.46%"
"05/19/2006","783.55","830.00","854.40","769.45","1.48M","-4.50%"
"05/18/2006","820.50","912.50","912.95","790.10","1.11M","-10.09%"
"05/17/2006","912.55","894.80","915.90","881.00","1.68M","+3.43%"
"05/16/2006","882.30","880.00","895.00","861.00","1.46M","-0.39%"
"05/15/2006","885.75","932.00","939.45","870.00","854.22K","-5.04%"
"05/12/2006","932.80","930.40","948.00","920.25","652.09K","-0.47%"
"05/11/2006","937.20","951.00","954.70","930.40","467.41K","-1.65%"
"05/10/2006","952.95","970.00","972.50","945.15","479.46K","-1.33%"
"05/09/2006","965.80","941.00","974.95","927.25","1.16M","+2.79%"
"05/08/2006","939.55","948.00","951.90","936.75","322.65K","-0.12%"
"05/05/2006","940.70","958.00","959.80","935.15","684.79K","-1.77%"
"05/04/2006","957.65","959.00","967.05","946.00","805.19K","-0.60%"
"05/03/2006","963.45","942.50","967.85","935.00","1.45M","+2.26%"
"05/02/2006","942.20","929.00","954.00","928.00","1.12M","+2.42%"
"04/28/2006","919.95","860.00","924.90","852.00","1.68M","+2.33%"
"04/27/2006","899.00","928.90","942.00","892.00","2.87M","-2.65%"
"04/26/2006","923.50","884.80","928.90","874.00","2.71M","+6.35%"
"04/25/2006","868.35","902.00","902.00","860.25","728.66K","-3.36%"
"04/24/2006","898.50","908.00","910.00","895.15","1.07M","-0.61%"
"04/21/2006","904.05","883.00","915.75","882.90","2.71M","+2.43%"
"04/20/2006","882.60","878.90","890.00","867.00","914.77K","+0.93%"
"04/19/2006","874.45","885.90","894.40","866.10","1.24M","-0.79%"
"04/18/2006","881.40","876.00","903.30","876.00","1.95M","-0.05%"
"04/17/2006","881.80","882.05","886.70","870.15","749.34K","+1.34%"
"04/13/2006","870.10","841.85","882.10","810.50","3.89M","+3.36%"
"04/12/2006","841.85","888.00","888.00","830.40","1.30M","-4.83%"
"04/10/2006","884.60","907.00","907.00","868.15","1.06M","-1.08%"
"04/07/2006","894.30","920.00","922.90","877.00","1.94M","-2.43%"
"04/05/2006","916.60","916.00","921.80","904.00","885.15K","+0.44%"
"04/04/2006","912.55","912.00","924.30","907.30","1.89M","+0.25%"
"04/03/2006","910.30","880.00","913.95","878.00","2.45M","+4.12%"
"03/31/2006","874.30","864.80","882.00","856.00","1.74M","+2.11%"
"03/30/2006","856.20","859.00","865.90","838.30","3.59M","-0.05%"
"03/29/2006","856.60","852.20","862.80","852.00","979.61K","+0.67%"
"03/28/2006","850.90","840.00","863.00","838.10","3.28M","+1.47%"
"03/27/2006","838.55","841.00","846.95","835.00","1.42M","+0.05%"
"03/24/2006","838.15","835.00","849.00","833.00","1.68M","+0.08%"
"03/23/2006","837.45","848.00","858.00","832.10","2.47M","-1.09%"
"03/22/2006","846.70","873.00","873.90","842.30","2.51M","-2.81%"
"03/21/2006","871.20","884.00","887.50","868.00","1.48M","-1.11%"
"03/20/2006","881.00","884.95","889.00","877.10","1.07M","+0.49%"
"03/17/2006","876.70","884.95","895.90","873.05","3.58M","-0.44%"
"03/16/2006","880.55","869.95","884.00","869.95","1.50M","+1.64%"
"03/14/2006","866.30","877.60","886.50","863.00","2.04M","-1.24%"
"03/13/2006","877.20","886.90","891.60","870.10","1.84M","-0.17%"
"03/10/2006","878.70","871.00","885.00","864.20","2.82M","+1.33%"
"03/09/2006","867.15","891.00","892.80","848.20","3.90M","-1.77%"
"03/08/2006","882.80","921.00","942.70","736.00","3.24M","-3.92%"
"03/07/2006","918.80","922.00","926.90","907.00","1.47M","-0.08%"
"03/06/2006","919.55","930.00","933.65","916.25","1.78M","-1.25%"
"03/03/2006","931.20","905.00","939.70","900.00","5.52M","+2.81%"
"03/02/2006","905.75","914.90","936.85","889.00","6.10M","+1.94%"
"03/01/2006","888.55","827.90","919.00","825.00","4.86M","+8.02%"
"02/28/2006","822.60","815.00","834.25","792.00","5.46M","+4.21%"
"02/27/2006","789.35","781.50","802.80","781.50","1.58M","+1.41%"
"02/24/2006","778.35","784.05","789.00","774.55","928.20K","-0.68%"
"02/23/2006","783.65","791.90","797.50","781.60","918.78K","-0.38%"
"02/22/2006","786.60","794.50","794.50","782.10","961.10K","-0.23%"
"02/21/2006","788.40","789.00","800.00","781.20","1.97M","+0.17%"
"02/20/2006","787.05","764.80","789.45","753.05","2.05M","+3.44%"
"02/17/2006","760.90","765.00","779.95","754.45","3.07M","-0.38%"
"02/16/2006","763.80","756.50","775.80","752.95","2.59M","+1.43%"
"02/15/2006","753.00","765.00","779.70","748.00","1.29M","-2.29%"
"02/14/2006","770.65","781.40","787.40","764.00","1.26M","-1.19%"
"02/13/2006","779.90","767.00","781.70","759.05","933.70K","+1.67%"
"02/10/2006","767.10","765.00","775.00","761.10","645.86K","+0.16%"
"02/08/2006","765.85","756.00","773.80","750.00","2.10M","+1.37%"
"02/07/2006","755.50","741.00","757.70","738.80","1.82M","+2.32%"
"02/06/2006","738.35","729.25","744.00","724.05","1.18M","+1.11%"
"02/03/2006","730.25","730.00","742.00","724.00","942.25K","+0.16%"
"02/02/2006","729.05","747.50","748.00","725.35","1.01M","-1.84%"
"02/01/2006","742.75","757.00","764.05","738.25","941.85K","-2.08%"
"01/31/2006","758.55","748.00","769.00","747.50","908.62K","+1.48%"
"01/30/2006","747.50","770.00","770.00","744.30","940.83K","-1.77%"
"01/27/2006","761.00","737.80","769.00","730.00","1.73M","+2.80%"
"01/25/2006","740.25","745.00","753.50","725.55","1.35M","-0.33%"
"01/24/2006","742.70","716.00","746.95","716.00","2.73M","+4.66%"
"01/23/2006","709.65","708.00","715.65","690.00","1.71M","+0.47%"
"01/20/2006","706.30","669.75","712.00","645.00","3.12M","+6.89%"
"01/19/2006","660.80","652.00","663.00","650.00","534.25K","+2.36%"
"01/18/2006","645.55","650.25","658.40","637.00","734.44K","-0.83%"
"01/17/2006","650.95","661.00","665.00","649.05","563.82K","-1.18%"
"01/16/2006","658.70","651.20","664.15","650.05","532.85K","+0.31%"
"01/13/2006","656.65","669.00","669.00","655.10","949.71K","-0.89%"
"01/12/2006","662.55","653.00","672.00","642.25","2.64M","+1.45%"
"01/10/2006","653.05","661.90","667.00","648.00","925.45K","-1.25%"
"01/09/2006","661.30","650.00","674.00","650.00","598.36K","-1.39%"
"01/06/2006","670.65","670.00","676.80","657.25","1.38M","-0.02%"
"01/05/2006","670.80","665.95","678.45","661.00","1.59M","+1.28%"
"01/04/2006","662.35","669.90","674.50","631.55","523.05K","-0.44%"
"01/03/2006","665.25","649.50","667.90","645.55","1.11M","+3.12%"
"01/02/2006","645.10","635.05","649.50","633.30","811.35K","+1.46%"
"12/30/2005","635.80","628.40","639.00","628.40","714.98K","+1.44%"
"12/29/2005","626.80","629.00","632.50","622.00","1.07M","-0.29%"
"12/28/2005","628.65","632.00","645.45","626.00","1.09M","-0.42%"
"12/27/2005","631.30","615.00","633.50","606.60","758.42K","+2.78%"
"12/26/2005","614.25","629.00","629.90","612.35","572.75K","-1.96%"
"12/23/2005","626.50","644.90","648.85","624.05","857.47K","-2.19%"
"12/22/2005","640.55","654.85","654.85","637.15","935.61K","-1.08%"
"12/21/2005","647.55","651.00","658.00","642.00","1.32M","-0.35%"
"12/20/2005","649.80","662.50","667.00","648.10","867.96K","-1.95%"
"12/19/2005","662.75","659.80","674.70","659.80","848.69K","+0.72%"
"12/16/2005","658.00","653.85","659.80","648.00","922.68K","+1.72%"
"12/15/2005","646.85","655.00","666.40","642.25","1.13M","-1.84%"
"12/14/2005","659.00","665.90","686.95","653.35","3.01M","-0.40%"
"12/13/2005","661.65","641.00","666.95","641.00","1.14M","+2.14%"
"12/12/2005","647.80","646.00","654.80","642.00","1.04M","+0.28%"
"12/09/2005","646.00","626.00","650.00","625.30","1.43M","+3.44%"
"12/08/2005","624.50","619.85","632.00","617.15","1.34M","+0.88%"
"12/07/2005","619.05","622.00","627.75","616.60","666.92K","-0.01%"
"12/06/2005","619.10","621.00","630.00","609.40","908.41K","-0.03%"
"12/05/2005","619.30","619.40","628.40","613.55","1.26M","+0.28%"
"12/02/2005","617.60","625.00","627.90","613.00","1.19M","-0.84%"
"12/01/2005","622.85","615.00","625.90","605.40","1.91M","+1.54%"
"11/30/2005","613.40","623.00","628.50","610.05","2.08M","-0.68%"
"11/29/2005","617.60","630.00","632.35","615.05","1.06M","-2.33%"
"11/28/2005","632.35","621.90","634.20","619.05","1.69M","+2.07%"
"11/25/2005","619.50","602.00","621.45","601.30","2.22M","+3.34%"
"11/24/2005","599.50","598.00","609.85","597.05","2.46M","+0.23%"
"11/23/2005","598.15","585.00","602.80","578.00","2.29M","+3.29%"
"11/22/2005","579.10","591.25","594.50","576.30","2.03M","-2.77%"
"11/21/2005","595.60","608.00","611.75","591.25","1.91M","-2.19%"
"11/18/2005","608.95","589.00","612.95","589.00","2.57M","+3.42%"
"11/17/2005","588.80","581.00","592.00","579.90","1.02M","+1.19%"
"11/16/2005","581.90","575.35","584.75","571.00","904.74K","+1.34%"
"11/14/2005","574.20","585.00","591.20","567.25","1.33M","-1.16%"
"11/11/2005","580.95","580.00","586.00","575.15","1.19M","+0.27%"
"11/10/2005","579.40","578.00","581.95","569.30","688.97K","+0.70%"
"11/09/2005","575.40","576.00","583.45","567.85","1.10M","+0.51%"
"11/08/2005","572.50","561.00","577.30","556.55","1.20M","+2.99%"
"11/07/2005","555.90","545.00","564.50","541.05","1.52M","+2.53%"
"11/02/2005","542.20","544.00","548.00","535.10","948.01K","-1.29%"
"11/01/2005","549.30","554.00","558.85","499.80","210.73K","+0.02%"
"10/31/2005","549.20","519.00","556.40","515.45","982.50K","+6.87%"
"10/28/2005","513.90","532.50","537.95","503.10","2.40M","-3.51%"
"10/27/2005","532.60","553.80","553.80","528.10","1.20M","-3.17%"
"10/26/2005","550.05","562.00","565.00","547.15","794.07K","-1.53%"
"10/25/2005","558.60","572.00","576.25","547.90","1.98M","-2.34%"
"10/24/2005","572.00","556.25","581.00","556.25","1.75M","+2.31%"
"10/21/2005","559.10","539.00","563.00","531.45","824.43K","+4.21%"
"10/20/2005","536.50","544.50","551.00","526.20","782.32K","-0.38%"
"10/19/2005","538.55","549.00","549.00","533.15","825.00K","-2.38%"
"10/18/2005","551.70","540.00","557.25","539.00","1.12M","+1.33%"
"10/17/2005","544.45","536.00","547.05","525.75","1.59M","+1.99%"
"10/14/2005","533.85","557.80","557.80","530.60","1.70M","-4.29%"
"10/13/2005","557.80","574.00","575.00","555.00","954.97K","-2.65%"
"10/11/2005","573.00","561.00","575.00","550.00","1.07M","+2.37%"
"10/10/2005","559.75","577.10","577.10","556.50","1.21M","-2.15%"
"10/07/2005","572.05","575.00","578.60","559.10","1.34M","-0.24%"
"10/06/2005","573.40","583.00","583.00","561.25","777.75K","-2.28%"
"10/05/2005","586.80","590.00","594.50","581.00","1.25M","-0.48%"
"10/04/2005","589.65","580.00","600.70","579.00","2.22M","+1.98%"
"10/03/2005","578.20","566.00","586.90","560.15","1.54M","+3.29%"
"09/30/2005","559.80","560.50","566.85","525.55","919.60K","-0.96%"
"09/29/2005","565.20","565.50","576.90","558.60","2.05M","+0.17%"
"09/28/2005","564.25","565.00","571.70","561.15","1.06M","+0.74%"
"09/27/2005","560.10","573.90","580.45","556.10","1.25M","-1.90%"
"09/26/2005","570.95","560.00","575.00","554.00","1.00M","+3.73%"
"09/23/2005","550.40","545.00","567.00","543.00","1.60M","+1.24%"
"09/22/2005","543.65","555.00","565.70","537.00","1.68M","-2.38%"
"09/21/2005","556.90","570.00","570.00","539.00","1.90M","-2.35%"
"09/20/2005","570.30","591.00","591.00","568.00","1.54M","-3.27%"
"09/19/2005","589.55","570.00","598.45","560.00","2.94M","+4.90%"
"09/16/2005","562.00","544.80","584.00","541.00","1.73M","+3.73%"
"09/15/2005","541.80","532.80","545.00","529.40","1.73M","+3.01%"
"09/14/2005","525.95","520.80","534.85","515.50","1.62M","+0.99%"
"09/13/2005","520.80","510.95","525.90","510.30","813.14K","+2.03%"
"09/12/2005","510.45","518.00","518.00","507.90","480.19K","-0.14%"
"09/09/2005","511.15","500.00","515.00","497.10","1.20M","+1.77%"
"09/08/2005","502.25","503.00","508.80","500.00","549.63K","-0.12%"
"09/06/2005","502.85","508.00","508.00","495.15","884.18K","-0.42%"
"09/05/2005","504.95","511.00","518.00","502.40","906.90K","-1.31%"
"09/02/2005","511.65","493.00","522.00","493.00","4.47M","+5.47%"
"09/01/2005","485.10","475.50","489.00","475.00","781.98K","+3.18%"
"08/31/2005","470.15","474.85","475.00","467.00","292.37K","-0.52%"
"08/30/2005","472.60","471.00","474.85","466.20","273.71K","+1.47%"
"08/29/2005","465.75","474.90","475.00","460.00","479.81K","-1.90%"
"08/26/2005","474.75","463.00","478.00","463.00","962.23K","+2.93%"
"08/25/2005","461.25","489.00","489.00","455.90","876.96K","-1.36%"
"08/24/2005","467.60","471.00","471.00","462.20","565.61K","-0.37%"
"08/23/2005","469.35","476.60","478.95","465.55","573.09K","-1.80%"
"08/22/2005","477.95","485.00","485.00","475.05","462.09K","-0.45%"
"08/19/2005","480.10","475.00","484.00","472.00","574.51K","+1.16%"
"08/18/2005","474.60","477.10","488.00","472.00","521.62K","-0.28%"
"08/17/2005","475.95","468.00","477.10","466.60","694.73K","+0.68%"
"08/16/2005","472.75","478.00","484.80","470.05","562.63K","-0.73%"
"08/12/2005","476.25","483.45","487.00","475.05","903.83K","-1.48%"
"08/11/2005","483.40","482.00","490.45","480.00","958.23K","+0.84%"
"08/10/2005","479.35","490.00","490.00","473.65","944.78K","-1.33%"
"08/09/2005","485.80","498.00","498.00","483.10","1.29M","-2.07%"
"08/08/2005","496.05","500.00","504.75","490.60","1.61M","-1.15%"
"08/05/2005","501.80","501.20","512.40","496.50","2.25M","+0.23%"
"08/04/2005","500.65","500.30","504.95","496.00","1.04M","+0.04%"
"08/03/2005","500.45","500.00","508.50","491.80","2.02M","+0.46%"
"08/02/2005","498.15","495.00","504.00","491.00","1.58M","+1.25%"
"08/01/2005","492.00","480.00","495.50","477.00","1.77M","+1.93%"
"07/29/2005","482.70","471.00","489.00","436.95","1.24M","+0.12%"
"07/27/2005","482.10","467.00","486.40","467.00","1.32M","+2.76%"
"07/26/2005","469.15","468.00","472.00","460.00","1.25M","+0.84%"
"07/25/2005","465.25","464.90","476.00","462.00","2.19M","+0.44%"
"07/22/2005","463.20","463.90","469.00","457.65","986.39K","-0.29%"
"07/21/2005","464.55","461.00","467.00","454.50","616.42K","+0.96%"
"07/20/2005","460.15","459.90","464.50","456.00","549.45K","+0.44%"
"07/19/2005","458.15","453.40","459.90","452.25","543.95K","+1.18%"
"07/18/2005","452.80","455.00","458.95","451.00","506.15K","-0.29%"
"07/15/2005","454.10","450.20","455.00","448.20","505.88K","+0.99%"
"07/14/2005","449.65","450.60","455.00","448.00","643.58K","-0.19%"
"07/13/2005","450.50","457.90","462.90","449.10","880.30K","-1.34%"
"07/12/2005","456.60","448.35","461.25","448.05","1.41M","+2.11%"
"07/11/2005","447.15","452.00","453.40","446.00","837.63K","-0.23%"
"07/08/2005","448.20","449.90","457.90","443.25","933.95K","-0.04%"
"07/07/2005","448.40","460.00","461.90","446.30","908.87K","-2.54%"
"07/06/2005","460.10","464.90","466.00","457.20","835.00K","-0.57%"
"07/05/2005","462.75","464.00","468.90","457.80","1.22M","-0.09%"
"07/04/2005","463.15","473.05","473.05","457.85","1.06M","-1.78%"
"07/01/2005","471.55","463.00","479.00","460.00","788.44K","+1.48%"
"06/30/2005","464.65","463.10","471.70","459.25","1.18M","+0.77%"
"06/29/2005","461.10","471.00","473.90","457.15","965.21K","-2.48%"
"06/28/2005","472.85","476.00","477.70","468.00","1.34M","-0.96%"
"06/27/2005","477.45","471.00","484.40","466.50","2.22M","+1.20%"
"06/24/2005","471.80","458.00","474.40","456.20","1.81M","+1.40%"
"06/23/2005","465.30","467.65","471.70","461.10","990.95K","-0.10%"
"06/22/2005","465.75","455.00","468.00","453.10","1.83M","+2.61%"
"06/21/2005","453.90","438.00","455.95","438.00","1.43M","+2.63%"
"06/20/2005","442.25","443.35","447.00","436.70","1.02M","-0.24%"
"06/17/2005","443.30","440.00","444.50","435.00","782.87K","+0.85%"
"06/16/2005","439.55","439.10","442.00","434.65","1.39M","+0.50%"
"06/15/2005","437.35","438.00","441.75","431.60","1.52M","+0.42%"
"06/14/2005","435.50","445.20","447.75","431.55","1.20M","-2.18%"
"06/13/2005","445.20","450.00","451.90","441.50","1.13M","-0.92%"
"06/10/2005","449.35","463.00","463.00","447.00","902.42K","-2.17%"
"06/09/2005","459.30","465.00","467.00","457.15","809.27K","-1.03%"
"06/08/2005","464.10","458.00","465.40","456.00","944.76K","+1.43%"
"06/07/2005","457.55","455.50","459.80","453.05","538.60K","+0.51%"
"06/06/2005","455.25","452.00","461.80","451.00","618.40K","+0.24%"
"06/03/2005","454.15","450.10","455.95","445.10","854.25K","+0.69%"
"06/02/2005","451.05","459.00","462.00","450.00","1.16M","-2.04%"
"06/01/2005","460.45","466.00","470.40","458.25","1.56M","-1.07%"
"05/31/2005","465.45","462.20","467.50","462.20","1.05M","-0.28%"
"05/30/2005","466.75","463.00","468.70","458.50","1.82M","+0.08%"
"05/27/2005","466.40","464.00","468.50","461.50","1.62M","+0.83%"
"05/26/2005","462.55","460.00","464.65","454.15","2.02M","+0.48%"
"05/25/2005","460.35","464.35","465.00","458.25","2.53M","+0.50%"
"05/24/2005","458.05","459.00","459.90","452.25","1.57M","+0.93%"
"05/23/2005","453.85","440.25","461.35","440.25","2.18M","+1.94%"
"05/20/2005","445.20","445.00","449.55","438.05","1.20M","-0.21%"
"05/19/2005","446.15","449.00","454.00","442.30","1.31M","-0.37%"
"05/18/2005","447.80","438.50","451.90","438.30","2.28M","+0.40%"
"05/17/2005","446.00","455.00","456.75","440.15","1.84M","-1.74%"
"05/16/2005","453.90","437.00","456.00","436.00","2.60M","+4.42%"
"05/13/2005","434.70","440.00","440.00","432.95","1.50M","-0.80%"
"05/12/2005","438.20","435.00","442.80","435.00","1.47M","+1.17%"
"05/11/2005","433.15","430.25","438.30","430.25","1.61M","-0.96%"
"05/10/2005","437.35","440.00","440.50","434.15","1.78M","-0.56%"
"05/09/2005","439.80","436.40","463.00","436.30","2.51M","+1.65%"
"05/06/2005","432.65","418.40","436.90","412.00","6.04M","+4.10%"
"05/05/2005","415.60","418.00","421.85","413.55","1.33M","+0.46%"
"05/04/2005","413.70","411.20","415.00","406.60","1.63M","+0.74%"
"05/03/2005","410.65","405.90","412.50","400.60","2.13M","+1.84%"
"05/02/2005","403.25","409.00","414.90","393.00","2.91M","-0.78%"
"04/29/2005","406.40","416.00","418.00","403.50","1.60M","-2.03%"
"04/28/2005","414.80","420.00","426.45","412.60","2.39M","-0.87%"
"04/27/2005","418.45","428.25","430.95","416.50","1.59M","-2.87%"
"04/26/2005","430.80","439.00","443.90","429.10","2.19M","-2.25%"
"04/25/2005","440.70","440.00","442.50","432.00","2.11M","+0.31%"
"04/22/2005","439.35","435.00","441.80","427.65","2.52M","+1.50%"
"04/21/2005","432.85","433.00","434.95","418.00","1.97M","+1.37%"
"04/20/2005","427.00","416.10","429.40","414.50","1.56M","+2.89%"
"04/19/2005","415.00","415.00","423.40","413.80","2.27M","+0.69%"
"04/18/2005","412.15","403.00","415.00","396.30","2.21M","+1.84%"
"04/15/2005","404.70","413.00","413.00","401.65","1.24M","-1.69%"
"04/13/2005","411.65","409.80","414.00","407.00","2.10M","+0.98%"
"04/12/2005","407.65","403.95","409.80","399.00","1.75M","+1.36%"
"04/11/2005","402.20","414.90","415.40","400.15","2.04M","-2.26%"
"04/08/2005","411.50","414.00","415.00","407.10","1.80M","+0.26%"
"04/07/2005","410.45","405.05","416.90","405.05","1.79M","+0.72%"
"04/06/2005","407.50","406.00","411.85","398.20","3.49M","+1.09%"
"04/05/2005","403.10","420.75","423.00","401.15","2.07M","-4.04%"
"04/04/2005","420.05","431.00","432.00","415.00","1.60M","-2.43%"
"04/01/2005","430.50","426.90","432.80","418.00","1.55M","+2.18%"
"03/31/2005","421.30","421.50","431.20","417.00","1.56M","+0.56%"
"03/30/2005","418.95","418.00","420.90","408.00","1.88M","+1.72%"
"03/29/2005","411.85","421.70","421.70","408.25","1.62M","-2.22%"
"03/28/2005","421.20","412.00","430.85","412.00","2.48M","+2.30%"
"03/24/2005","411.75","414.00","418.35","405.00","3.18M","+0.00%"
"03/23/2005","411.75","421.00","425.80","408.05","3.73M","-2.15%"
"03/22/2005","420.80","430.00","434.60","419.50","2.30M","-1.90%"
"03/21/2005","428.95","451.00","451.00","426.30","2.45M","-4.25%"
"03/18/2005","448.00","437.00","450.75","423.20","3.33M","+2.41%"
"03/17/2005","437.45","449.00","449.00","433.05","1.50M","-2.76%"
"03/16/2005","449.85","451.00","455.80","447.50","977.39K","+0.09%"
"03/15/2005","449.45","454.05","456.40","447.15","1.25M","-0.96%"
"03/14/2005","453.80","457.65","462.70","451.60","1.65M","-0.84%"
"03/11/2005","457.65","463.15","468.90","454.90","1.28M","-0.86%"
"03/10/2005","461.60","460.00","465.20","457.15","1.58M","+0.36%"
"03/09/2005","459.95","467.90","468.90","457.15","1.61M","-1.13%"
"03/08/2005","465.20","467.00","473.00","463.15","1.53M","-0.85%"
"03/07/2005","469.20","484.00","485.00","464.60","2.31M","-2.98%"
"03/04/2005","483.60","475.20","485.50","473.55","1.73M","+2.06%"
"03/03/2005","473.85","463.00","475.20","463.00","1.90M","+2.54%"
"03/02/2005","462.10","468.00","468.80","454.10","2.50M","-0.30%"
"03/01/2005","463.50","476.00","477.40","459.45","2.01M","-2.03%"
"02/28/2005","473.10","477.70","483.00","458.60","3.52M","-0.26%"
"02/25/2005","474.35","476.00","479.35","471.30","1.82M","+0.30%"
"02/24/2005","472.95","471.00","476.00","468.00","1.36M","+0.35%"
"02/23/2005","471.30","475.00","476.00","468.10","1.76M","-0.52%"
"02/22/2005","473.75","465.70","475.00","463.00","1.58M","+1.70%"
"02/21/2005","465.85","467.70","472.60","462.50","2.41M","+0.59%"
"02/18/2005","463.10","473.00","477.90","458.35","2.56M","-2.23%"
"02/17/2005","473.65","474.40","475.50","467.05","2.34M","+0.39%"
"02/16/2005","471.80","491.20","493.00","468.10","2.37M","-3.72%"
"02/15/2005","490.05","492.00","494.95","487.35","2.24M","-0.20%"
"02/14/2005","491.05","507.50","507.50","486.55","2.87M","-1.87%"
"02/11/2005","500.40","481.20","502.50","480.00","3.75M","+4.00%"
"02/10/2005","481.15","490.00","492.00","478.15","2.42M","-1.38%"
"02/09/2005","487.90","466.50","489.75","463.00","5.19M","+4.80%"
"02/08/2005","465.55","461.00","470.30","453.60","2.74M","+1.39%"
"02/07/2005","459.15","464.00","467.50","455.00","1.15M","-0.84%"
"02/04/2005","463.05","462.65","465.70","452.15","2.08M","+0.61%"
"02/03/2005","460.25","450.10","462.00","450.10","1.70M","+2.24%"
"02/02/2005","450.15","445.00","454.50","445.00","1.88M","+0.13%"
"02/01/2005","449.55","457.00","457.00","442.10","2.63M","-0.93%"
"01/31/2005","453.75","452.00","455.50","448.55","1.94M","+1.13%"
"01/28/2005","448.70","438.60","450.40","430.00","3.13M","+2.45%"
"01/27/2005","437.95","424.00","439.90","423.15","5.01M","+3.85%"
"01/25/2005","421.70","408.00","423.00","407.10","3.04M","+2.77%"
"01/24/2005","410.35","396.00","412.00","395.00","4.57M","+3.95%"
"01/20/2005","394.75","406.00","406.00","389.15","3.32M","-3.28%"
"01/19/2005","408.15","419.30","422.10","405.15","1.72M","-2.48%"
"01/18/2005","418.55","423.00","427.70","415.65","2.55M","-0.50%"
"01/17/2005","420.65","428.00","428.00","414.70","1.72M","+0.21%"
"01/14/2005","419.75","439.90","439.90","417.00","2.96M","-4.01%"
"01/13/2005","437.30","417.50","443.80","417.50","3.12M","+5.94%"
"01/12/2005","412.80","430.90","435.50","408.00","2.28M","-3.40%"
"01/11/2005","427.35","424.00","434.70","422.05","2.09M","+0.83%"
"01/10/2005","423.85","444.00","444.00","420.50","1.55M","-3.81%"
"01/07/2005","440.65","440.00","443.80","436.00","1.22M","+0.94%"
"01/06/2005","436.55","451.00","454.00","432.00","2.40M","-2.26%"
"01/05/2005","446.65","465.00","480.00","430.00","2.39M","-3.71%"
"01/04/2005","463.85","472.90","474.00","462.00","2.31M","-1.38%"
"01/03/2005","470.35","465.00","472.45","463.10","1.54M","+1.83%"
"12/31/2004","461.90","459.00","465.95","459.00","1.34M","+0.98%"
"12/30/2004","457.40","463.00","468.00","456.00","1.66M","-0.92%"
"12/29/2004","461.65","478.00","478.00","460.50","1.25M","-0.52%"
"12/28/2004","464.05","464.00","471.40","461.55","1.39M","+0.14%"
"12/27/2004","463.40","475.00","475.00","460.15","1.16M","-1.15%"
"12/24/2004","468.80","473.00","476.40","466.25","1.65M","+0.40%"
"12/23/2004","466.95","470.00","472.40","464.20","1.52M","-0.93%"
"12/22/2004","471.35","463.00","475.40","458.00","4.20M","+2.47%"
"12/21/2004","460.00","451.25","464.35","451.25","2.41M","+1.29%"
"12/20/2004","454.15","453.00","455.90","446.55","1.49M","+0.66%"
"12/17/2004","451.15","458.00","459.35","446.25","2.31M","-1.05%"
"12/16/2004","455.95","461.00","462.40","454.00","2.28M","-0.71%"
"12/15/2004","459.20","444.00","461.80","444.00","3.91M","+3.94%"
"12/14/2004","441.80","439.00","445.00","435.50","2.16M","+1.27%"
"12/13/2004","436.25","435.00","440.70","434.00","1.56M","-0.31%"
"12/10/2004","437.60","447.00","454.90","433.20","3.60M","-1.85%"
"12/09/2004","445.85","425.00","449.80","423.80","4.57M","+4.79%"
"12/08/2004","425.45","431.00","435.00","424.00","1.74M","-1.33%"
"12/07/2004","431.20","430.00","437.00","422.65","3.00M","+0.35%"
"12/06/2004","429.70","435.70","442.00","426.20","3.18M","-1.07%"
"12/03/2004","434.35","426.00","435.90","420.00","3.93M","+2.02%"
"12/02/2004","425.75","412.10","427.55","412.10","5.98M","+4.24%"
"12/01/2004","408.45","425.00","425.00","402.60","6.94M","-2.77%"
"11/30/2004","420.10","423.00","424.50","413.30","4.86M","+0.27%"
"11/29/2004","418.95","400.00","423.70","398.20","4.59M","+5.03%"
"11/25/2004","398.90","399.00","404.80","394.30","3.70M","+0.77%"
"11/24/2004","395.85","386.90","397.65","386.90","2.84M","+2.19%"
"11/23/2004","387.35","380.20","389.00","380.20","1.75M","+2.53%"
"11/22/2004","377.80","377.90","379.70","372.50","1.47M","-0.74%"
"11/19/2004","380.60","388.50","391.75","378.75","2.24M","-1.89%"
"11/18/2004","387.95","388.00","392.00","386.25","1.74M","-0.05%"
"11/17/2004","388.15","390.00","392.00","385.00","2.70M","-0.21%"
"11/16/2004","388.95","384.00","390.00","381.50","3.25M","+1.98%"
"11/12/2004","381.40","384.80","390.00","378.00","761.01K","+0.09%"
"11/11/2004","381.05","379.70","384.20","378.10","2.71M","+0.78%"
"11/10/2004","378.10","374.90","380.80","374.10","1.95M","+1.11%"
"11/09/2004","373.95","375.00","378.80","371.00","2.13M","-0.84%"
"11/08/2004","377.10","381.00","382.50","376.10","1.85M","-0.58%"
"11/05/2004","379.30","379.50","380.70","375.10","2.01M","-0.52%"
"11/04/2004","381.30","389.90","389.90","377.40","3.42M","+0.87%"
"11/03/2004","378.00","380.20","381.80","375.00","2.39M","-0.43%"
"11/02/2004","379.65","380.00","384.40","378.10","3.34M","+0.25%"
"11/01/2004","378.70","377.00","380.60","373.60","3.59M","+0.79%"
"10/29/2004","375.75","366.50","378.85","366.00","6.42M","+2.95%"
"10/28/2004","365.00","364.05","369.70","364.00","4.39M","+1.54%"
"10/27/2004","359.45","349.50","360.60","346.70","5.40M","+3.32%"
"10/26/2004","347.90","350.00","353.00","338.00","3.95M","-0.16%"
"10/25/2004","348.45","357.90","357.95","347.10","2.35M","-2.56%"
"10/21/2004","357.60","359.00","360.90","354.65","2.38M","-0.46%"
"10/20/2004","359.25","364.80","366.65","358.10","2.54M","-1.06%"
"10/19/2004","363.10","360.00","364.55","357.50","2.35M","+1.55%"
"10/18/2004","357.55","362.50","364.00","356.10","1.88M","-0.78%"
"10/15/2004","360.35","362.00","366.85","358.10","3.10M","+0.13%"
"10/14/2004","359.90","358.00","363.50","355.00","2.69M","+0.69%"
"10/12/2004","357.45","364.00","364.00","355.25","3.90M","-0.78%"
"10/11/2004","360.25","366.00","369.25","358.40","2.36M","-1.57%"
"10/08/2004","366.00","370.00","372.50","364.20","2.63M","-0.89%"
"10/07/2004","369.30","369.65","372.90","366.25","3.39M","+0.15%"
"10/06/2004","368.75","377.30","381.95","367.20","6.58M","-2.38%"
"10/05/2004","377.75","375.00","380.00","372.20","5.04M","+0.69%"
"10/04/2004","375.15","361.00","377.30","361.00","8.30M","+5.17%"
"10/01/2004","356.70","360.95","360.95","353.50","4.10M","+0.69%"
"09/30/2004","354.25","359.00","363.35","353.15","8.09M","-0.58%"
"09/29/2004","356.30","356.90","359.15","352.65","5.42M","-0.38%"
"09/28/2004","357.65","366.90","368.40","356.25","4.52M","-2.69%"
"09/27/2004","367.55","372.00","372.00","365.20","4.41M","-0.34%"
"09/24/2004","368.80","364.50","371.50","363.50","7.27M","+1.56%"
"09/23/2004","363.15","370.05","375.90","361.10","13.91M","-1.75%"
"09/22/2004","369.60","361.00","373.30","352.00","16.59M","+2.80%"
"09/21/2004","359.55","352.30","360.50","352.00","11.51M","+2.44%"
"09/20/2004","351.00","364.00","364.30","349.00","9.37M","-1.98%"
"09/17/2004","358.10","356.00","360.90","356.00","5.67M","+0.89%"
"09/16/2004","354.95","355.00","360.35","353.25","5.70M","+0.11%"
"09/15/2004","354.55","357.00","360.90","348.05","16.58M","-0.07%"
"09/14/2004","354.80","378.05","380.00","353.10","13.27M","-6.34%"
"09/13/2004","378.80","394.00","396.00","376.60","6.75M","-3.52%"
"09/10/2004","392.60","386.00","393.50","381.80","4.54M","+1.84%"
"09/09/2004","385.50","394.90","395.40","384.65","3.63M","-1.68%"
"09/08/2004","392.10","393.45","395.80","389.15","3.59M","-0.34%"
"09/07/2004","393.45","395.00","397.00","391.60","2.99M","-1.02%"
"09/06/2004","397.50","390.50","401.40","390.50","4.81M","+2.16%"
"09/03/2004","389.10","390.00","390.75","384.00","3.59M","+0.13%"
"09/02/2004","388.60","388.00","394.35","385.40","4.82M","+0.00%"
"09/01/2004","388.60","383.00","389.80","382.50","5.34M","+1.79%"
"08/31/2004","381.75","382.15","384.90","375.20","5.09M","+0.05%"
"08/30/2004","381.55","368.00","383.00","365.30","5.81M","+5.71%"
"08/27/2004","360.95","363.00","365.90","354.65","5.29M","-0.25%"
"08/26/2004","361.85","363.25","366.80","358.20","4.67M","+0.46%"
"08/25/2004","360.20","363.00","366.95","356.30","4.76M","-0.72%"
"08/24/2004","362.80","363.10","371.80","361.25","5.04M","+0.51%"
"08/23/2004","360.95","373.70","379.40","358.00","5.03M","-2.93%"
"08/20/2004","371.85","385.00","385.25","369.55","4.73M","-3.48%"
"08/19/2004","385.25","380.00","386.80","378.80","3.73M","+1.93%"
"08/18/2004","377.95","386.10","387.85","376.65","3.72M","-2.30%"
"08/17/2004","386.85","390.25","394.65","382.70","3.84M","-0.08%"
"08/16/2004","387.15","397.70","397.70","385.00","5.98M","+0.00%"
"08/13/2004","387.15","397.70","397.70","385.00","5.98M","-1.73%"
"08/12/2004","393.95","401.80","403.80","390.65","5.75M","-1.94%"
"08/11/2004","401.75","414.00","414.90","400.30","5.71M","-2.95%"
"08/10/2004","413.95","405.50","416.40","405.50","6.82M","+2.70%"
"08/09/2004","403.05","400.00","405.95","394.25","6.61M","+0.88%"
"08/06/2004","399.55","414.00","421.80","398.20","9.89M","-3.50%"
"08/05/2004","414.05","415.00","416.40","409.75","6.04M","+0.45%"
"08/04/2004","412.20","423.20","423.70","410.55","5.21M","-2.06%"
"08/03/2004","420.85","424.00","428.35","418.00","4.40M","-0.56%"
"08/02/2004","423.20","426.10","431.80","421.25","3.20M","-0.31%"
"07/30/2004","424.50","420.00","428.80","418.50","3.06M","+1.70%"
"07/29/2004","417.40","422.00","422.50","414.50","4.32M","-0.52%"
"07/28/2004","419.60","429.00","432.00","417.30","4.43M","-2.26%"
"07/27/2004","429.30","434.90","438.20","427.15","5.10M","-0.50%"
"07/26/2004","431.45","425.00","440.00","423.00","5.51M","+1.41%"
"07/23/2004","425.45","422.10","428.20","418.00","4.35M","+0.84%"
"07/22/2004","421.90","432.00","436.90","418.10","4.97M","-1.17%"
"07/21/2004","426.90","421.30","435.00","420.05","3.57M","+1.64%"
"07/20/2004","420.00","422.00","426.00","417.15","4.04M","-1.40%"
"07/19/2004","425.95","425.40","433.80","422.55","5.19M","+0.22%"
"07/16/2004","425.00","425.00","428.50","419.05","4.73M","+1.47%"
"07/15/2004","418.85","418.80","422.85","414.10","6.45M","+0.18%"
"07/14/2004","418.10","419.00","425.45","415.00","6.77M","-0.20%"
"07/13/2004","418.95","429.00","430.00","414.25","4.84M","-2.75%"
"07/12/2004","430.80","360.00","433.80","360.00","3.79M","+0.62%"
"07/09/2004","428.15","380.00","431.80","380.00","6.65M","+6.27%"
"07/08/2004","402.90","421.00","425.00","395.00","8.14M","-4.23%"
"07/07/2004","420.70","408.00","422.40","406.25","8.59M","+2.80%"
"07/06/2004","409.25","398.05","410.95","398.05","6.07M","+2.03%"
"07/05/2004","401.10","407.60","412.95","398.65","7.13M","-0.96%"
"07/02/2004","405.00","401.00","408.60","397.00","8.23M","-0.02%"
"07/01/2004","405.10","405.25","409.00","396.10","8.07M","+0.47%"
"06/30/2004","403.20","396.00","408.35","395.55","9.77M","+1.84%"
"06/29/2004","395.90","390.15","400.00","386.65","8.52M","+0.96%"
"06/28/2004","392.15","386.40","394.45","378.30","6.70M","+1.74%"
"06/25/2004","385.45","384.00","391.90","375.50","7.25M","+0.98%"
"06/24/2004","381.70","363.35","384.50","360.25","10.25M","+4.65%"
"06/23/2004","364.75","380.00","383.95","362.05","8.59M","-21.21%"
"05/21/2004","462.95","471.40","474.40","455.00","5.98M","-1.83%"
"05/20/2004","471.60","460.10","479.95","441.55","7.21M","+1.98%"
"05/19/2004","462.45","465.00","488.00","453.70","6.24M","+3.44%"
"05/18/2004","447.05","410.00","455.95","406.00","8.70M","+11.60%"
"05/17/2004","400.60","421.40","444.65","300.00","7.35M","-6.17%"
"05/14/2004","426.95","483.00","488.35","412.00","10.76M","-10.34%"
"05/13/2004","476.20","469.90","503.80","442.30","10.89M","-1.46%"
"05/12/2004","483.25","475.00","489.90","470.15","6.31M","+1.17%"
"05/11/2004","477.65","500.25","500.25","467.15","4.76M","-5.59%"
"05/10/2004","505.95","519.90","520.00","502.10","6.83M","-3.79%"
"05/07/2004","525.90","550.00","551.00","522.30","5.54M","-4.62%"
"05/06/2004","551.35","555.00","558.70","547.65","3.82M","+0.96%"
"05/05/2004","546.10","542.00","551.60","540.00","4.22M","+0.32%"
"05/04/2004","544.35","540.00","556.45","539.00","5.96M","+1.74%"
"05/03/2004","535.05","542.00","543.80","514.80","8.44M","-1.74%"
"04/30/2004","544.50","569.00","575.70","535.10","5.23M","-4.97%"
"04/29/2004","573.00","555.00","580.00","555.00","4.88M","+2.36%"
"04/28/2004","559.80","556.90","572.00","554.20","5.84M","+0.21%"
"04/27/2004","558.60","579.90","579.90","556.60","3.96M","-3.73%"
"04/23/2004","580.25","591.00","599.80","575.35","4.81M","-1.42%"
"04/22/2004","588.60","563.30","593.00","556.05","6.16M","+4.50%"
"04/21/2004","563.25","541.05","570.80","538.00","4.45M","+4.19%"
"04/20/2004","540.60","549.00","549.70","536.00","2.45M","-1.69%"
"04/19/2004","549.90","541.50","554.00","540.15","4.30M","+1.52%"
"04/16/2004","541.65","548.40","548.70","539.00","1.94M","-1.18%"
"04/15/2004","548.10","534.70","555.00","531.30","4.14M","+2.49%"
"04/13/2004","534.80","530.00","537.20","520.55","2.52M","+0.97%"
"04/12/2004","529.65","531.55","542.00","526.00","1.42M","-1.18%"
"04/08/2004","536.00","530.00","541.85","526.40","3.87M","+0.81%"
"04/07/2004","531.70","541.00","545.50","526.55","3.66M","-1.37%"
"04/06/2004","539.10","548.45","548.45","531.55","4.13M","-0.61%"
"04/05/2004","542.40","522.00","548.70","522.00","4.71M","+3.98%"
"04/02/2004","521.65","518.00","525.90","515.05","5.06M","+0.88%"
"04/01/2004","517.10","497.00","519.70","496.50","4.82M","+3.95%"
"03/31/2004","497.45","477.55","499.40","476.60","5.16M","+3.98%"
"03/30/2004","478.40","490.00","494.00","476.00","4.04M","-2.91%"
"03/29/2004","492.75","488.40","497.85","479.00","3.60M","+0.68%"
"03/26/2004","489.40","478.30","494.00","478.30","4.10M","+2.32%"
"03/25/2004","478.30","453.55","490.90","452.90","4.70M","+6.23%"
"03/24/2004","450.25","450.00","454.85","442.65","3.77M","+0.35%"
"03/23/2004","448.70","444.90","458.40","436.65","5.93M","+1.22%"
"03/22/2004","443.30","469.00","477.50","440.20","4.94M","-6.03%"
"03/19/2004","471.75","480.25","485.00","466.95","6.07M","-1.83%"
"03/18/2004","480.55","487.00","488.00","477.10","4.84M","-0.59%"
"03/17/2004","483.40","480.05","487.50","476.20","4.51M","+1.11%"
"03/16/2004","478.10","474.90","489.00","468.10","6.94M","-1.18%"
"03/15/2004","483.80","511.00","515.50","472.00","5.65M","-4.59%"
"03/12/2004","507.05","501.80","509.90","491.10","5.90M","+0.36%"
"03/11/2004","505.25","504.00","510.90","502.00","5.65M","-0.78%"
"03/10/2004","509.20","513.50","516.50","470.10","5.67M","-1.43%"
"03/09/2004","516.60","431.00","527.70","431.00","4.96M","-1.57%"
"03/08/2004","524.85","531.20","533.85","523.05","4.09M","-0.88%"
"03/05/2004","529.50","522.15","531.70","522.00","4.74M","+1.55%"
"03/04/2004","521.40","531.00","534.40","517.05","6.96M","-1.49%"
"03/03/2004","529.30","517.00","531.65","513.60","7.81M","+2.87%"
"03/01/2004","514.55","502.15","516.00","502.15","6.09M","+2.90%"
"02/27/2004","500.05","588.00","588.00","490.35","8.06M","+0.90%"
"02/26/2004","495.60","492.70","504.50","488.50","7.34M","+1.55%"
"02/25/2004","488.05","501.90","501.95","484.10","8.75M","-2.58%"
"02/24/2004","501.00","493.90","505.30","485.55","13.36M","+1.24%"
"02/23/2004","494.85","519.85","521.90","491.15","8.58M","-3.43%"
"02/20/2004","512.45","494.00","519.50","487.50","12.52M","+2.49%"
"02/19/2004","500.00","518.00","518.15","497.15","8.12M","-3.51%"
"02/18/2004","518.20","514.25","523.90","513.00","6.77M","+1.42%"
"02/17/2004","510.95","517.00","517.90","502.00","9.30M","-1.64%"
"02/16/2004","519.45","497.00","522.90","493.50","9.89M","+5.09%"
"02/13/2004","494.30","481.50","500.80","474.70","6.09M","+2.84%"
"02/12/2004","480.65","474.05","483.80","471.00","6.11M","+1.44%"
"02/11/2004","473.85","463.10","475.85","461.00","5.37M","+2.87%"
"02/10/2004","460.65","466.10","469.00","452.10","6.84M","-1.07%"
"02/09/2004","465.65","445.00","469.90","445.00","6.51M","+3.79%"
"02/06/2004","448.65","438.50","450.70","433.75","6.81M","+3.49%"
"02/05/2004","433.50","441.00","453.00","427.00","9.80M","-2.04%"
"02/04/2004","442.55","410.00","446.00","410.00","8.96M","+8.88%"
"02/03/2004","406.45","435.95","442.00","400.55","7.11M","-5.86%"
"01/30/2004","431.75","400.10","444.70","400.10","8.15M","-0.47%"
"01/29/2004","433.80","420.00","441.50","414.35","10.13M","+3.61%"
"01/28/2004","418.70","436.90","438.80","413.60","9.71M","-2.93%"
"01/27/2004","431.35","424.70","437.80","341.10","7.13M","+3.83%"
"01/23/2004","415.45","377.00","420.00","374.50","9.64M","+11.86%"
"01/22/2004","371.40","379.00","399.40","366.60","7.53M","-2.70%"
"01/21/2004","381.70","406.00","413.90","375.00","6.79M","-5.88%"
"01/20/2004","405.55","428.80","431.40","400.05","7.23M","-4.44%"
"01/19/2004","424.40","402.10","430.85","391.50","7.85M","+5.80%"
"01/16/2004","401.15","434.80","440.00","397.00","6.11M","-6.95%"
"01/15/2004","431.10","454.65","454.65","427.40","5.99M","-0.71%"
"01/14/2004","434.20","425.00","437.90","425.00","3.26M","+2.56%"
"01/13/2004","423.35","420.00","428.00","406.70","4.97M","+1.05%"
"01/12/2004","418.95","439.10","445.90","415.85","2.83M","-4.72%"
"01/09/2004","439.70","410.00","448.00","406.00","7.71M","+9.83%"
"01/08/2004","400.35","386.20","404.95","386.20","3.54M","+4.79%"
"01/07/2004","382.05","372.70","385.00","364.50","2.86M","+3.24%"
"01/06/2004","370.05","380.05","384.70","365.60","1.49M","-2.71%"
"01/05/2004","380.35","383.00","390.40","379.00","2.98M","-0.01%"
"01/02/2004","380.40","377.70","385.70","377.20","2.62M","+1.45%"
"01/01/2004","374.95","378.00","381.45","374.10","2.15M","-0.07%"
"12/31/2003","375.20","373.70","379.00","368.30","2.09M","+1.08%"
"12/30/2003","371.20","386.90","386.90","367.50","2.28M","-3.02%"
"12/29/2003","382.75","371.00","384.00","371.00","3.24M","+3.64%"
"12/26/2003","369.30","360.90","370.95","357.00","3.18M","+3.94%"
"12/24/2003","355.30","360.50","362.90","353.55","3.13M","-0.99%"
"12/23/2003","358.85","362.00","375.05","357.50","2.80M","+0.24%"
"12/22/2003","358.00","359.00","361.80","356.20","2.01M","-0.38%"
"12/19/2003","359.35","366.45","366.85","357.65","2.51M","-1.17%"
"12/18/2003","363.60","359.00","365.35","355.70","2.28M","+1.86%"
"12/17/2003","356.95","357.00","363.70","355.15","2.85M","-0.10%"
"12/16/2003","357.30","361.50","361.50","353.10","2.09M","-0.96%"
"12/15/2003","360.75","364.50","366.80","358.50","2.13M","-0.76%"
"12/12/2003","363.50","366.70","367.00","357.00","3.01M","-0.25%"
"12/11/2003","364.40","370.00","370.40","362.00","2.25M","-0.61%"
"12/10/2003","366.65","368.50","372.35","363.25","3.59M","+0.07%"
"12/09/2003","366.40","360.00","370.50","356.20","2.69M","+3.12%"
"12/08/2003","355.30","356.00","362.00","347.65","2.68M","+0.31%"
"12/05/2003","354.20","364.60","367.00","352.20","3.31M","-2.26%"
"12/04/2003","362.40","358.25","364.80","355.25","4.95M","+1.26%"
"12/03/2003","357.90","356.40","363.90","354.00","3.99M","+1.24%"
"12/02/2003","353.50","365.00","367.00","348.10","4.50M","-0.72%"
"12/01/2003","356.05","347.25","357.80","346.85","4.41M","+3.32%"
"11/28/2003","344.60","343.40","352.00","342.15","3.61M","+1.14%"
"11/27/2003","340.70","340.00","347.00","338.40","5.07M","+1.01%"
"11/25/2003","337.30","330.55","338.50","328.65","5.02M","+3.07%"
"11/24/2003","327.25","328.70","333.00","324.00","5.29M","+0.99%"
"11/21/2003","324.05","324.00","327.00","314.10","8.10M","+0.31%"
"11/20/2003","323.05","331.95","339.05","321.00","5.48M","-2.28%"
"11/19/2003","330.60","346.00","346.00","329.00","4.67M","-3.91%"
"11/18/2003","344.05","353.00","354.40","340.00","4.67M","-1.70%"
"11/17/2003","350.00","340.65","353.50","337.00","4.08M","+6.29%"
"11/14/2003","329.30","346.00","346.50","326.15","4.83M","-5.03%"
"11/13/2003","346.75","344.95","356.70","338.00","7.98M","+1.11%"
"11/12/2003","342.95","338.05","347.00","338.05","3.30M","+0.66%"
"11/11/2003","340.70","343.75","346.85","338.35","3.26M","-0.29%"
"11/10/2003","341.70","337.00","345.00","327.10","1.95M","+2.54%"
"11/07/2003","333.25","340.90","343.40","331.25","4.58M","-1.54%"
"11/06/2003","338.45","340.00","345.70","334.00","6.12M","+0.70%"
"11/05/2003","336.10","350.00","350.00","330.10","7.28M","-3.83%"
"11/04/2003","349.50","355.00","356.60","345.20","7.88M","+0.55%"
"11/03/2003","347.60","324.00","349.50","324.00","9.82M","+7.85%"
"10/31/2003","322.30","307.80","324.20","306.50","9.92M","+5.36%"
"10/30/2003","305.90","306.50","310.70","302.00","7.11M","+0.30%"
"10/29/2003","305.00","291.45","308.30","286.20","8.00M","+6.53%"
"10/28/2003","286.30","283.00","291.90","277.80","5.64M","+1.09%"
"10/27/2003","283.20","294.90","298.00","281.60","5.83M","-0.63%"
"10/24/2003","285.00","265.00","291.00","260.00","5.23M","+8.04%"
"10/23/2003","263.80","264.50","273.25","261.65","3.11M","+0.04%"
"10/22/2003","263.70","263.95","279.00","260.55","2.57M","+0.94%"
"10/21/2003","261.25","276.10","279.00","257.00","3.22M","-4.91%"
"10/20/2003","274.75","282.00","284.80","273.30","2.19M","-2.67%"
"10/17/2003","282.30","280.55","286.40","275.45","4.13M","+2.21%"
"10/16/2003","276.20","273.70","281.30","272.50","4.10M","+2.11%"
"10/15/2003","270.50","264.90","272.70","261.30","3.48M","+2.11%"
"10/14/2003","264.90","278.00","278.60","262.80","5.12M","-4.06%"
"10/13/2003","276.10","273.00","280.35","272.00","3.69M","+2.60%"
"10/10/2003","269.10","260.65","272.40","259.80","3.71M","+4.28%"
"10/09/2003","258.05","240.85","259.75","240.85","6.99M","+7.41%"
"10/08/2003","240.25","238.75","245.00","237.10","1.86M","+1.14%"
"10/07/2003","237.55","244.00","246.40","236.05","2.44M","-1.55%"
"10/06/2003","241.30","236.60","242.35","235.00","3.09M","+2.94%"
"10/03/2003","234.40","229.00","235.00","228.90","2.51M","+2.60%"
"10/01/2003","228.45","232.00","233.00","227.10","2.40M","-1.76%"
"09/30/2003","232.55","230.00","233.35","228.00","3.59M","+2.35%"
"09/29/2003","227.20","216.00","229.45","215.15","3.71M","+5.77%"
"09/26/2003","214.80","214.40","217.85","213.10","2.53M","+0.51%"
"09/25/2003","213.70","220.10","220.10","211.50","1.92M","-2.84%"
"09/24/2003","219.95","216.00","221.00","213.10","2.13M","+3.19%"
"09/23/2003","213.15","210.30","214.40","208.20","1.77M","+1.16%"
"09/22/2003","210.70","206.00","212.80","205.75","2.58M","+2.41%"
"09/19/2003","205.75","207.00","210.40","198.80","3.44M","+0.07%"
"09/18/2003","205.60","215.90","215.90","203.40","2.81M","-4.84%"
"09/17/2003","216.05","212.50","219.50","209.25","3.80M","+3.62%"
"09/16/2003","208.50","207.00","210.00","195.10","4.00M","+0.07%"
"09/15/2003","208.35","219.00","221.35","207.10","3.47M","-5.45%"
"09/12/2003","220.35","228.00","228.50","219.10","2.50M","-2.35%"
"09/11/2003","225.65","230.00","230.10","225.00","1.09M","-0.94%"
"09/10/2003","227.80","227.75","230.40","225.80","1.48M","-0.18%"
"09/09/2003","228.20","230.00","235.00","225.80","2.03M","-0.24%"
"09/08/2003","228.75","231.00","233.90","227.15","1.82M","-0.24%"
"09/05/2003","229.30","223.90","230.00","222.40","2.97M","+3.50%"
"09/04/2003","221.55","223.00","225.70","218.45","3.68M","-0.56%"
"09/03/2003","222.80","227.10","231.75","221.00","3.95M","-1.66%"
"09/02/2003","226.55","234.85","234.85","224.10","3.98M","-3.82%"
"09/01/2003","235.55","236.40","237.00","231.70","2.48M","+0.06%"
"08/29/2003","235.40","232.05","238.50","231.50","3.21M","+3.22%"
"08/28/2003","228.05","235.75","235.75","226.00","3.55M","-2.67%"
"08/27/2003","234.30","235.40","237.60","233.00","2.27M","+0.80%"
"08/26/2003","232.45","217.00","235.00","217.00","3.97M","+5.16%"
"08/25/2003","221.05","230.00","231.45","216.10","4.83M","-3.60%"
"08/22/2003","229.30","228.05","232.80","225.90","4.44M","+0.59%"
"08/21/2003","227.95","227.00","228.90","223.30","4.01M","+1.31%"
"08/20/2003","225.00","217.40","226.45","217.30","6.05M","+4.34%"
"08/19/2003","215.65","219.85","219.90","215.00","3.08M","-0.58%"
"08/18/2003","216.90","218.10","221.00","215.40","3.38M","+0.16%"
"08/14/2003","216.55","223.00","224.40","215.00","6.30M","-0.57%"
"08/13/2003","217.80","213.00","219.50","212.00","7.84M","+3.49%"
"08/12/2003","210.45","203.80","212.00","203.50","8.22M","+4.08%"
"08/11/2003","202.20","198.10","203.80","196.00","5.65M","+2.56%"
"08/08/2003","197.15","197.00","198.90","196.00","2.53M","+0.90%"
"08/07/2003","195.40","193.50","196.00","192.25","3.22M","+1.98%"
"08/06/2003","191.60","191.50","197.50","189.85","7.45M","-1.03%"
"08/05/2003","193.60","199.00","203.45","192.85","9.65M","-2.02%"
"08/04/2003","197.60","187.85","198.50","185.00","9.98M","+5.58%"
"08/01/2003","187.15","182.00","189.00","178.75","8.03M","+3.48%"
"07/31/2003","180.85","181.70","183.65","179.65","3.56M","-0.14%"
"07/30/2003","181.10","181.25","184.75","180.10","4.63M","+0.44%"
"07/29/2003","180.30","179.95","182.90","179.10","5.23M","+0.81%"
"07/28/2003","178.85","188.00","188.00","175.10","5.42M","+2.99%"
"07/25/2003","173.65","174.40","175.00","172.10","2.83M","-0.26%"
"07/24/2003","174.10","175.90","177.00","172.85","4.31M","-0.34%"
"07/23/2003","174.70","170.50","178.00","169.80","13.26M","+4.45%"
"07/22/2003","167.25","164.00","169.15","162.10","4.63M","+1.43%"
"07/21/2003","164.90","169.00","169.40","163.05","3.32M","-1.49%"
"07/18/2003","167.40","165.00","171.90","160.00","5.38M","-2.79%"
"07/17/2003","172.20","177.50","178.00","170.65","3.81M","-2.77%"
"07/16/2003","177.10","176.45","179.10","175.35","3.76M","+0.51%"
"07/15/2003","176.20","200.00","200.00","173.00","6.17M","-0.98%"
"07/14/2003","177.95","174.25","179.25","174.25","5.98M","+2.65%"
"07/11/2003","173.35","167.75","174.85","166.25","11.74M","+3.80%"
"07/10/2003","167.00","167.00","168.70","164.50","10.46M","+1.64%"
"07/09/2003","164.30","164.90","170.40","155.00","35.16M","+0.00%"
